6.748681640625000000e+01
6.727427673339843750e+01
6.706175231933593750e+01
6.684920501708984375e+01
6.663668060302734375e+01
6.642414093017578125e+01
6.621160888671875000e+01
6.599908447265625000e+01
6.578655242919921875e+01
6.557402038574218750e+01
6.536148834228515625e+01
6.514894866943359375e+01
6.493654632568359375e+01
6.472414398193359375e+01
6.451174163818359375e+01
6.429937744140625000e+01
6.408715820312500000e+01
6.387493133544921875e+01
6.366274642944335938e+01
6.345067596435546875e+01
6.323870086669921875e+01
6.302683258056640625e+01
6.281506729125976562e+01
6.260328292846679688e+01
6.239149475097656250e+01
6.217960357666015625e+01
6.196759414672851562e+01
6.175506973266601562e+01
6.154195785522460938e+01
6.132864379882812500e+01
6.111494064331054688e+01
6.090044021606445312e+01
6.068487167358398438e+01
6.046763992309570312e+01
6.024852752685546875e+01
6.002636337280273438e+01
5.980142211914062500e+01
5.957244110107421875e+01
5.933863449096679688e+01
5.909952545166015625e+01
5.885752487182617188e+01
5.861204910278320312e+01
5.836339950561523438e+01
5.811277770996093750e+01
5.786097717285156250e+01
5.760945510864257812e+01
5.735951995849609375e+01
5.711115264892578125e+01
5.686462020874023438e+01
5.662104797363281250e+01
5.637968063354492188e+01
5.614126586914062500e+01
5.590397262573242188e+01
5.566868209838867188e+01
5.543440246582031250e+01
5.520004653930664062e+01
5.496498107910156250e+01
5.471612548828125000e+01
5.443148803710937500e+01
5.413908386230468750e+01
5.384229278564453125e+01
5.354061126708984375e+01
5.323246383666992188e+01
5.291727447509765625e+01
5.259664154052734375e+01
5.226906585693359375e+01
5.193630981445312500e+01
5.159790802001953125e+01
5.125479125976562500e+01
5.090729522705078125e+01
5.055697250366210938e+01
5.020305633544921875e+01
4.984786987304687500e+01
4.949043655395507812e+01
4.913280868530273438e+01
4.877321624755859375e+01
4.841132736206054688e+01
4.804859542846679688e+01
4.768406677246093750e+01
4.731835556030273438e+01
4.695053863525390625e+01
4.658211135864257812e+01
4.621124267578125000e+01
4.584154129028320312e+01
4.547055435180664062e+01
4.509706115722656250e+01
4.472520065307617188e+01
4.435477066040039062e+01
4.398556518554687500e+01
4.362159347534179688e+01
4.326211547851562500e+01
4.290835952758789062e+01
4.255902862548828125e+01
4.220990753173828125e+01
4.186199569702148438e+01
4.151603317260742188e+01
4.116770172119140625e+01
4.081943893432617188e+01
4.046971130371093750e+01
4.011819839477539062e+01
