6.925572967529296875e+01
6.896570587158203125e+01
6.867637634277343750e+01
6.838761901855468750e+01
6.809965515136718750e+01
6.781269073486328125e+01
6.752699279785156250e+01
6.724235534667968750e+01
6.695929718017578125e+01
6.667767333984375000e+01
6.639794158935546875e+01
6.612030029296875000e+01
6.584439086914062500e+01
6.557038879394531250e+01
6.529854583740234375e+01
6.502878570556640625e+01
6.476158905029296875e+01
6.449633789062500000e+01
6.423311614990234375e+01
6.397149276733398438e+01
6.371161651611328125e+01
6.345335006713867188e+01
6.319688034057617188e+01
6.294232940673828125e+01
6.268959808349609375e+01
6.243501281738281250e+01
6.217966079711914062e+01
6.192557144165039062e+01
6.167302322387695312e+01
6.142161941528320312e+01
6.117159652709960938e+01
6.092307281494140625e+01
6.067604064941406250e+01
6.043004226684570312e+01
6.018519592285156250e+01
5.994123077392578125e+01
5.969820785522460938e+01
5.945491790771484375e+01
5.921086120605468750e+01
5.896489334106445312e+01
5.871658706665039062e+01
5.846729660034179688e+01
5.821721649169921875e+01
5.796629333496093750e+01
5.771639251708984375e+01
5.746936035156250000e+01
5.722426223754882812e+01
5.698017501831054688e+01
5.673497009277343750e+01
5.648751068115234375e+01
5.623805999755859375e+01
5.598519134521484375e+01
5.572823333740234375e+01
5.546930694580078125e+01
5.520426177978515625e+01
5.493301010131835938e+01
5.465645217895507812e+01
5.437422561645507812e+01
5.408696365356445312e+01
5.379707717895507812e+01
5.349954223632812500e+01
5.319702529907226562e+01
5.288969039916992188e+01
5.257579421997070312e+01
5.226416015625000000e+01
5.195116043090820312e+01
5.163109970092773438e+01
5.130443954467773438e+01
5.096940994262695312e+01
5.062732696533203125e+01
5.027988815307617188e+01
4.992551040649414062e+01
4.956810379028320312e+01
4.920586776733398438e+01
4.884867477416992188e+01
4.849152755737304688e+01
4.813164901733398438e+01
4.776879882812500000e+01
4.740443801879882812e+01
4.704079437255859375e+01
4.667433929443359375e+01
4.630428314208984375e+01
4.593505859375000000e+01
4.556466293334960938e+01
4.519920349121093750e+01
4.484057235717773438e+01
4.448359298706054688e+01
4.413047027587890625e+01
4.377930068969726562e+01
4.343029403686523438e+01
4.308320999145507812e+01
4.273902511596679688e+01
4.240032196044921875e+01
4.206439208984375000e+01
4.173160171508789062e+01
4.140038299560546875e+01
4.106913757324218750e+01
4.074021530151367188e+01
4.041704940795898438e+01
4.009609603881835938e+01
