6.686423492431640625e+01
6.660363769531250000e+01
6.634402465820312500e+01
6.608562469482421875e+01
6.582776641845703125e+01
6.557051086425781250e+01
6.531418609619140625e+01
6.505894470214843750e+01
6.480500793457031250e+01
6.455270385742187500e+01
6.430197906494140625e+01
6.405321502685546875e+01
6.380648040771484375e+01
6.356193161010742188e+01
6.331912231445312500e+01
6.307783889770507812e+01
6.283790588378906250e+01
6.259884643554687500e+01
6.236101913452148438e+01
6.212459945678710938e+01
6.188929367065429688e+01
6.165509796142578125e+01
6.142229843139648438e+01
6.119062805175781250e+01
6.096000289916992188e+01
6.073035049438476562e+01
6.050185012817382812e+01
6.027462005615234375e+01
6.004829406738281250e+01
5.982291030883789062e+01
5.959876251220703125e+01
5.937545013427734375e+01
5.915245437622070312e+01
5.892903518676757812e+01
5.870539474487304688e+01
5.848082733154296875e+01
5.825399398803710938e+01
5.802495193481445312e+01
5.779321289062500000e+01
5.755873107910156250e+01
5.732186889648437500e+01
5.708163452148437500e+01
5.683862304687500000e+01
5.659268569946289062e+01
5.634378433227539062e+01
5.609213638305664062e+01
5.583848571777343750e+01
5.558203887939453125e+01
5.532191467285156250e+01
5.505881500244140625e+01
5.479385375976562500e+01
5.452686691284179688e+01
5.425751113891601562e+01
5.398720550537109375e+01
5.371646499633789062e+01
5.344609832763671875e+01
5.317777633666992188e+01
5.291069793701171875e+01
5.264346694946289062e+01
5.237228393554687500e+01
5.209233856201171875e+01
5.180126953125000000e+01
5.149885940551757812e+01
5.118908691406250000e+01
5.087219619750976562e+01
5.054953765869140625e+01
5.022446441650390625e+01
4.989212799072265625e+01
4.955287170410156250e+01
4.920753479003906250e+01
4.885531616210937500e+01
4.849832916259765625e+01
4.813643264770507812e+01
4.776926803588867188e+01
4.739587020874023438e+01
4.701680374145507812e+01
4.663424301147460938e+01
4.624655532836914062e+01
4.585365676879882812e+01
4.545894241333007812e+01
4.506035995483398438e+01
4.466157531738281250e+01
4.426189422607421875e+01
4.386104202270507812e+01
4.346136856079101562e+01
4.306464767456054688e+01
4.267134475708007812e+01
4.228418350219726562e+01
4.190216445922851562e+01
4.152251052856445312e+01
4.114693450927734375e+01
4.077821350097656250e+01
4.041515731811523438e+01
4.005554199218750000e+01
3.970270538330078125e+01
3.935396957397460938e+01
3.900688934326171875e+01
3.866256713867187500e+01
3.831955718994140625e+01
3.797721481323242188e+01
