6.550431823730468750e+01
6.540201568603515625e+01
6.529911041259765625e+01
6.519549560546875000e+01
6.509119415283203125e+01
6.498654937744140625e+01
6.488157653808593750e+01
6.477484893798828125e+01
6.466582489013671875e+01
6.455345916748046875e+01
6.443857574462890625e+01
6.432162475585937500e+01
6.420271301269531250e+01
6.408199310302734375e+01
6.395986557006835938e+01
6.383694076538085938e+01
6.371319198608398438e+01
6.358789443969726562e+01
6.346062088012695312e+01
6.333091735839843750e+01
6.319966888427734375e+01
6.306662750244140625e+01
6.293173599243164062e+01
6.279521179199218750e+01
6.265673828125000000e+01
6.251587295532226562e+01
6.237232208251953125e+01
6.222587966918945312e+01
6.207525253295898438e+01
6.192064285278320312e+01
6.176080703735351562e+01
6.159645462036132812e+01
6.142809677124023438e+01
6.125629806518554688e+01
6.108069610595703125e+01
6.090150070190429688e+01
6.071813201904296875e+01
6.053101730346679688e+01
6.034006118774414062e+01
6.014482116699218750e+01
5.994485473632812500e+01
5.973964691162109375e+01
5.952891540527343750e+01
5.931259536743164062e+01
5.909193038940429688e+01
5.886762237548828125e+01
5.863924026489257812e+01
5.840737915039062500e+01
5.817247009277343750e+01
5.793480682373046875e+01
5.769387054443359375e+01
5.744938659667968750e+01
5.720252990722656250e+01
5.695389175415039062e+01
5.670438003540039062e+01
5.645630645751953125e+01
5.620618057250976562e+01
5.594729995727539062e+01
5.567496109008789062e+01
5.539441680908203125e+01
5.510818862915039062e+01
5.481521987915039062e+01
5.451611709594726562e+01
5.421318054199218750e+01
5.390945816040039062e+01
5.360426712036132812e+01
5.329773712158203125e+01
5.298973846435546875e+01
5.267738342285156250e+01
5.236068725585937500e+01
5.203709793090820312e+01
5.170329284667968750e+01
5.136207580566406250e+01
5.101313018798828125e+01
5.065861129760742188e+01
5.030032730102539062e+01
4.993999862670898438e+01
4.957603454589843750e+01
4.921041488647460938e+01
4.884247207641601562e+01
4.847231292724609375e+01
4.810113525390625000e+01
4.772656631469726562e+01
4.734796142578125000e+01
4.696586990356445312e+01
4.658295440673828125e+01
4.619640350341796875e+01
4.580888366699218750e+01
4.542122268676757812e+01
4.503293228149414062e+01
4.464526748657226562e+01
4.425849533081054688e+01
4.387527465820312500e+01
4.349530792236328125e+01
4.312045288085937500e+01
4.274878311157226562e+01
4.238209152221679688e+01
4.202262878417968750e+01
4.167138290405273438e+01
4.132635498046875000e+01
