6.673072052001953125e+01
6.653675842285156250e+01
6.634318542480468750e+01
6.615019226074218750e+01
6.595809173583984375e+01
6.576667785644531250e+01
6.557594299316406250e+01
6.538588714599609375e+01
6.519617462158203125e+01
6.500675964355468750e+01
6.481768798828125000e+01
6.462895202636718750e+01
6.444060516357421875e+01
6.425272369384765625e+01
6.406529998779296875e+01
6.387824249267578125e+01
6.369153594970703125e+01
6.350510787963867188e+01
6.331905746459960938e+01
6.313346481323242188e+01
6.294824600219726562e+01
6.276334381103515625e+01
6.257860183715820312e+01
6.239424896240234375e+01
6.221031188964843750e+01
6.202676391601562500e+01
6.184361267089843750e+01
6.166077041625976562e+01
6.147823715209960938e+01
6.129603576660156250e+01
6.111419677734375000e+01
6.093260955810546875e+01
6.075141525268554688e+01
6.057044982910156250e+01
6.038923645019531250e+01
6.020817565917968750e+01
6.002633285522460938e+01
5.984255218505859375e+01
5.965744781494140625e+01
5.946679306030273438e+01
5.927103805541992188e+01
5.907086563110351562e+01
5.886434555053710938e+01
5.865294647216796875e+01
5.843387603759765625e+01
5.820881652832031250e+01
5.797924423217773438e+01
5.774805831909179688e+01
5.751481246948242188e+01
5.728059387207031250e+01
5.704894638061523438e+01
5.681809616088867188e+01
5.658811187744140625e+01
5.635677719116210938e+01
5.612042236328125000e+01
5.587687683105468750e+01
5.562632751464843750e+01
5.536982345581054688e+01
5.510855102539062500e+01
5.483942413330078125e+01
5.456382369995117188e+01
5.428239822387695312e+01
5.399553298950195312e+01
5.369807815551757812e+01
5.338832855224609375e+01
5.306974411010742188e+01
5.274629974365234375e+01
5.241507339477539062e+01
5.207546234130859375e+01
5.172612762451171875e+01
5.137262725830078125e+01
5.101618957519531250e+01
5.065559768676757812e+01
5.029279327392578125e+01
4.992684936523437500e+01
4.955422210693359375e+01
4.917515182495117188e+01
4.879017257690429688e+01
4.840376281738281250e+01
4.801282882690429688e+01
4.761667251586914062e+01
4.721823883056640625e+01
4.681932067871093750e+01
4.641841888427734375e+01
4.601314163208007812e+01
4.560512542724609375e+01
4.519512557983398438e+01
4.478416442871093750e+01
4.437400436401367188e+01
4.396474456787109375e+01
4.355869674682617188e+01
4.315517425537109375e+01
4.275711822509765625e+01
4.236161041259765625e+01
4.196912384033203125e+01
4.158097076416015625e+01
4.119898605346679688e+01
4.082468795776367188e+01
4.045852279663085938e+01
4.009975814819335938e+01
