6.135109710693359375e+01
6.130502700805664062e+01
6.125989532470703125e+01
6.121472167968750000e+01
6.116916656494140625e+01
6.112396621704101562e+01
6.107976913452148438e+01
6.103694915771484375e+01
6.099516296386718750e+01
6.095426559448242188e+01
6.091370391845703125e+01
6.087266540527343750e+01
6.083064651489257812e+01
6.078712844848632812e+01
6.074212265014648438e+01
6.069486999511718750e+01
6.064492797851562500e+01
6.059251403808593750e+01
6.053802871704101562e+01
6.048238754272460938e+01
6.042543411254882812e+01
6.036664581298828125e+01
6.030548095703125000e+01
6.024114608764648438e+01
6.017398452758789062e+01
6.010334777832031250e+01
6.002825164794921875e+01
5.994794082641601562e+01
5.986215972900390625e+01
5.976998901367187500e+01
5.967175674438476562e+01
5.956765747070312500e+01
5.945690155029296875e+01
5.933929443359375000e+01
5.921457290649414062e+01
5.908346557617187500e+01
5.894684982299804688e+01
5.880548095703125000e+01
5.865897750854492188e+01
5.850626373291015625e+01
5.834675216674804688e+01
5.818108749389648438e+01
5.800923538208007812e+01
5.783111953735351562e+01
5.764859390258789062e+01
5.746294021606445312e+01
5.727023696899414062e+01
5.706732940673828125e+01
5.685577392578125000e+01
5.663644790649414062e+01
5.641183090209960938e+01
5.618536376953125000e+01
5.595638656616210938e+01
5.572829055786132812e+01
5.549816131591796875e+01
5.526659774780273438e+01
5.503109741210937500e+01
5.478781127929687500e+01
5.454108047485351562e+01
5.428923416137695312e+01
5.403080749511718750e+01
5.376654052734375000e+01
5.349636840820312500e+01
5.322001647949218750e+01
5.293471527099609375e+01
5.263972473144531250e+01
5.233486938476562500e+01
5.201744842529296875e+01
5.168751144409179688e+01
5.134843063354492188e+01
5.100187683105468750e+01
5.065010452270507812e+01
5.029265213012695312e+01
4.993089294433593750e+01
4.956456375122070312e+01
4.919303894042968750e+01
4.881807327270507812e+01
4.844191741943359375e+01
4.806313323974609375e+01
4.768164443969726562e+01
4.729636764526367188e+01
4.690946197509765625e+01
4.651924896240234375e+01
4.612734985351562500e+01
4.573208999633789062e+01
4.533518981933593750e+01
4.493656539916992188e+01
4.453538513183593750e+01
4.413376998901367188e+01
4.373250198364257812e+01
4.332992553710937500e+01
4.292776107788085938e+01
4.252559661865234375e+01
4.212269592285156250e+01
4.172065353393554688e+01
4.132406616210937500e+01
4.093181228637695312e+01
4.054473114013671875e+01
4.016403579711914062e+01
3.978938293457031250e+01
