6.608634948730468750e+01
6.589282226562500000e+01
6.569800567626953125e+01
6.550234222412109375e+01
6.530595397949218750e+01
6.510861968994140625e+01
6.491063690185546875e+01
6.471243286132812500e+01
6.451430511474609375e+01
6.431629943847656250e+01
6.411856842041015625e+01
6.392158126831054688e+01
6.372494888305664062e+01
6.352869415283203125e+01
6.333266067504882812e+01
6.313697814941406250e+01
6.294136047363281250e+01
6.274582672119140625e+01
6.255068969726562500e+01
6.235623168945312500e+01
6.216230010986328125e+01
6.196908950805664062e+01
6.177663040161132812e+01
6.158464431762695312e+01
6.139323043823242188e+01
6.120234680175781250e+01
6.101174163818359375e+01
6.082150268554687500e+01
6.063134002685546875e+01
6.044108963012695312e+01
6.025032424926757812e+01
6.005892562866210938e+01
5.986617660522460938e+01
5.967198944091796875e+01
5.947581100463867188e+01
5.927691650390625000e+01
5.907574844360351562e+01
5.887291717529296875e+01
5.866601943969726562e+01
5.845376205444335938e+01
5.823722076416015625e+01
5.801559829711914062e+01
5.778938674926757812e+01
5.755698776245117188e+01
5.731902694702148438e+01
5.707932662963867188e+01
5.683773040771484375e+01
5.659538650512695312e+01
5.635501480102539062e+01
5.611485290527343750e+01
5.587571334838867188e+01
5.564025497436523438e+01
5.540941619873046875e+01
5.517912673950195312e+01
5.494791793823242188e+01
5.471802139282226562e+01
5.448769760131835938e+01
5.425623703002929688e+01
5.402253723144531250e+01
5.378519058227539062e+01
5.354508972167968750e+01
5.329848861694335938e+01
5.304490661621093750e+01
5.277976989746093750e+01
5.250196456909179688e+01
5.220988082885742188e+01
5.190669631958007812e+01
5.159212493896484375e+01
5.127252578735351562e+01
5.095001983642578125e+01
5.062249374389648438e+01
5.029245376586914062e+01
4.996147918701171875e+01
4.962686157226562500e+01
4.928595733642578125e+01
4.894150161743164062e+01
4.859187316894531250e+01
4.823659896850585938e+01
4.787718200683593750e+01
4.751238632202148438e+01
4.714357757568359375e+01
4.677154159545898438e+01
4.639390945434570312e+01
4.601506805419921875e+01
4.563478469848632812e+01
4.525073242187500000e+01
4.486827468872070312e+01
4.448492050170898438e+01
4.410079193115234375e+01
4.371630859375000000e+01
4.333119583129882812e+01
4.294655990600585938e+01
4.256380844116210938e+01
4.217988204956054688e+01
4.179191589355468750e+01
4.140456390380859375e+01
4.101760482788085938e+01
4.062987518310546875e+01
4.024107360839843750e+01
3.985230636596679688e+01
