6.916856384277343750e+01
6.890137481689453125e+01
6.863311004638671875e+01
6.836404418945312500e+01
6.809416198730468750e+01
6.782417297363281250e+01
6.755426788330078125e+01
6.728443908691406250e+01
6.701471710205078125e+01
6.674519348144531250e+01
6.647624969482421875e+01
6.620768737792968750e+01
6.593945312500000000e+01
6.567139434814453125e+01
6.540322875976562500e+01
6.513530731201171875e+01
6.486741638183593750e+01
6.459973907470703125e+01
6.433226013183593750e+01
6.406520080566406250e+01
6.379857635498046875e+01
6.353227996826171875e+01
6.326651000976562500e+01
6.300164413452148438e+01
6.273750305175781250e+01
6.247394943237304688e+01
6.221109771728515625e+01
6.194909667968750000e+01
6.168784713745117188e+01
6.142725372314453125e+01
6.116721343994140625e+01
6.090777206420898438e+01
6.064877319335937500e+01
6.039025878906250000e+01
6.013227844238281250e+01
5.987468719482421875e+01
5.961742401123046875e+01
5.936045837402343750e+01
5.910385894775390625e+01
5.884774780273437500e+01
5.859191894531250000e+01
5.833621978759765625e+01
5.808073043823242188e+01
5.782533264160156250e+01
5.757012939453125000e+01
5.731517410278320312e+01
5.706048202514648438e+01
5.680604171752929688e+01
5.655174255371093750e+01
5.629737091064453125e+01
5.604327774047851562e+01
5.578799057006835938e+01
5.552993392944335938e+01
5.526791381835937500e+01
5.500148010253906250e+01
5.472726821899414062e+01
5.444608688354492188e+01
5.415618896484375000e+01
5.385823440551757812e+01
5.355410385131835938e+01
5.324368286132812500e+01
5.292843246459960938e+01
5.261204147338867188e+01
5.229437637329101562e+01
5.197557449340820312e+01
5.165767288208007812e+01
5.133996200561523438e+01
5.102185821533203125e+01
5.069996643066406250e+01
5.037575149536132812e+01
5.004718017578125000e+01
4.971129989624023438e+01
4.936685562133789062e+01
4.901768493652343750e+01
4.866222381591796875e+01
4.830065536499023438e+01
4.792962646484375000e+01
4.755299377441406250e+01
4.717123031616210938e+01
4.678739547729492188e+01
4.639930343627929688e+01
4.600902557373046875e+01
4.561645889282226562e+01
4.522282028198242188e+01
4.483008193969726562e+01
4.444071578979492188e+01
4.405344772338867188e+01
4.366816711425781250e+01
4.328343200683593750e+01
4.290135192871093750e+01
4.252517318725585938e+01
4.215650939941406250e+01
4.179661178588867188e+01
4.144271469116210938e+01
4.109533691406250000e+01
4.075298690795898438e+01
4.041710281372070312e+01
4.008786010742187500e+01
3.976486587524414062e+01
3.944798660278320312e+01
