6.634205627441406250e+01
6.616655731201171875e+01
6.599086761474609375e+01
6.581515502929687500e+01
6.563942718505859375e+01
6.546389007568359375e+01
6.528837585449218750e+01
6.511265563964843750e+01
6.493672180175781250e+01
6.476056671142578125e+01
6.458420562744140625e+01
6.440766906738281250e+01
6.423103332519531250e+01
6.405432128906250000e+01
6.387760543823242188e+01
6.370099639892578125e+01
6.352446746826171875e+01
6.334766769409179688e+01
6.317100143432617188e+01
6.299438476562500000e+01
6.281708145141601562e+01
6.263917922973632812e+01
6.246030426025390625e+01
6.228028488159179688e+01
6.209922027587890625e+01
6.191638183593750000e+01
6.173177719116210938e+01
6.154568862915039062e+01
6.135821533203125000e+01
6.116891098022460938e+01
6.097680664062500000e+01
6.078232192993164062e+01
6.058543395996093750e+01
6.038553619384765625e+01
6.018295669555664062e+01
5.997695922851562500e+01
5.976599121093750000e+01
5.955021286010742188e+01
5.933045578002929688e+01
5.910391235351562500e+01
5.887166976928710938e+01
5.863515472412109375e+01
5.839596939086914062e+01
5.815535736083984375e+01
5.791417312622070312e+01
5.767058181762695312e+01
5.742597198486328125e+01
5.718341064453125000e+01
5.694083023071289062e+01
5.669823455810546875e+01
5.645267486572265625e+01
5.620383071899414062e+01
5.595023345947265625e+01
5.569031524658203125e+01
5.542432403564453125e+01
5.515008163452148438e+01
5.486701965332031250e+01
5.457656478881835938e+01
5.428031921386718750e+01
5.398044967651367188e+01
5.367665100097656250e+01
5.336972045898437500e+01
5.305765151977539062e+01
5.273908233642578125e+01
5.241646194458007812e+01
5.209003448486328125e+01
5.175997924804687500e+01
5.142765808105468750e+01
5.109413146972656250e+01
5.075859832763671875e+01
5.042033767700195312e+01
5.007991790771484375e+01
4.973949432373046875e+01
4.939850997924804688e+01
4.905865859985351562e+01
4.870948028564453125e+01
4.833894348144531250e+01
4.796564865112304688e+01
4.759078216552734375e+01
4.721562194824218750e+01
4.683864974975585938e+01
4.646229553222656250e+01
4.608750915527343750e+01
4.571410369873046875e+01
4.534280776977539062e+01
4.497331237792968750e+01
4.460532379150390625e+01
4.423955535888671875e+01
4.387337875366210938e+01
4.350926589965820312e+01
4.314713668823242188e+01
4.278683090209960938e+01
4.242796325683593750e+01
4.207133865356445312e+01
4.171595382690429688e+01
4.136013412475585938e+01
4.100719070434570312e+01
4.065603256225585938e+01
4.030725860595703125e+01
3.996087646484375000e+01
