7.252092742919921875e+01
7.224740600585937500e+01
7.196849060058593750e+01
7.168502807617187500e+01
7.139812469482421875e+01
7.110791778564453125e+01
7.081481170654296875e+01
7.051860809326171875e+01
7.021989440917968750e+01
6.991909027099609375e+01
6.961625671386718750e+01
6.931167602539062500e+01
6.900544738769531250e+01
6.869672393798828125e+01
6.838560485839843750e+01
6.807313537597656250e+01
6.775938415527343750e+01
6.744492340087890625e+01
6.712979888916015625e+01
6.681378173828125000e+01
6.649715423583984375e+01
6.618024444580078125e+01
6.586275482177734375e+01
6.554505157470703125e+01
6.522725677490234375e+01
6.491049957275390625e+01
6.459429931640625000e+01
6.427971649169921875e+01
6.396664428710937500e+01
6.365489959716796875e+01
6.334514999389648438e+01
6.303659057617187500e+01
6.272886276245117188e+01
6.242154693603515625e+01
6.211431884765625000e+01
6.180684661865234375e+01
6.149869918823242188e+01
6.118930053710937500e+01
6.088148498535156250e+01
6.057391738891601562e+01
6.026586151123046875e+01
5.995669937133789062e+01
5.964666748046875000e+01
5.933655929565429688e+01
5.902727508544921875e+01
5.871732711791992188e+01
5.840758132934570312e+01
5.809822463989257812e+01
5.778982162475585938e+01
5.748184967041015625e+01
5.717425918579101562e+01
5.686642456054687500e+01
5.655790710449218750e+01
5.624923706054687500e+01
5.594000244140625000e+01
5.562985992431640625e+01
5.531952667236328125e+01
5.501031494140625000e+01
5.470145416259765625e+01
5.439188385009765625e+01
5.408295440673828125e+01
5.377408981323242188e+01
5.346557998657226562e+01
5.315734863281250000e+01
5.284934616088867188e+01
5.254159545898437500e+01
5.223458480834960938e+01
5.192797851562500000e+01
5.161811828613281250e+01
5.130033111572265625e+01
5.097357177734375000e+01
5.064094543457031250e+01
5.030161666870117188e+01
4.995809936523437500e+01
4.960788726806640625e+01
4.925292968750000000e+01
4.889384460449218750e+01
4.853170394897460938e+01
4.816494750976562500e+01
4.779431152343750000e+01
4.742274475097656250e+01
4.705074691772460938e+01
4.667789840698242188e+01
4.630563354492187500e+01
4.593485260009765625e+01
4.556685256958007812e+01
4.520178222656250000e+01
4.483733367919921875e+01
4.447614669799804688e+01
4.411843109130859375e+01
4.376767349243164062e+01
4.342221450805664062e+01
4.308208084106445312e+01
4.274726867675781250e+01
4.241595458984375000e+01
4.208787155151367188e+01
4.176390838623046875e+01
4.144428634643554688e+01
4.112949371337890625e+01
4.081894683837890625e+01
