7.015570831298828125e+01
6.977684783935546875e+01
6.940443420410156250e+01
6.903952789306640625e+01
6.868091583251953125e+01
6.832872009277343750e+01
6.798184967041015625e+01
6.763977050781250000e+01
6.730238342285156250e+01
6.696897125244140625e+01
6.664064025878906250e+01
6.631686401367187500e+01
6.599853515625000000e+01
6.568633270263671875e+01
6.537908935546875000e+01
6.507714843750000000e+01
6.478059387207031250e+01
6.448898315429687500e+01
6.420256042480468750e+01
6.392131423950195312e+01
6.364443588256835938e+01
6.337166595458984375e+01
6.310287094116210938e+01
6.283766555786132812e+01
6.257548904418945312e+01
6.231589126586914062e+01
6.205876922607421875e+01
6.180392837524414062e+01
6.155116653442382812e+01
6.130009460449218750e+01
6.105007553100585938e+01
6.080152511596679688e+01
6.055439758300781250e+01
6.030800247192382812e+01
6.006201934814453125e+01
5.981637954711914062e+01
5.957151412963867188e+01
5.932744979858398438e+01
5.908397293090820312e+01
5.884092712402343750e+01
5.859804153442382812e+01
5.835329818725585938e+01
5.810718536376953125e+01
5.785818099975585938e+01
5.760613250732421875e+01
5.735268402099609375e+01
5.709828948974609375e+01
5.684027862548828125e+01
5.657949447631835938e+01
5.631578445434570312e+01
5.604969787597656250e+01
5.578228378295898438e+01
5.551326370239257812e+01
5.524627304077148438e+01
5.498461914062500000e+01
5.472548675537109375e+01
5.446259689331054688e+01
5.419787597656250000e+01
5.392948150634765625e+01
5.366227340698242188e+01
5.339080810546875000e+01
5.311671066284179688e+01
5.283799362182617188e+01
5.255538940429687500e+01
5.226817321777343750e+01
5.197596740722656250e+01
5.167387771606445312e+01
5.136423492431640625e+01
5.104963302612304688e+01
5.072873687744140625e+01
5.039654922485351562e+01
5.005860137939453125e+01
4.971734619140625000e+01
4.937203216552734375e+01
4.901996231079101562e+01
4.866320419311523438e+01
4.830537796020507812e+01
4.794357299804687500e+01
4.758164215087890625e+01
4.722196960449218750e+01
4.686339569091796875e+01
4.650975799560546875e+01
4.616214752197265625e+01
4.582067108154296875e+01
4.548532485961914062e+01
4.515615844726562500e+01
4.483450317382812500e+01
4.452296829223632812e+01
4.422068786621093750e+01
4.392894363403320312e+01
4.364759445190429688e+01
4.336995697021484375e+01
4.310275650024414062e+01
4.284414291381835938e+01
4.259347152709960938e+01
4.235209655761718750e+01
4.211753845214843750e+01
4.188666915893554688e+01
4.166201019287109375e+01
4.144434738159179688e+01
