6.705099487304687500e+01
6.689402770996093750e+01
6.673689270019531250e+01
6.657943725585937500e+01
6.642145538330078125e+01
6.626289367675781250e+01
6.610367584228515625e+01
6.594381713867187500e+01
6.578343200683593750e+01
6.562245178222656250e+01
6.546096801757812500e+01
6.529920959472656250e+01
6.513717651367187500e+01
6.497478485107421875e+01
6.481206512451171875e+01
6.464876556396484375e+01
6.448461151123046875e+01
6.431961059570312500e+01
6.415326690673828125e+01
6.398522949218750000e+01
6.381579971313476562e+01
6.364483261108398438e+01
6.347254943847656250e+01
6.329904174804687500e+01
6.312396240234375000e+01
6.294774627685546875e+01
6.277067184448242188e+01
6.259282684326171875e+01
6.241422271728515625e+01
6.223477554321289062e+01
6.205307388305664062e+01
6.186733245849609375e+01
6.167797088623046875e+01
6.148440170288085938e+01
6.128538513183593750e+01
6.108184814453125000e+01
6.087265014648437500e+01
6.065884399414062500e+01
6.044097900390625000e+01
6.022229766845703125e+01
6.000268936157226562e+01
5.978426742553710938e+01
5.956801223754882812e+01
5.935374832153320312e+01
5.913638687133789062e+01
5.891401672363281250e+01
5.868682098388671875e+01
5.845480728149414062e+01
5.821619033813476562e+01
5.797254943847656250e+01
5.772373580932617188e+01
5.747101593017578125e+01
5.721072769165039062e+01
5.694078063964843750e+01
5.666285705566406250e+01
5.637745666503906250e+01
5.608369064331054688e+01
5.578377532958984375e+01
5.547613525390625000e+01
5.516013336181640625e+01
5.483718872070312500e+01
5.450891876220703125e+01
5.417275238037109375e+01
5.382836914062500000e+01
5.347726821899414062e+01
5.311885452270507812e+01
5.275463485717773438e+01
5.238368225097656250e+01
5.200896453857421875e+01
5.163286209106445312e+01
5.125526046752929688e+01
5.087619018554687500e+01
5.049576187133789062e+01
5.011240768432617188e+01
4.973030090332031250e+01
4.935135650634765625e+01
4.897236633300781250e+01
4.859474563598632812e+01
4.821885299682617188e+01
4.784473800659179688e+01
4.747158050537109375e+01
4.709843826293945312e+01
4.672644805908203125e+01
4.635359573364257812e+01
4.598006439208984375e+01
4.560586166381835938e+01
4.523207855224609375e+01
4.485717391967773438e+01
4.448102951049804688e+01
4.410133743286132812e+01
4.371770477294921875e+01
4.333271408081054688e+01
4.294671630859375000e+01
4.256055450439453125e+01
4.217214965820312500e+01
4.178459167480468750e+01
4.139839553833007812e+01
4.101307296752929688e+01
4.062999343872070312e+01
4.025157546997070312e+01
