6.962445831298828125e+01
6.939774322509765625e+01
6.916605377197265625e+01
6.892906951904296875e+01
6.868838500976562500e+01
6.844445800781250000e+01
6.819769287109375000e+01
6.794882965087890625e+01
6.769742584228515625e+01
6.744329833984375000e+01
6.718549346923828125e+01
6.692407989501953125e+01
6.666041564941406250e+01
6.639451599121093750e+01
6.612668609619140625e+01
6.585843658447265625e+01
6.559015655517578125e+01
6.532210540771484375e+01
6.505338287353515625e+01
6.478426361083984375e+01
6.451453399658203125e+01
6.424441528320312500e+01
6.397412872314453125e+01
6.370297241210937500e+01
6.343038177490234375e+01
6.315752029418945312e+01
6.288400268554687500e+01
6.261017608642578125e+01
6.233655548095703125e+01
6.206289291381835938e+01
6.178940963745117188e+01
6.151591491699218750e+01
6.124259567260742188e+01
6.096917343139648438e+01
6.069655609130859375e+01
6.042440032958984375e+01
6.015194320678710938e+01
5.987839126586914062e+01
5.960401916503906250e+01
5.932866287231445312e+01
5.905291748046875000e+01
5.877740097045898438e+01
5.849961471557617188e+01
5.822104644775390625e+01
5.794232559204101562e+01
5.766271972656250000e+01
5.738302612304687500e+01
5.710070800781250000e+01
5.681769943237304688e+01
5.653557586669921875e+01
5.625394821166992188e+01
5.597307586669921875e+01
5.569472122192382812e+01
5.541652297973632812e+01
5.513665771484375000e+01
5.485505676269531250e+01
5.457130050659179688e+01
5.428612899780273438e+01
5.399750137329101562e+01
5.370436859130859375e+01
5.340575790405273438e+01
5.310091018676757812e+01
5.278919982910156250e+01
5.247090911865234375e+01
5.214186096191406250e+01
5.180818176269531250e+01
5.147002792358398438e+01
5.112497711181640625e+01
5.077499008178710938e+01
5.042150878906250000e+01
5.006495285034179688e+01
4.970943069458007812e+01
4.935440826416015625e+01
4.900025939941406250e+01
4.864416122436523438e+01
4.828391265869140625e+01
4.792129135131835938e+01
4.755485153198242188e+01
4.718875503540039062e+01
4.682365798950195312e+01
4.645991134643554688e+01
4.609582138061523438e+01
4.573303985595703125e+01
4.537102890014648438e+01
4.500949859619140625e+01
4.464876937866210938e+01
4.429169845581054688e+01
4.393669891357421875e+01
4.358207702636718750e+01
4.322755813598632812e+01
4.287489318847656250e+01
4.252681350708007812e+01
4.217920684814453125e+01
4.183368301391601562e+01
4.149076080322265625e+01
4.114874267578125000e+01
4.080932235717773438e+01
4.047222900390625000e+01
4.013708877563476562e+01
3.980283737182617188e+01
