6.946981048583984375e+01
6.927322387695312500e+01
6.907579803466796875e+01
6.887785339355468750e+01
6.867932128906250000e+01
6.848069763183593750e+01
6.828119659423828125e+01
6.808129882812500000e+01
6.788075256347656250e+01
6.767992401123046875e+01
6.747879791259765625e+01
6.727775573730468750e+01
6.707682800292968750e+01
6.687611389160156250e+01
6.667525482177734375e+01
6.647451782226562500e+01
6.627428436279296875e+01
6.607471466064453125e+01
6.587559509277343750e+01
6.567692565917968750e+01
6.547859191894531250e+01
6.528063964843750000e+01
6.508322906494140625e+01
6.488573455810546875e+01
6.468725585937500000e+01
6.448737335205078125e+01
6.428622436523437500e+01
6.408319091796875000e+01
6.387763977050781250e+01
6.367026901245117188e+01
6.346017837524414062e+01
6.324871444702148438e+01
6.303603363037109375e+01
6.282242202758789062e+01
6.260756301879882812e+01
6.239293289184570312e+01
6.217836761474609375e+01
6.196387481689453125e+01
6.175071334838867188e+01
6.153818130493164062e+01
6.132556152343750000e+01
6.111374664306640625e+01
6.090264511108398438e+01
6.069200515747070312e+01
6.048162841796875000e+01
6.027178192138671875e+01
6.005765914916992188e+01
5.983704376220703125e+01
5.960979843139648438e+01
5.937341690063476562e+01
5.912821197509765625e+01
5.887182235717773438e+01
5.860736465454101562e+01
5.833797073364257812e+01
5.806740951538085938e+01
5.779616546630859375e+01
5.752387619018554688e+01
5.725138092041015625e+01
5.697460556030273438e+01
5.669290161132812500e+01
5.640155792236328125e+01
5.609546279907226562e+01
5.577953720092773438e+01
5.545364761352539062e+01
5.512045669555664062e+01
5.478430557250976562e+01
5.444857406616210938e+01
5.410577774047851562e+01
5.375793838500976562e+01
5.340510940551757812e+01
5.304968261718750000e+01
5.268973922729492188e+01
5.232776641845703125e+01
5.196655273437500000e+01
5.160636138916015625e+01
5.124839401245117188e+01
5.089150238037109375e+01
5.053127670288085938e+01
5.015980911254882812e+01
4.978264617919921875e+01
4.940237045288085938e+01
4.902082443237304688e+01
4.864013290405273438e+01
4.826522445678710938e+01
4.789195632934570312e+01
4.751790618896484375e+01
4.714881515502929688e+01
4.678484725952148438e+01
4.642302703857421875e+01
4.606043624877929688e+01
4.569814300537109375e+01
4.533557891845703125e+01
4.497567367553710938e+01
4.461952590942382812e+01
4.426728439331054688e+01
4.391994476318359375e+01
4.357541275024414062e+01
4.323361968994140625e+01
4.289806365966796875e+01
4.256928253173828125e+01
