6.780361175537109375e+01
6.757698822021484375e+01
6.735066223144531250e+01
6.712458801269531250e+01
6.689873504638671875e+01
6.667306518554687500e+01
6.644756317138671875e+01
6.622222137451171875e+01
6.599707794189453125e+01
6.577215576171875000e+01
6.554746246337890625e+01
6.532304382324218750e+01
6.509898376464843750e+01
6.487533569335937500e+01
6.465210723876953125e+01
6.442928314208984375e+01
6.420683288574218750e+01
6.398479080200195312e+01
6.376319122314453125e+01
6.354197311401367188e+01
6.332100296020507812e+01
6.310038375854492188e+01
6.288004302978515625e+01
6.266001129150390625e+01
6.244021606445312500e+01
6.222075271606445312e+01
6.200162124633789062e+01
6.178274536132812500e+01
6.156480789184570312e+01
6.134822845458984375e+01
6.113392639160156250e+01
6.092317581176757812e+01
6.071668243408203125e+01
6.051398086547851562e+01
6.031375122070312500e+01
6.011464309692382812e+01
5.991497802734375000e+01
5.971369934082031250e+01
5.950925827026367188e+01
5.930223846435546875e+01
5.909334564208984375e+01
5.888202667236328125e+01
5.866918182373046875e+01
5.845512008666992188e+01
5.824015045166015625e+01
5.802466201782226562e+01
5.780930328369140625e+01
5.759203338623046875e+01
5.737318420410156250e+01
5.715152359008789062e+01
5.692795944213867188e+01
5.670419692993164062e+01
5.647989654541015625e+01
5.625616836547851562e+01
5.603263092041015625e+01
5.580865859985351562e+01
5.558645629882812500e+01
5.536511230468750000e+01
5.514330291748046875e+01
5.492078018188476562e+01
5.469885253906250000e+01
5.447290039062500000e+01
5.422464370727539062e+01
5.395839309692382812e+01
5.368196868896484375e+01
5.339948654174804688e+01
5.310936737060546875e+01
5.281183624267578125e+01
5.250673675537109375e+01
5.219456481933593750e+01
5.187687301635742188e+01
5.154829788208007812e+01
5.121028518676757812e+01
5.086207962036132812e+01
5.050512695312500000e+01
5.013907623291015625e+01
4.976987075805664062e+01
4.940146636962890625e+01
4.903166198730468750e+01
4.865466690063476562e+01
4.827490234375000000e+01
4.789213562011718750e+01
4.751092529296875000e+01
4.712781524658203125e+01
4.674372863769531250e+01
4.635675811767578125e+01
4.596684646606445312e+01
4.557471847534179688e+01
4.518350219726562500e+01
4.479484558105468750e+01
4.441220855712890625e+01
4.403318786621093750e+01
4.365906524658203125e+01
4.329072952270507812e+01
4.292836761474609375e+01
4.257186889648437500e+01
4.222254180908203125e+01
4.187871170043945312e+01
4.153820037841796875e+01
4.119865417480468750e+01
