6.835230255126953125e+01
6.808425140380859375e+01
6.781673431396484375e+01
6.755009460449218750e+01
6.728464508056640625e+01
6.702066802978515625e+01
6.675825500488281250e+01
6.649757385253906250e+01
6.623812866210937500e+01
6.598012542724609375e+01
6.572364044189453125e+01
6.546888732910156250e+01
6.521511840820312500e+01
6.496231079101562500e+01
6.471031188964843750e+01
6.445985412597656250e+01
6.421063232421875000e+01
6.396266937255859375e+01
6.371616744995117188e+01
6.347044754028320312e+01
6.322551727294921875e+01
6.298120498657226562e+01
6.273764801025390625e+01
6.249446487426757812e+01
6.225194931030273438e+01
6.200995635986328125e+01
6.176839447021484375e+01
6.152780532836914062e+01
6.128777313232421875e+01
6.104832458496093750e+01
6.080953979492187500e+01
6.057122421264648438e+01
6.033340072631835938e+01
6.009532165527343750e+01
5.985676193237304688e+01
5.961729049682617188e+01
5.937709045410156250e+01
5.913520431518554688e+01
5.889033889770507812e+01
5.864293289184570312e+01
5.839345550537109375e+01
5.814104080200195312e+01
5.788622283935546875e+01
5.762905120849609375e+01
5.736927413940429688e+01
5.710674667358398438e+01
5.684172058105468750e+01
5.657421875000000000e+01
5.630401992797851562e+01
5.603043746948242188e+01
5.575191497802734375e+01
5.547148513793945312e+01
5.518880462646484375e+01
5.490360260009765625e+01
5.461672210693359375e+01
5.433028793334960938e+01
5.404433822631835938e+01
5.375903320312500000e+01
5.347453308105468750e+01
5.319211196899414062e+01
5.290909194946289062e+01
5.262135696411132812e+01
5.232350921630859375e+01
5.201456069946289062e+01
5.169876098632812500e+01
5.137961959838867188e+01
5.105659484863281250e+01
5.072848510742187500e+01
5.039398193359375000e+01
5.005713272094726562e+01
4.971562194824218750e+01
4.936839294433593750e+01
4.901499557495117188e+01
4.865397644042968750e+01
4.828312683105468750e+01
4.791007995605468750e+01
4.753826141357421875e+01
4.717082977294921875e+01
4.680427932739257812e+01
4.643703460693359375e+01
4.607075119018554688e+01
4.571006393432617188e+01
4.535216903686523438e+01
4.499882125854492188e+01
4.464901733398437500e+01
4.429905700683593750e+01
4.394602966308593750e+01
4.359231948852539062e+01
4.323599243164062500e+01
4.287282943725585938e+01
4.250517272949218750e+01
4.213399887084960938e+01
4.176009368896484375e+01
4.138852691650390625e+01
4.101533126831054688e+01
4.063988113403320312e+01
4.026329803466796875e+01
3.988562393188476562e+01
3.950671768188476562e+01
3.912871932983398438e+01
