6.550666809082031250e+01
6.539284515380859375e+01
6.527626800537109375e+01
6.515422821044921875e+01
6.502690124511718750e+01
6.489439392089843750e+01
6.475705718994140625e+01
6.461605072021484375e+01
6.447245788574218750e+01
6.432650756835937500e+01
6.417811584472656250e+01
6.402697753906250000e+01
6.387175369262695312e+01
6.371275329589843750e+01
6.355013656616210938e+01
6.338434219360351562e+01
6.321517944335937500e+01
6.304257202148437500e+01
6.286704254150390625e+01
6.268889999389648438e+01
6.250812911987304688e+01
6.232604217529296875e+01
6.214272689819335938e+01
6.195850753784179688e+01
6.177336883544921875e+01
6.158712005615234375e+01
6.139947128295898438e+01
6.121042633056640625e+01
6.101975250244140625e+01
6.082712554931640625e+01
6.063205337524414062e+01
6.043411636352539062e+01
6.023369979858398438e+01
6.003065490722656250e+01
5.982441329956054688e+01
5.961567306518554688e+01
5.940367126464843750e+01
5.918959045410156250e+01
5.897323226928710938e+01
5.875549316406250000e+01
5.853622055053710938e+01
5.831544113159179688e+01
5.809400177001953125e+01
5.787147140502929688e+01
5.764801025390625000e+01
5.742325210571289062e+01
5.719680786132812500e+01
5.696802902221679688e+01
5.673608016967773438e+01
5.650155639648437500e+01
5.626026916503906250e+01
5.601285934448242188e+01
5.576282501220703125e+01
5.551045608520507812e+01
5.525548553466796875e+01
5.499711990356445312e+01
5.473393630981445312e+01
5.447052764892578125e+01
5.420419692993164062e+01
5.393408966064453125e+01
5.366147994995117188e+01
5.338439559936523438e+01
5.310387039184570312e+01
5.281642150878906250e+01
5.252037048339843750e+01
5.221628189086914062e+01
5.190368652343750000e+01
5.158308792114257812e+01
5.125278472900390625e+01
5.091623306274414062e+01
5.057120895385742188e+01
5.021609497070312500e+01
4.985599899291992188e+01
4.949001312255859375e+01
4.911786651611328125e+01
4.874107360839843750e+01
4.836321258544921875e+01
4.798423004150390625e+01
4.760063552856445312e+01
4.721793365478515625e+01
4.683793258666992188e+01
4.645801162719726562e+01
4.607402038574218750e+01
4.568915939331054688e+01
4.530260467529296875e+01
4.491518020629882812e+01
4.452535247802734375e+01
4.413319015502929688e+01
4.373771286010742188e+01
4.334300613403320312e+01
4.294762039184570312e+01
4.254994201660156250e+01
4.215202713012695312e+01
4.175704574584960938e+01
4.136511993408203125e+01
4.097615814208984375e+01
4.059427261352539062e+01
4.021925354003906250e+01
3.985071945190429688e+01
3.948952865600585938e+01
