6.512172698974609375e+01
6.492675018310546875e+01
6.473413085937500000e+01
6.454307556152343750e+01
6.435356903076171875e+01
6.416600036621093750e+01
6.398040390014648438e+01
6.379621887207031250e+01
6.361357498168945312e+01
6.343254852294921875e+01
6.325275421142578125e+01
6.307397842407226562e+01
6.289651489257812500e+01
6.272001647949218750e+01
6.254461669921875000e+01
6.237093734741210938e+01
6.219840621948242188e+01
6.202718353271484375e+01
6.185771560668945312e+01
6.168972396850585938e+01
6.152277374267578125e+01
6.135659790039062500e+01
6.119134902954101562e+01
6.102690124511718750e+01
6.086276245117187500e+01
6.069889831542968750e+01
6.053546524047851562e+01
6.037232589721679688e+01
6.020885848999023438e+01
6.004457855224609375e+01
5.987885284423828125e+01
5.971024322509765625e+01
5.953813552856445312e+01
5.936046218872070312e+01
5.917696380615234375e+01
5.898693084716796875e+01
5.879067993164062500e+01
5.858958816528320312e+01
5.838229370117187500e+01
5.817189407348632812e+01
5.795928955078125000e+01
5.774426651000976562e+01
5.752965927124023438e+01
5.731516265869140625e+01
5.709941101074218750e+01
5.688279342651367188e+01
5.666318893432617188e+01
5.644215774536132812e+01
5.621847915649414062e+01
5.599146652221679688e+01
5.576296615600585938e+01
5.553212738037109375e+01
5.529734039306640625e+01
5.505926895141601562e+01
5.481761932373046875e+01
5.456765365600585938e+01
5.431161117553710938e+01
5.404928207397460938e+01
5.378044509887695312e+01
5.350297164916992188e+01
5.322299194335937500e+01
5.293901062011718750e+01
5.265131378173828125e+01
5.235882186889648438e+01
5.206498718261718750e+01
5.176782989501953125e+01
5.146630477905273438e+01
5.116150283813476562e+01
5.085007095336914062e+01
5.053100204467773438e+01
5.020512771606445312e+01
4.987128448486328125e+01
4.952828216552734375e+01
4.917561340332031250e+01
4.881605148315429688e+01
4.845026016235351562e+01
4.807897186279296875e+01
4.769976806640625000e+01
4.731847763061523438e+01
4.693169021606445312e+01
4.653798675537109375e+01
4.613953018188476562e+01
4.573611831665039062e+01
4.532942581176757812e+01
4.492098617553710938e+01
4.450990676879882812e+01
4.409622192382812500e+01
4.368471908569335938e+01
4.327147293090820312e+01
4.285781478881835938e+01
4.244608688354492188e+01
4.203398513793945312e+01
4.162496948242187500e+01
4.121714782714843750e+01
4.081030654907226562e+01
4.040865707397460938e+01
4.001436996459960938e+01
3.962221145629882812e+01
3.923391723632812500e+01
3.885031509399414062e+01
