6.913048553466796875e+01
6.882183074951171875e+01
6.853336334228515625e+01
6.826473999023437500e+01
6.800297546386718750e+01
6.774184417724609375e+01
6.748072052001953125e+01
6.721960449218750000e+01
6.695848083496093750e+01
6.669736480712890625e+01
6.643624114990234375e+01
6.617511749267578125e+01
6.591399383544921875e+01
6.565287017822265625e+01
6.539175415039062500e+01
6.513063049316406250e+01
6.486951446533203125e+01
6.460839080810546875e+01
6.434726715087890625e+01
6.408615112304687500e+01
6.382502746582031250e+01
6.356390380859375000e+01
6.330278015136718750e+01
6.304166412353515625e+01
6.278054046630859375e+01
6.251941680908203125e+01
6.225830078125000000e+01
6.199717712402343750e+01
6.173605346679687500e+01
6.147493362426757812e+01
6.121381378173828125e+01
6.095269012451171875e+01
6.069156646728515625e+01
6.043044662475585938e+01
6.016932678222656250e+01
5.990820312500000000e+01
5.964707946777343750e+01
5.938596343994140625e+01
5.912483978271484375e+01
5.886371612548828125e+01
5.860259628295898438e+01
5.834148025512695312e+01
5.808035278320312500e+01
5.781922912597656250e+01
5.755811309814453125e+01
5.729701614379882812e+01
5.703601074218750000e+01
5.677510833740234375e+01
5.651422119140625000e+01
5.625339889526367188e+01
5.599306869506835938e+01
5.573361968994140625e+01
5.547483062744140625e+01
5.521680068969726562e+01
5.495892333984375000e+01
5.469917297363281250e+01
5.443420410156250000e+01
5.416279602050781250e+01
5.388230133056640625e+01
5.359188842773437500e+01
5.329136276245117188e+01
5.298595809936523438e+01
5.267674255371093750e+01
5.236318969726562500e+01
5.204601287841796875e+01
5.172571945190429688e+01
5.140187072753906250e+01
5.107459640502929688e+01
5.074318313598632812e+01
5.040724182128906250e+01
5.006490325927734375e+01
4.971458053588867188e+01
4.935783767700195312e+01
4.899509429931640625e+01
4.862495803833007812e+01
4.824971389770507812e+01
4.786957168579101562e+01
4.748442459106445312e+01
4.709599304199218750e+01
4.670339965820312500e+01
4.630903244018554688e+01
4.591178512573242188e+01
4.551125717163085938e+01
4.510943222045898438e+01
4.470526123046875000e+01
4.430018615722656250e+01
4.389413452148437500e+01
4.348723602294921875e+01
4.307931518554687500e+01
4.267095947265625000e+01
4.226149368286132812e+01
4.185050582885742188e+01
4.143786239624023438e+01
4.102473449707031250e+01
4.061169815063476562e+01
4.019896316528320312e+01
3.978652572631835938e+01
3.937387084960937500e+01
3.896286010742187500e+01
3.855359649658203125e+01
