6.750844573974609375e+01
6.730355072021484375e+01
6.709877777099609375e+01
6.689421081542968750e+01
6.669001770019531250e+01
6.648642730712890625e+01
6.628348541259765625e+01
6.608142852783203125e+01
6.588040924072265625e+01
6.568042755126953125e+01
6.548164367675781250e+01
6.528403472900390625e+01
6.508777618408203125e+01
6.489266204833984375e+01
6.469861602783203125e+01
6.450555419921875000e+01
6.431329345703125000e+01
6.412195587158203125e+01
6.393147659301757812e+01
6.374197006225585938e+01
6.355358123779296875e+01
6.336633682250976562e+01
6.318033599853515625e+01
6.299531555175781250e+01
6.281111907958984375e+01
6.262771606445312500e+01
6.244511413574218750e+01
6.226247787475585938e+01
6.207985687255859375e+01
6.189744949340820312e+01
6.171355819702148438e+01
6.152724456787109375e+01
6.133843994140625000e+01
6.114532852172851562e+01
6.094837951660156250e+01
6.074732589721679688e+01
6.054265975952148438e+01
6.033517456054687500e+01
6.012555313110351562e+01
5.991465759277343750e+01
5.970320510864257812e+01
5.949287414550781250e+01
5.928100967407226562e+01
5.906623840332031250e+01
5.884812927246093750e+01
5.862381362915039062e+01
5.839070510864257812e+01
5.815480041503906250e+01
5.791584396362304688e+01
5.767322158813476562e+01
5.742828369140625000e+01
5.718302154541015625e+01
5.694115066528320312e+01
5.669887542724609375e+01
5.645217514038085938e+01
5.620680618286132812e+01
5.595472717285156250e+01
5.569322586059570312e+01
5.542475128173828125e+01
5.514765167236328125e+01
5.485628509521484375e+01
5.455495071411132812e+01
5.424504089355468750e+01
5.393200302124023438e+01
5.361563491821289062e+01
5.328827667236328125e+01
5.295858383178710938e+01
5.262891387939453125e+01
5.229466247558593750e+01
5.195356369018554688e+01
5.160814666748046875e+01
5.125494384765625000e+01
5.090185928344726562e+01
5.054605865478515625e+01
5.018601226806640625e+01
4.982448959350585938e+01
4.945958709716796875e+01
4.908788681030273438e+01
4.871240997314453125e+01
4.833543014526367188e+01
4.795927047729492188e+01
4.758590698242187500e+01
4.721402740478515625e+01
4.684502792358398438e+01
4.648031997680664062e+01
4.612142944335937500e+01
4.576165771484375000e+01
4.540252685546875000e+01
4.504249954223632812e+01
4.468351745605468750e+01
4.432490158081054688e+01
4.396386718750000000e+01
4.360138320922851562e+01
4.323243331909179688e+01
4.285785675048828125e+01
4.248374557495117188e+01
4.211006164550781250e+01
4.173429107666015625e+01
4.136053085327148438e+01
4.098605728149414062e+01
