2.483406565740517635e+01
2.526203457261507879e+01
2.567898855156967386e+01
2.608553066796487485e+01
2.648238267106512822e+01
2.687037535877233907e+01
2.725043733417456693e+01
2.762358226938013317e+01
2.799089482667267248e+01
2.835351541148952137e+01
2.871262395394762734e+01
2.906942293513726483e+01
2.942511989075944001e+01
2.978090963751080267e+01
3.013795647660112564e+01
3.049737663367090335e+01
3.086022119497308935e+01
3.122745979589721443e+01
3.159996530972209072e+01
3.197849977195603444e+01
3.236370175890440493e+01
3.275607541844473047e+01
3.315598132668806386e+01
3.356362931667347027e+01
3.397907339492940082e+01
3.440220882917356704e+01
3.483277145617273618e+01
3.527033922347420258e+01
3.571433594296524916e+01
3.616403719869514077e+01
3.661857831672796948e+01
3.707696427164373887e+01
3.753808137326417693e+01
3.800071054883155597e+01
3.846354201071998347e+01
3.892519107827171609e+01
3.938421490491658261e+01
3.983912984864448248e+01
4.028842921538048216e+01
4.073060110101577180e+01
4.116414605876444455e+01
4.158759432415707380e+01
4.199952234015032815e+01
4.239856833934914704e+01
4.278344675885607273e+01
4.315296128544914467e+01
4.350601635416032309e+01
4.384162695142182287e+01
4.415892660420771421e+01
4.445717346847190043e+01
4.473575446305895298e+01
4.499418742857351816e+01
4.523212132382732875e+01
4.544933450485135040e+01
4.564573116255287033e+01
4.582133602433994923e+01
4.597628745201164691e+01
4.611082909244674966e+01
4.622530025880012516e+01
4.632012523768519685e+01
4.639580173197899882e+01
4.645288865923986776e+01
4.649199353218607911e+01
4.651375965019599334e+01
4.651885332940393880e+01
4.650795139375176035e+01
4.648172914048771531e+01
4.644084898126234151e+01
4.638594994444304831e+01
4.631763820582502689e+01
4.623647879392251525e+01
4.614298859284112098e+01
4.603763074076369577e+01
4.592081049575081408e+01
4.579287261330446057e+01
4.565410025240448277e+01
4.550471539896290807e+01
4.534488076828261427e+01
4.517470312160880752e+01
4.499423790662740430e+01
4.480349510820125403e+01
4.460244617414073076e+01
4.439103186168454585e+01
4.416917083398242028e+01
4.393676882245462423e+01
4.369372816071456356e+01
4.343995748893973285e+01
4.317538142431870796e+01
4.289994999353986316e+01
4.261364762726503130e+01
4.231650152410215071e+01
4.200858920265286400e+01
4.169004507462926767e+01
4.136106588956727137e+01
4.102191492207160906e+01
4.067292479545240980e+01
4.031449886071215616e+01
3.994711107666412175e+01
3.957130436506989213e+01
3.918768744357100786e+01
