2.496455968445263807e+01
2.550159887418114835e+01
2.602658179383740134e+01
2.653946640902029941e+01
2.704033980254424918e+01
2.752941484020344731e+01
2.800702508613281339e+01
2.847361800676098298e+01
2.892974653055213352e+01
2.937605905859442856e+01
2.981328804810554089e+01
3.024223731655584757e+01
3.066376823783771854e+01
3.107878502324922820e+01
3.148821929854813106e+01
3.189301420354749439e+01
3.229410825230753090e+01
3.269241919963651100e+01
3.308882816309721875e+01
3.348416424890825738e+01
3.387918992492342340e+01
3.427458737432116465e+01
3.467094604982619899e+01
3.506875163040902521e+01
3.546837656075543777e+01
3.587007232871613382e+01
3.627396360786529073e+01
3.668004436171482041e+01
3.708817597361076679e+01
3.749808743245276332e+01
3.790937756978090789e+01
3.832151930910615079e+01
3.873386585426503359e+01
3.914565871072758796e+01
3.955603740278427694e+01
3.996405072098352207e+01
4.036866930863108394e+01
4.076879937407862542e+01
4.116329729733401166e+01
4.155098488556969016e+01
4.193066502262668394e+01
4.230113745278470816e+01
4.266121443896611254e+01
4.300973604012456519e+01
4.334558476175109831e+01
4.366769934696946365e+01
4.397508749334139821e+01
4.426683730184976184e+01
4.454212728917899256e+01
4.480023482183371186e+01
4.504054286031487919e+01
4.526254493289659564e+01
4.546584829093962554e+01
4.565017523048763337e+01
4.581536259753092111e+01
4.596135952615851039e+01
4.608822348929444246e+01
4.619611477025763691e+01
4.628528948952029509e+01
4.635609134430415423e+01
4.640894223867029922e+01
4.644433199820512925e+01
4.646280737605185607e+01
4.646496056568776112e+01
4.645141744044343568e+01
4.642282574025740871e+01
4.637984342263377613e+01
4.632312738734776048e+01
4.625332277332137210e+01
4.617105301153897301e+01
4.607691080019603902e+01
4.597145014786056549e+01
4.585517960766156875e+01
4.572855680087518238e+01
4.559198430219514364e+01
4.544580693196973442e+01
4.529031047322283143e+01
4.512572180388232113e+01
4.495221040776646504e+01
4.476989120203374739e+01
4.457882859439864376e+01
4.437904166090118707e+01
4.417051031474848344e+01
4.395318231908201057e+01
4.372698098173309234e+01
4.349181335837923257e+01
4.324757878216362883e+01
4.299417753293618460e+01
4.273151945788035277e+01
4.245953235741314558e+01
4.217816995583728357e+01
4.188741928517124080e+01
4.158730732272817221e+01
4.127790673811140465e+01
4.095934062309494550e+01
4.063178609802035623e+01
4.029547671050835334e+01
3.995070356604932726e+01
3.959781515497152782e+01
3.923721586593826771e+01
