2.552961646723819200e+01
2.590887854710810601e+01
2.627223512748534873e+01
2.662045410063568340e+01
2.695446128965881982e+01
2.727532978944947573e+01
2.758426729961803048e+01
2.788260158970028968e+01
2.817176426802507549e+01
2.845327305442278387e+01
2.872871278299825804e+01
2.899971538393401715e+01
2.926793911224277522e+01
2.953504730617758867e+01
2.980268696826763630e+01
3.007246746745823529e+01
3.034593966141025234e+01
3.062457573361507457e+01
3.090975003061460313e+01
3.120272117043065663e+01
3.150461567451382905e+01
3.181641335244061253e+01
3.213893464162232050e+01
3.247283007391494181e+01
3.281857200778453176e+01
3.317644872919678534e+01
3.354656098730283986e+01
3.392882099297143839e+01
3.432295386995961906e+01
3.472850151072659486e+01
3.514482875224263836e+01
3.557113175230561808e+01
3.600644841444453448e+01
3.644967068003861499e+01
3.689955848029202912e+01
3.735475511861265829e+01
3.781380383607503859e+01
3.827516529925599542e+01
3.873723574097245148e+01
3.919836548038654200e+01
3.965687754955197164e+01
4.011108615861471804e+01
4.055931474138350268e+01
4.099991333652005920e+01
4.143127507686254773e+01
4.185185157992063409e+01
4.226016705595193201e+01
4.265483097570341187e+01
4.303454916737882741e+01
4.339813324110080828e+01
4.374450826856544694e+01
4.407271867515604669e+01
4.438193233101645774e+01
4.467144285596782538e+01
4.494067018024441751e+01
4.518915942842698286e+01
4.541657821730515110e+01
4.562271247940206820e+01
4.580746094232063825e+01
4.597082840971385309e+01
4.611291800244509176e+01
4.623392252828921301e+01
4.633411515534604064e+01
4.641383956820791212e+01
4.647349978691539008e+01
4.651354982699452734e+01
4.653448337451278860e+01
4.653682364331240251e+01
4.652111357258002045e+01
4.648790651189789713e+01
4.643775752812598512e+01
4.637121545412541934e+01
4.628881578367641936e+01
4.619107450022306693e+01
4.607848290952384929e+01
4.595150352811980099e+01
4.581056706102097564e+01
4.565607048332292095e+01
4.548837622188212038e+01
4.530781241486066335e+01
4.511467420915762006e+01
4.490922603864002838e+01
4.469170480991225958e+01
4.446232390729089445e+01
4.422127791490486715e+01
4.396874794157133692e+01
4.370490742353626246e+01
4.342992827144660595e+01
4.314398722122042784e+01
4.284727224395007994e+01
4.253998886771708499e+01
4.222236626434012408e+01
4.189466295668139395e+01
4.155717200722913418e+01
4.121022555628691464e+01
4.085419858816841554e+01
4.048951181624997986e+01
4.011663359244593607e+01
3.973608076345792739e+01
3.934841841479586577e+01
