2.648813209564278637e+01
2.692437802321862605e+01
2.734457197164214648e+01
2.774910780437944169e+01
2.813852509754017461e+01
2.851350207620138022e+01
2.887484675759289487e+01
2.922348639454177288e+01
2.956045534016823595e+01
2.988688148100774811e+01
3.020397140999697783e+01
3.051299453260542904e+01
3.081526631837417085e+01
3.111213092583176376e+01
3.140494344083299794e+01
3.169505197654302364e+01
3.198377988733469479e+01
3.227240834866100982e+01
3.256215955045773569e+01
3.285418074284631729e+01
3.314952935999311023e+01
3.344915943111764989e+01
3.375390946714552598e+01
3.406449198772653375e+01
3.438148482672293937e+01
3.470532432532206712e+01
3.503630049117809619e+01
3.537455417003513247e+01
3.572007624373625134e+01
3.607270883599251476e+01
3.643214847541319301e+01
3.679795113466502698e+01
3.716953903582505347e+01
3.754620908554281300e+01
3.792714278001079720e+01
3.831141739938033908e+01
3.869801829447668950e+01
3.908585205574667043e+01
3.947376034545990109e+01
3.986053416940797689e+01
4.024492836365513426e+01
4.062567607525944169e+01
4.100150302307727657e+01
4.137114133558917217e+01
4.173334277679006021e+01
4.208689118821297370e+01
4.243061399466645156e+01
4.276339264280116481e+01
4.308417186467869442e+01
4.339196768259954240e+01
4.368587409603359362e+01
4.396506841609605232e+01
4.422881523713741103e+01
4.447646905822536922e+01
4.470747558917916109e+01
4.492137179600908325e+01
4.511778475881806116e+01
4.529642943118980014e+01
4.545710540362034635e+01
4.559969278454332198e+01
4.572414732087239031e+01
4.583049488574293662e+01
4.591882546431899215e+01
4.598928676925502401e+01
4.604207761578645375e+01
4.607744118266960243e+01
4.609565827949354855e+01
4.609704073347449338e+01
4.608192499998090597e+01
4.605066609094301100e+01
4.600363190426440241e+01
4.594119802559058030e+01
4.586374306155655489e+01
4.577164455115039488e+01
4.566527548928358016e+01
4.554500148426477324e+01
4.541117855875297948e+01
4.526415159210724681e+01
4.510425339093760755e+01
4.493180436421277335e+01
4.474711276958876027e+01
4.455047548873881880e+01
4.434217928146559728e+01
4.412250246130202669e+01
4.389171692919991585e+01
4.365009049680065800e+01
4.339788942672560523e+01
4.313538111431790156e+01
4.286283683338913875e+01
4.258053446773649142e+01
4.228876115059537000e+01
4.198781573573977255e+01
4.167801102668591540e+01
4.135967569439554126e+01
4.103315581899175868e+01
4.069881599730084076e+01
4.035703996545009176e+01
4.000823069426034095e+01
3.965280992466149002e+01
3.929121712076184281e+01
