2.415707931894242222e+01
2.459692518397268302e+01
2.502232104705216997e+01
2.543355431035152137e+01
2.583106543983506853e+01
2.621544279646596820e+01
2.658741548663717325e+01
2.694784429208873533e+01
2.729771077067592344e+01
2.763810464967340863e+01
2.797020966224883054e+01
2.829528800475468842e+01
2.861466361701862127e+01
2.892970450935210280e+01
2.924180437808654531e+01
2.955236376568068479e+01
2.986277103150296597e+01
3.017438340500989824e+01
3.048850839406294710e+01
3.080638581747101767e+01
3.112917072252635364e+01
3.145791743543452057e+01
3.179356497532680237e+01
3.213692404127820623e+01
3.248866575681788049e+01
3.284931232825873337e+01
3.321922974232576564e+01
3.359862259558292408e+01
3.398753111369622815e+01
3.438583038325705843e+01
3.479323178340024469e+01
3.520928656946344404e+01
3.563339152709127688e+01
3.606479658313402581e+01
3.650261423000319638e+01
3.694583059337079334e+01
3.739331794969531586e+01
3.784384848043679739e+01
3.829610903428142166e+01
3.874871665748013783e+01
3.920023464562335391e+01
3.964918886790591301e+01
4.009408411708173503e+01
4.053342024477651506e+01
4.096570785235432055e+01
4.138948332184674683e+01
4.180332298915622147e+01
4.220585628242771037e+01
4.259577767165411188e+01
4.297185730071924326e+01
4.333295019967136597e+01
4.367800400247897841e+01
4.400606512331835063e+01
4.431628337203127899e+01
4.460791501626847122e+01
4.488032432348887824e+01
4.513298364002829999e+01
4.536547208643632700e+01
4.557747296793037606e+01
4.576877001582241888e+01
4.593924258994884013e+01
4.608885998332126377e+01
4.621767497836849969e+01
4.632581680919257394e+01
4.641348368631694399e+01
4.648093503951691474e+01
4.652848363067482751e+01
4.655648768237072943e+01
4.656534315934987234e+01
4.655547632936027469e+01
4.652733671741327726e+01
4.648139055360439187e+01
4.641811479954099440e+01
4.633799182248944959e+01
4.624150476988727121e+01
4.612913368018460858e+01
4.600135234936097817e+01
4.585862595622363358e+01
4.570140943394376620e+01
4.553014656052675235e+01
4.534526972719334026e+01
4.514720033120963194e+01
4.493634972867380384e+01
4.471312067329825624e+01
4.447790915941613576e+01
4.423110658136938866e+01
4.397310211716858674e+01
4.370428524185505381e+01
4.342504827537501910e+01
4.313578887094443104e+01
4.283691235281101939e+01
4.252883381693705900e+01
4.221197991433436414e+01
4.188679024446818033e+01
4.155371829519886262e+01
4.121323187595626081e+01
4.086581300212552748e+01
4.051195720072247042e+01
4.015217222020424259e+01
3.978697614044360620e+01
