2.525373433345586704e+01
2.573468929761311230e+01
2.620080319902466925e+01
2.665239428441093850e+01
2.708994300385223397e+01
2.751408516393127712e+01
2.792560284072942878e+01
2.832541313822799012e+01
2.871455491481964017e+01
2.909417363670022993e+01
2.946550455118484280e+01
2.982985440475997407e+01
3.018858195927391819e+01
3.054307758445704124e+01
3.089474222536620474e+01
3.124496605888503709e+01
3.159510716366202843e+01
3.194647053252422708e+01
3.230028775526145068e+01
3.265769769264560551e+01
3.301972844965152376e+01
3.338728093724909485e+01
3.376111428807776349e+01
3.414183336221429244e+01
3.452987854557434133e+01
3.492551800583939325e+01
3.532884252988556284e+01
3.573976302323143273e+01
3.615801070686832475e+01
3.658314000083557005e+01
3.701453403794017305e+01
3.745141270600030481e+01
3.789284307377104710e+01
3.833775201515814501e+01
3.878494080920969367e+01
3.923310146043619540e+01
3.968083445588062830e+01
4.012666765257574752e+01
4.056907597202292948e+01
4.100650156741600938e+01
4.143737412468272652e+01
4.186013096010607626e+01
4.227323658522448113e+01
4.267520142368302771e+01
4.306459938443364877e+01
4.344008402066099706e+01
4.380040303356292952e+01
4.414441091395826788e+01
4.447107955195459539e+01
4.477950668479499541e+01
4.506892209472032818e+01
4.533869151137172793e+01
4.558831821611359914e+01
4.581744238778864542e+01
4.602583827008128736e+01
4.621340927905102092e+01
4.638018120482585971e+01
4.652629369328763431e+01
4.665199022127641371e+01
4.675760680193553043e+01
4.684355967497860718e+01
4.691033224959695502e+01
4.695846157532865561e+01
4.698852461841872241e+01
4.700112461808694775e+01
4.699687778885871836e+01
4.697640062194071220e+01
4.694029802091557002e+01
4.688915248518596002e+01
4.682351452912204337e+01
4.674389449629508420e+01
4.665075589712057536e+01
4.654451036528413965e+01
4.642551429416001696e+01
4.629406717966288198e+01
4.615041166130301775e+01
4.599473521920887009e+01
4.582717345221261240e+01
4.564781483129079476e+01
4.545670679426179106e+01
4.525386302214477752e+01
4.503927171539541519e+01
4.481290466971301356e+01
4.457472693655385854e+01
4.432470684309734565e+01
4.406282614035750100e+01
4.378909004646219927e+01
4.350353695485451055e+01
4.320624758421094924e+01
4.289735335808695282e+01
4.257704381745792688e+01
4.224557288815790201e+01
4.190326384736594179e+01
4.155051285837501496e+01
4.118779097042696691e+01
4.081564450994341797e+01
4.043469382047689464e+01
4.004563034062312710e+01
3.964921204137522182e+01
3.924625727641006279e+01
