2.504822222751792538e+01
2.556554024167484229e+01
2.607193770320904136e+01
2.656744580857790439e+01
2.705221212245576723e+01
2.752649658409710653e+01
2.799066590665545817e+01
2.844518642019154697e+01
2.889061543601907900e+01
2.932759123637280041e+01
2.975682181862299913e+01
3.017907254687369090e+01
3.059515288526005961e+01
3.100590240612854842e+01
3.141217628209980361e+01
3.181483048339269359e+01
3.221470691039545642e+01
3.261261869606754260e+01
3.300933591313538074e+01
3.340557191715177510e+01
3.380197054827610259e+01
3.419909440221483976e+01
3.459741436430054051e+01
3.499730058044082881e+01
3.539901501500106207e+01
3.580270571899211518e+01
3.620840290274202999e+01
3.661601687606415112e+01
3.702533788640776891e+01
3.743603785222795466e+01
3.784767395547905267e+01
3.825969402440001232e+01
3.867144360627472821e+01
3.908217460021533185e+01
3.949105529287844263e+01
3.989718161587170187e+01
4.029958942295721869e+01
4.069726756839887827e+01
4.108917155526544462e+01
4.147423751440287276e+01
4.185139627130851636e+01
4.221958725926431555e+01
4.257777204280962025e+01
4.292494722577814770e+01
4.326015653244409975e+01
4.358250186851623909e+01
4.389115319035051499e+01
4.418535703537308734e+01
4.446444359378092059e+01
4.472783223054521073e+01
4.497503539698634967e+01
4.520566090210266452e+01
4.541941254479490198e+01
4.561608913853319081e+01
4.579558198926459767e+01
4.595787091493033927e+01
4.610301892032554605e+01
4.623116566375128400e+01
4.634251987161675146e+01
4.643735087348729706e+01
4.651597944285516917e+01
4.657876813792982063e+01
4.662611134194433049e+01
4.665842520382328473e+01
4.667613767764326838e+01
4.667967885324981125e+01
4.666947176089536953e+01
4.664592382007116100e+01
4.660941908713747495e+01
4.656031143826851348e+01
4.649891880398445920e+01
4.642551854958080781e+01
4.634034407248700660e+01
4.624358266344782464e+01
4.613537465384979441e+01
4.601581384694164711e+01
4.588494920654908782e+01
4.574278775354402882e+01
4.558929859818584163e+01
4.542441801583781569e+01
4.524805545479817681e+01
4.506010034833763456e+01
4.486042958874979547e+01
4.464891550948126309e+01
4.442543421239239620e+01
4.418987407099375275e+01
4.394214423720174523e+01
4.368218297877937317e+01
4.340996567717445487e+01
4.312551232086433117e+01
4.282889433751135755e+01
4.252024061905829910e+01
4.219974260721570403e+01
4.186765832239353813e+01
4.152431523679312875e+01
4.117011191181519081e+01
4.080551834090074692e+01
4.043107496103977638e+01
4.004739031917578274e+01
3.965513740318734648e+01
