2.530492252706503464e+01
2.579988173995752376e+01
2.628200638157269609e+01
2.675148526607682697e+01
2.720863845281071391e+01
2.765391160631476097e+01
2.808786862207958279e+01
2.851118259151643031e+01
2.892462520733676712e+01
2.932905473725178425e+01
2.972540271912867382e+01
3.011465955396195682e+01
3.049785919376355636e+01
3.087606313928005619e+01
3.125034397692278887e+01
3.162176869509888277e+01
3.199138202696190447e+01
3.236019006927395480e+01
3.272914442543369518e+01
3.309912711474902380e+01
3.347093647973814257e+01
3.384527430877367493e+01
3.422273437294220599e+01
3.460379255387462649e+01
3.498879871389391383e+01
3.537797043156002275e+01
3.577138869509165175e+01
3.616899561376909844e+01
3.657059417387497291e+01
3.697585003164918049e+01
3.738429530177814542e+01
3.779533426673863516e+01
3.820825090053907047e+01
3.862221807063552603e+01
3.903630825463636711e+01
3.944950558435257904e+01
3.986071900926528855e+01
4.026879635494909593e+01
4.067253903969137241e+01
4.107071720471517295e+01
4.146208501013664716e+01
4.184539585010266904e+01
4.221941724637726878e+01
4.258294518980007126e+01
4.293481771327881802e+01
4.327392749795787097e+01
4.359923333549581059e+01
4.390977029354333183e+01
4.420465845797799886e+01
4.448311015367449528e+01
4.474443557497632185e+01
4.498804678698543569e+01
4.521346008867433852e+01
4.542029675811564715e+01
4.560828222819945665e+01
4.577724376759326219e+01
4.592710676591489261e+01
4.605788974370645406e+01
4.616969822650499822e+01
4.626271763781186053e+01
4.633720537786786053e+01
4.639348226375044959e+01
4.643192351133897944e+01
4.645294944121783942e+01
4.645701608866737331e+01
4.644460589271883322e+01
4.641621863102932366e+01
4.637236275634881366e+01
4.631354727691369533e+01
4.624027430754912871e+01
4.615303240099244420e+01
4.605229075031112984e+01
4.593849433371035218e+01
4.581206005286065164e+01
4.567337389554202787e+01
4.552278913321644183e+01
4.536062554448601247e+01
4.518716963654764385e+01
4.500267581902357250e+01
4.480736846814805574e+01
4.460144480447370086e+01
4.438507849415230311e+01
4.415842387264171975e+01
4.392162068043388956e+01
4.367479919322907023e+01
4.341808562387008408e+01
4.315160767036774558e+01
4.287550008344709340e+01
4.258991012818587762e+01
4.229500281746121004e+01
4.199096579996746215e+01
4.167801379242018101e+01
4.135639245412833986e+01
4.102638161222572677e+01
4.068829775740449151e+01
4.034249574279542117e+01
3.998936963254235621e+01
3.962935266142508794e+01
3.926291628240903009e+01
3.889056829502249713e+01
