2.442866823536975573e+01
2.489666150899582320e+01
2.535049113406881105e+01
2.579036788086553500e+01
2.621665733392777398e+01
2.662987508887636423e+01
2.703067984673352697e+01
2.741986445619266632e+01
2.779834498847503355e+01
2.816714796319330816e+01
2.852739587634830087e+01
2.888029121257671150e+01
2.922709915240293554e+01
2.956912921092365565e+01
2.990771606650583436e+01
3.024419985619604390e+01
3.057990622817640869e+01
3.091612645040320473e+01
3.125409787824966656e+01
3.159498508236488235e+01
3.193986193099942739e+01
3.228969490873443959e+01
3.264532793607470751e+01
3.300746893193301901e+01
3.337667833402622364e+01
3.375335976107308511e+01
3.413775296595851216e+01
3.452992919136172389e+01
3.492978899940155912e+01
3.533706260539814537e+01
3.575131270366323832e+01
3.617193973111903915e+01
3.659818947331909555e+01
3.702916287791149585e+01
3.746382790349338165e+01
3.790103319790521397e+01
3.833952336993543497e+01
3.877795559274829884e+01
3.921491725659997485e+01
3.964894437295182428e+01
4.007854042221378421e+01
4.050219533322561460e+01
4.091840428424254128e+01
4.132568602258148616e+01
4.172260041300388878e+01
4.210776494306777806e+01
4.247986993666683020e+01
4.283769225429902860e+01
4.318010728966340395e+01
4.350609910635018451e+01
4.381476859493213993e+01
4.410533956894038710e+01
4.437716275725398418e+01
4.462971768955648599e+01
4.486261250995774930e+01
4.507558179089521389e+01
4.526848245431905582e+01
4.544128793928758370e+01
4.559408078387290431e+01
4.572704381420214048e+01
4.584045015413845192e+01
4.593465228519927734e+01
4.601007039763619133e+01
4.606718027999788490e+01
4.610650099599386209e+01
4.612858259412269035e+01
4.613399408752071906e+01
4.612331192907264921e+01
4.609710919036906773e+01
4.605594563299000299e+01
4.600035883734346953e+01
4.593085652838088606e+01
4.584791020955556462e+01
4.575195018692897975e+01
4.564336203500384670e+01
4.552248452524359834e+01
4.538960900793901487e+01
4.524498020865792824e+01
4.508879837251968326e+01
4.492122266344771475e+01
4.474237570184210711e+01
4.455234910316328012e+01
4.435120986205399873e+01
4.413900741213988255e+01
4.391578118071132764e+01
4.368156845025815471e+01
4.343641233535302604e+01
4.318036968364794603e+01
4.291351871371285398e+01
4.263596620993057229e+01
4.234785410551614859e+01
4.204936529866844097e+01
4.174072856360221095e+01
4.142222243740542353e+01
4.109417798494537521e+01
4.075698036698034343e+01
4.041106916082085121e+01
4.005693740784397505e+01
3.969512938747024577e+01
3.932623714239128532e+01
