2.537279243782699467e+01
2.579013799559981024e+01
2.619490609319545271e+01
2.658774032181430513e+01
2.696941312351498610e+01
2.734081603253622816e+01
2.770294823682388952e+01
2.805690358684832475e+01
2.840385620535485600e+01
2.874504487635086392e+01
2.908175641390810284e+01
2.941530823077573942e+01
2.974703034294697090e+01
3.007824705881841965e+01
3.041025861013509868e+01
3.074432298627006688e+01
3.108163823341061871e+01
3.142332547581045077e+01
3.177041290744616830e+01
3.212382098927865570e+01
3.248434907003321825e+01
3.285266362727335832e+01
3.322928830086448215e+01
3.361459586315206849e+01
3.400880223979720540e+01
3.441196266274657489e+01
3.482397000288960953e+01
3.524455529515542196e+01
3.567329043380520659e+01
3.610959298111527715e+01
3.655273299917261198e+01
3.700184178273680402e+01
3.745592234167143886e+01
3.791386145481857284e+01
3.837444309392128616e+01
3.883636299665095493e+01
3.929824415235959378e+01
3.975865295306940794e+01
4.021611575562526752e+01
4.066913559892086738e+01
4.111620882267114752e+01
4.155584134120807249e+01
4.198656433703333590e+01
4.240694915409363119e+01
4.281562118956652085e+01
4.321127260497112132e+01
4.359267370211639303e+01
4.395868283628108486e+01
4.430825476749760128e+01
4.464044738031168436e+01
4.495442673232198416e+01
4.524947042157815247e+01
4.552496929197336328e+01
4.578042752356410006e+01
4.601546118079185277e+01
4.622979531543118270e+01
4.642325974233497732e+01
4.659578362440561250e+01
4.674738901839248939e+01
4.687818354495415463e+01
4.698835235481311656e+01
4.707814956771670012e+01
4.714788936237449235e+01
4.719793689363516620e+01
4.722869920809130662e+01
4.724061632125864207e+01
4.723415260876147670e+01
4.720978865084548204e+01
4.716801365442103844e+01
4.710931856003577423e+01
4.703418992310459146e+01
4.694310463974906611e+01
4.683652556811819068e+01
4.671489807644319825e+01
4.657864752969618394e+01
4.642817770788711584e+01
4.626387013108652013e+01
4.608608424945057180e+01
4.589515844112271026e+01
4.569141174706893338e+01
4.547514625986883630e+01
4.524665007334579769e+01
4.500620069177936955e+01
4.475406879135076110e+01
4.449052222246547927e+01
4.421583013965538811e+01
4.393026714585133874e+01
4.363411733987943109e+01
4.332767815996572125e+01
4.301126392174543156e+01
4.268520895661330883e+01
4.234987026509335806e+01
4.200562961008829888e+01
4.165289498620072095e+01
4.129210141365656028e+01
4.092371101847380288e+01
4.054821237424867775e+01
4.016611909504537437e+01
3.977796768318782483e+01
3.938431465005231757e+01
