2.569998572399787662e+01
2.616889923583745414e+01
2.662402793042775428e+01
2.706587623654388253e+01
2.749509700999425021e+01
2.791248204885885187e+01
2.831895055062600264e+01
2.871553563943341558e+01
2.910336912587455416e+01
2.948366469422709102e+01
2.985769974184739795e+01
3.022679612221169876e+01
3.059230006609933028e+01
3.095556157414770482e+01
3.131791358803324954e+01
3.168065125643650859e+01
3.204501161546448884e+01
3.241215400113370038e+01
3.278314150378231773e+01
3.315892376090799587e+01
3.354032136607533943e+01
3.392801214744424243e+01
3.432251954052374288e+01
3.472420324641823441e+01
3.513325232967888923e+01
3.554968086956289852e+01
3.597332623576317445e+01
3.640385001530477638e+01
3.684074157213115797e+01
3.728332417580831049e+01
3.773076359160807414e+01
3.818207898187905869e+01
3.863615592888111649e+01
3.909176135296788601e+01
3.954756006783839695e+01
4.000213268722605164e+01
4.045399457535317111e+01
4.090161551725005040e+01
4.134343977487933586e+01
4.177790619117992321e+01
4.220346800667086029e+01
4.261861206209724173e+01
4.302187707556627316e+01
4.341187070336960119e+01
4.378728511980266092e+01
4.414691088221687920e+01
4.448964888261112094e+01
4.481452022558361392e+01
4.512067391359189372e+01
4.540739226338629919e+01
4.567409402128765095e+01
4.592033518879016896e+01
4.614580761290514488e+01
4.635033543683998403e+01
4.653386954524473396e+01
4.669648017357403091e+01
4.683834788245496838e+01
4.695975312471963292e+01
4.706106465449250464e+01
4.714272704403867920e+01
4.720524758472822668e+01
4.724918285335284907e+01
4.727512522410457763e+01
4.728368959994463694e+01
4.727550062507755513e+01
4.725118062313455169e+01
4.721133848394293153e+01
4.715655969590498842e+01
4.708739769168899159e+01
4.700436664277957277e+01
4.690793580419466480e+01
4.679852547507997684e+01
4.667650460471067930e+01
4.654219003741724947e+01
4.639584735484802991e+01
4.623769324048918605e+01
4.606789926013316716e+01
4.588659692362264764e+01
4.569388386821041337e+01
4.548983098271192205e+01
4.527449027464450637e+01
4.504790326999008698e+01
4.481010972727135311e+01
4.456115644434274969e+01
4.430110593765674309e+01
4.403004477963062158e+01
4.374809138993597202e+01
4.345540309073243179e+01
4.315218225374879069e+01
4.283868138822298732e+01
4.251520704259078087e+01
4.218212241893687064e+01
4.183984862702303786e+01
4.148886453364920612e+01
4.112970519257052615e+01
4.076295886962632409e+01
4.038926270657880480e+01
4.000929709484294250e+01
3.962377885634522556e+01
3.923345335267327982e+01
