2.468368010361564302e+01
2.518410214646063494e+01
2.567065878982653615e+01
2.614336183001730873e+01
2.660236366949291664e+01
2.704795372773474327e+01
2.748055302460443272e+01
2.790070698832846574e+01
2.830907656971885444e+01
2.870642777292707848e+01
2.909361974037010157e+01
2.947159155489239168e+01
2.984134794521338563e+01
3.020394410074640135e+01
3.056046981853615563e+01
3.091203321794013448e+01
3.125974426747860591e+01
3.160469837275462979e+01
3.194796027435519647e+01
3.229054850013063316e+01
3.263342060725255322e+01
3.297745943610571118e+01
3.332346058060305438e+01
3.367212125824917024e+01
3.402403073861722760e+01
3.437966246132991444e+01
3.473936794468801281e+01
3.510337255437986670e+01
3.547177316886237008e+01
3.584453774470502196e+01
3.622150675210698978e+01
3.660239641860835036e+01
3.698680368837520405e+01
3.737421277596286728e+01
3.776400316771736954e+01
3.815545890147173935e+01
3.854777893636001806e+01
3.894008840975232744e+01
3.933145056776157844e+01
3.972087914964824051e+01
4.010735100480056303e+01
4.048981872375179591e+01
4.086722307176887625e+01
4.123850502466629564e+01
4.160261722134070794e+01
4.195853466567476886e+01
4.230526453146158872e+01
4.264185494730678272e+01
4.296740266353603488e+01
4.328105952933486122e+01
4.358203773510823709e+01
4.386961380174637526e+01
4.414313132452581101e+01
4.440200250423713868e+01
4.464570852127464207e+01
4.487379882940662412e+01
4.508588946439346046e+01
4.528166047818609030e+01
4.546085262191992626e+01
4.562326341013335451e+01
4.576874270452923810e+01
4.589718795815490182e+01
4.600853926020210594e+01
4.610277431786045099e+01
4.617990350503354335e+01
4.623996509850761782e+01
4.628302081070137319e+01
4.630915171473911585e+01
4.631845464272104351e+01
4.631103912206578599e+01
4.628702489811789889e+01
4.624654007421713686e+01
4.618971988353104052e+01
4.611670609048386638e+01
4.602764700394227049e+01
4.592269806969825652e+01
4.580202299648706088e+01
4.566579535800786971e+01
4.551420060330708850e+01
4.534743839958556322e+01
4.516572522503133769e+01
4.496929712472313412e+01
4.475841253994272506e+01
4.453335512035364729e+01
4.429443642936812608e+01
4.404199845550117232e+01
4.377641584652888440e+01
4.349809778862865528e+01
4.320748945928966123e+01
4.290507299044902823e+01
4.259136788690754827e+01
4.226693085443957898e+01
4.193235500199843813e+01
4.158826839288456512e+01
4.123533193055518353e+01
4.087423657578555947e+01
4.050569990301592327e+01
4.013046201482762854e+01
3.974928084445462417e+01
3.936292688696630648e+01
