2.431071662227283525e+01
2.476899249292098659e+01
2.521733843707573897e+01
2.565607988351855440e+01
2.608565222176151721e+01
2.650659494721179854e+01
2.691954435748925434e+01
2.732522486502501025e+01
2.772443901369845065e+01
2.811805630916669685e+01
2.850700099330509829e+01
2.889223891238254893e+01
2.927476364586352631e+01
2.965558207767780630e+01
3.003569960410278483e+01
3.041610518176241840e+01
3.079775642541879321e+01
3.118156496803437250e+01
3.156838229487475544e+01
3.195898625916087354e+01
3.235406847895941240e+01
3.275422280370634809e+01
3.315993502414254834e+01
3.357157398171214879e+01
3.398938421292486112e+01
3.441348024114954285e+01
3.484384260318911686e+01
3.528031567122952339e+01
3.572260730282291519e+01
3.617029032299786451e+01
3.662280581386622202e+01
3.707946815878202784e+01
3.753947176070806790e+01
3.800189932846123497e+01
3.846573160042878925e+01
3.892985835360529023e+01
3.939309052677172218e+01
3.985417327068802962e+01
4.031179972553608337e+01
4.076462531676015999e+01
4.121128235502064285e+01
4.165039472427099554e+01
4.208059244396319798e+01
4.250052589700192840e+01
4.290887952412550987e+01
4.330438479769237148e+01
4.368583230307918086e+01
4.405208277375299986e+01
4.440207694614397127e+01
4.473484412234449792e+01
4.504950935192292860e+01
4.534529916834160446e+01
4.562154584012782266e+01
4.587769012163406757e+01
4.611328251247569909e+01
4.632798305816830009e+01
4.652155974668276883e+01
4.669388557626823655e+01
4.684493438865218451e+01
4.697477557833897777e+01
4.708356780300112376e+01
4.717155183171195176e+01
4.723904267690818415e+01
4.728642116243363347e+01
4.731412508377936632e+01
4.732264011775528445e+01
4.731249063736633786e+01
4.728423058373679311e+01
4.723843454069964309e+01
4.717568914929690749e+01
4.709658498913523772e+01
4.700170904154906992e+01
4.689163783604453783e+01
4.676693136680699325e+01
4.662812785040120644e+01
4.647573937942140532e+01
4.631024851003336806e+01
4.613210580432924246e+01
4.594172833144433810e+01
4.573949911469939167e+01
4.552576749586584270e+01
4.530085037221115840e+01
4.506503424749539732e+01
4.481857802472274699e+01
4.456171645641457957e+01
4.429466415758549402e+01
4.401762007766515694e+01
4.373077232039916140e+01
4.343430319540817663e+01
4.312839438169701367e+01
4.281323208198585917e+01
4.248901204739868831e+01
4.215594435473449408e+01
4.181425782330280327e+01
4.146420396503631167e+01
4.110606037026096971e+01
4.074013344197313558e+01
4.036676040362184636e+01
3.998631051903258538e+01
3.959918547806167766e+01
