2.688754026625233351e+01
2.732068140112914989e+01
2.773895239284774306e+01
2.814301380300815225e+01
2.853366617625392365e+01
2.891183868893357456e+01
2.927857595003004576e+01
2.963502311748697693e+01
2.998240952357981115e+01
3.032203103085912943e+01
3.065523136483727029e+01
3.098338269044783999e+01
3.130786571588037148e+01
3.163004961927631697e+01
3.195127210062176815e+01
3.227281986275939119e+01
3.259590982163006601e+01
3.292167133661588707e+01
3.325112973727502919e+01
3.358519140304262152e+01
3.392463062790483974e+01
3.427007847308302502e+01
3.462201377786264800e+01
3.498075646250797632e+01
3.534646321835765548e+01
3.571912563947302743e+01
3.609857080837411303e+01
3.648446430627419801e+01
3.687631557664842319e+01
3.727348553076633664e+01
3.767519624577759174e+01
3.808054257083146865e+01
3.848850542523172891e+01
3.889796654539133414e+01
3.930772441489327207e+01
3.971651109472590946e+01
4.012300965903219208e+01
4.052587193571750390e+01
4.092373625105565083e+01
4.131524488297694120e+01
4.169906093882268294e+01
4.207388438974986400e+01
4.243846701520904219e+01
4.279162603655315422e+01
4.313225624822558757e+01
4.345934048747582779e+01
4.377195831843741303e+01
4.406929284290794868e+01
4.435063558750862711e+01
4.461538945429085601e+01
4.486306975851487522e+01
4.509330341253319574e+01
4.530582634774717121e+01
4.550047929687681147e+01
4.567720208571766705e+01
4.583602660670688778e+01
4.597706866560612582e+01
4.610051890718992951e+01
4.620663303580752768e+01
4.629572155206351880e+01
4.636813922761977125e+01
4.642427453647305668e+01
4.646453925318854772e+01
4.648935841682219916e+01
4.649916084401768046e+01
4.649437035647755323e+01
4.647539786715121579e+01
4.644263444662027496e+01
4.639644546679721770e+01
4.633716589377046802e+01
4.626509677595134917e+01
4.618050294813672707e+01
4.608361194719047660e+01
4.597461411121237518e+01
4.585366381173469108e+01
4.572088174798361848e+01
4.557635821390065445e+01
4.542015723264332649e+01
4.525232143987741296e+01
4.507287758643344944e+01
4.488184252289472198e+01
4.467922952342671294e+01
4.446505480358559481e+01
4.423934408689270725e+01
4.400213907747884434e+01
4.375350370095473806e+01
4.349352998264417636e+01
4.322234344123832983e+01
4.294010788654960464e+01
4.264702952216679677e+01
4.234336026716758994e+01
4.202940022542299658e+01
4.170549924619473359e+01
4.137205753543982922e+01
4.102952529329897402e+01
4.067840136942584905e+01
4.031923094392332274e+01
3.995260225749023419e+01
3.957914242976142560e+01
3.919951241957520693e+01
