2.470125607522831501e+01
2.516650579011789546e+01
2.561834661326875562e+01
2.605719415199849109e+01
2.648361627741673985e+01
2.689832558140721730e+01
2.730216973654797741e+01
2.769611985029954582e+01
2.808125693885603980e+01
2.845875667897077221e+01
2.882987262720010335e+01
2.919591812472133441e+01
2.955824713158916950e+01
2.991823425643965351e+01
3.027725426573212530e+01
3.063666137020640790e+01
3.099776859497586656e+01
3.136182754329450972e+01
3.173000886238218143e+01
3.210338371265828528e+01
3.248290652939752476e+01
3.286939934827771026e+01
3.326353794381999762e+01
3.366584000264449372e+01
3.407665552224234062e+01
3.449615959111406482e+01
3.492434766826178816e+01
3.536103343982266978e+01
3.580584928881889795e+01
3.625824937134772341e+01
3.671751524982573045e+01
3.718276399193926096e+01
3.765295860351028523e+01
3.812692062533407267e+01
3.860334468888433435e+01
3.908081479427829663e+01
3.955782204662009605e+01
4.003278356431063401e+01
4.050406225551213879e+01
4.096998714700320932e+01
4.142887394333717310e+01
4.187904549360931838e+01
4.231885184821366863e+01
4.274668959858710338e+01
4.316102020883762691e+01
4.356038706900310586e+01
4.394343102501966314e+01
4.430890416979446655e+01
4.465568171245986662e+01
4.498277177830404838e+01
4.528932302932246756e+01
4.557463003409701940e+01
4.583813635505864426e+01
4.607943536039746846e+01
4.629826880623038932e+01
4.649452327145399266e+01
4.666822456236285888e+01
4.681953023600791397e+01
4.694872041991364853e+01
4.705618713070257542e+01
4.714242231504922387e+01
4.720800485291322701e+01
4.725358677498665116e+01
4.727987895365981075e+01
4.728763652948979512e+01
4.727764433327617155e+01
4.725070255749071890e+01
4.720761292024144495e+01
4.714916555041080670e+01
4.707612680448252718e+01
4.698922820421066149e+01
4.688915666015461170e+01
4.677654611965579079e+01
4.665197074956123657e+01
4.651593973442098928e+01
4.636889374050043244e+01
4.621120306528294464e+01
4.604316746168785102e+01
4.586501759648543697e+01
4.567691807381957148e+01
4.547897192779323916e+01
4.527122646312313492e+01
4.505368030032062876e+01
4.482629146199969483e+01
4.458898632006902574e+01
4.434166920993134653e+01
4.408423250761025258e+01
4.381656695905372345e+01
4.353857204784269896e+01
4.325016618815566005e+01
4.295129653411598269e+01
4.264194820447590928e+01
4.232215273285898149e+01
4.199199556829959334e+01
4.165162246836124638e+01
4.130124464740543289e+01
4.094114256529920226e+01
4.057166826662911063e+01
4.019324620693452488e+01
3.980637253015459720e+01
