2.374086132854784381e+01
2.416260121003570305e+01
2.457311499865355131e+01
2.497286866857774612e+01
2.536246027483565513e+01
2.574261333975623955e+01
2.611416842569452612e+01
2.647807296243209763e+01
2.683536942726203733e+01
2.718718200467126778e+01
2.753470188015922204e+01
2.787917134852345313e+01
2.822186694033692689e+01
2.856408179084272092e+01
2.890710749260945178e+01
2.925221568662771432e+01
2.960063965572450329e+01
2.995355618897032457e+01
3.031206798595780683e+01
3.067718686535180339e+01
3.104981803295603271e+01
3.143074565079168892e+01
3.182061993055388527e+01
3.221994595257395133e+01
3.262907438545126837e+01
3.304819425228912877e+01
3.347732785749177964e+01
3.391632795395805999e+01
3.436487719486420644e+01
3.482248987774685389e+01
3.528851595195298785e+01
3.576214722442587401e+01
3.624242566391001219e+01
3.672825367064891822e+01
3.721840614812391124e+01
3.771154418589926394e+01
3.820623013869232665e+01
3.870094386678408682e+01
3.919409988716635951e+01
3.968406517360732977e+01
4.016917733726968720e+01
4.064776291766325755e+01
4.111815551652088629e+01
4.157871351450212671e+01
4.202783712222707635e+01
4.246398453272699669e+01
4.288568696155630988e+01
4.329156238315776761e+01
4.368032779705613677e+01
4.405080988461737945e+01
4.440195394584426936e+01
4.473283103547145600e+01
4.504264324788854879e+01
4.533072713062906445e+01
4.559655523577912817e+01
4.583973584723079142e+01
4.606001094872738832e+01
4.625725252279153921e+01
4.643145729349367201e+01
4.658274004635393339e+01
4.671132567623958920e+01
4.681754012873992110e+01
4.690180041209156769e+01
4.696460386519965624e+01
4.700651687268518941e+01
4.702816322019940998e+01
4.703021228260173814e+01
4.701336723410662444e+01
4.697835346331838480e+01
4.692590736740775270e+01
4.685676568870366054e+01
4.677165554394115787e+01
4.667128528152529299e+01
4.655633628571341376e+01
4.642745582880348110e+01
4.628525105353229918e+01
4.613028414815595823e+01
4.596306875638602207e+01
4.578406764372844862e+01
4.559369162108105655e+01
4.539229970593984831e+01
4.518020048149561063e+01
4.495765459452412927e+01
4.472487831453217666e+01
4.448204805936730821e+01
4.422930577666205210e+01
4.396676505631932486e+01
4.369451783694521652e+01
4.341264155895137122e+01
4.312120660913710424e+01
4.282028389612283092e+01
4.250995239317144581e+01
4.219030648482804224e+01
4.186146295649956528e+01
4.152356747163948825e+01
4.117680038956859789e+01
4.082138178811159435e+01
4.045757556904636232e+01
4.008569254067671039e+01
3.970609239044451755e+01
