2.689531151987099733e+01
2.732416902563677397e+01
2.773746777949196485e+01
2.813578724794123076e+01
2.851985413975899775e+01
2.889053330242475681e+01
2.924881674449704860e+01
2.959581090072384413e+01
2.993272228602831575e+01
3.026084171214081309e+01
3.058152726604664906e+01
3.089618627204168888e+01
3.120625647856864759e+01
3.151318672671843402e+01
3.181841736894392270e+01
3.212336071387419878e+01
3.242938177589989124e+01
3.273777960631170458e+01
3.304976947616626148e+01
3.336646616978627122e+01
3.368886863202170900e+01
3.401784619234437912e+01
3.435412656485730309e+01
3.469828579576731897e+01
3.505074029930686663e+01
3.541174109001804737e+01
3.578137028436479739e+01
3.615953990844359822e+01
3.654599301179679571e+01
3.694030705069217646e+01
3.734189946838346685e+01
3.775003536549628791e+01
3.816383712141277584e+01
3.858229579795701625e+01
3.900428413033690589e+01
3.942857088765163098e+01
3.985383636669616436e+01
4.027868876860470948e+01
4.070168119825275710e+01
4.112132902142844415e+01
4.153612731456514240e+01
4.194456814624506791e+01
4.234515743855672554e+01
4.273643116944662523e+01
4.311697069413033745e+01
4.348541698398921795e+01
4.384048360472561967e+01
4.418096828135868037e+01
4.450576292535775025e+01
4.481386202828369392e+01
4.510436935611957665e+01
4.537650290848672796e+01
4.562959813656942032e+01
4.586310944229190767e+01
4.607661000861008915e+01
4.626979003624778386e+01
4.644245348543481811e+01
4.659451344185666244e+01
4.672598624383237365e+01
4.683698452251525879e+01
4.692770931849914717e+01
4.699844144657190981e+01
4.704953228546697375e+01
4.708139417138484362e+01
4.709449057290662921e+01
4.708932622085185216e+01
4.706643735985309007e+01
4.702638227916982316e+01
4.696973226879522656e+01
4.689706313353745060e+01
4.680894738274677280e+01
4.670594719705113818e+01
4.658860825614932111e+01
4.645745449369193381e+01
4.631298382688063242e+01
4.615566488988210381e+01
4.598593478179015648e+01
4.580419782190841005e+01
4.561082528780971046e+01
4.540615609517170270e+01
4.519049836298534473e+01
4.496413179355841550e+01
4.472731078395174364e+01
4.448026817422771018e+01
4.422321952827475400e+01
4.395636783510920509e+01
4.367990851253059503e+01
4.339403459087583315e+01
4.309894195245275483e+01
4.279483450204217121e+01
4.248192914567722767e+01
4.216046045870130854e+01
4.183068492987943188e+01
4.149288467599284047e+01
4.114737053084770935e+01
4.079448442383529283e+01
4.043460097598241276e+01
4.006812825564986724e+01
3.969550765149812577e+01
3.931721283680557377e+01
