2.635656128003230947e+01
2.676009982176593027e+01
2.714521666872076722e+01
2.751250830766109701e+01
2.786274713328547392e+01
2.819687241684517787e+01
2.851597904365776870e+01
2.882130413807755431e+01
2.911421172946128877e+01
2.939617564585422116e+01
2.966876085286180498e+01
2.993360348285209938e+01
3.019238982367578572e+01
3.044683455598219979e+01
3.069865854349879442e+01
3.094956649098012846e+01
3.120122478962523971e+01
3.145523986946581729e+01
3.171313737244218345e+01
3.197634244867501607e+01
3.224616146193621802e+01
3.252376536878662705e+01
3.281017500964002664e+01
3.310624851956879411e+01
3.341267103256306825e+01
3.372994681576627585e+01
3.405839393066719367e+01
3.439814147702718117e+01
3.474912943326070547e+01
3.511111106484129607e+01
3.548365783087587744e+01
3.586616667904304734e+01
3.625786958139689631e+01
3.665784512875824674e+01
3.706503197023857865e+01
3.747824385737666830e+01
3.789618602993324714e+01
3.831747266294328114e+01
3.874064508243674965e+01
3.916419045049729419e+01
3.958656061905833923e+01
4.000619085600331459e+01
4.042151815655732605e+01
4.083099886737326756e+01
4.123312536974987808e+01
4.162644159161852286e+01
4.200955714477794345e+01
4.238115991373172875e+01
4.274002695476600877e+01
4.308503359790240950e+01
4.341516067939017631e+01
4.372949986774644060e+01
4.402725708134580884e+01
4.430775402950532538e+01
4.457042794132634356e+01
4.481482957661561528e+01
4.504061964055622980e+01
4.524756374793984293e+01
4.543552610339084907e+01
4.560446208078299435e+01
4.575440989781236567e+01
4.588548159030830220e+01
4.599785349532670153e+01
4.609175645243306008e+01
4.616746592897295187e+01
4.622529226777091083e+01
4.626557124484434524e+01
4.628865511071391836e+01
4.629490427210397030e+01
4.628467975167197324e+01
4.625833654231986003e+01
4.621621795009606615e+01
4.615865099613957057e+01
4.608594292404654880e+01
4.599837883486996759e+01
4.589622044817807733e+01
4.577970596457502239e+01
4.564905098323989563e+01
4.550445040769697869e+01
4.534608125451271121e+01
4.517410626318816469e+01
4.498867819139098145e+01
4.478994466804515184e+01
4.457805346777523425e+01
4.435315806389051829e+01
4.411542331351910207e+01
4.386503112766001777e+01
4.360218598077962326e+01
4.332712011903117855e+01
4.304009833312746025e+01
4.274142217117639575e+01
4.243143347821380473e+01
4.211051716253962240e+01
4.177910310403013483e+01
4.143766713611400831e+01
4.108673105078666765e+01
4.072686159460147337e+01
4.035866844272939602e+01
3.998280115759436626e+01
3.959994515798354797e+01
