2.474108744166156271e+01
2.523983366586004351e+01
2.572865643449748774e+01
2.620777729410425749e+01
2.667752744182012847e+01
2.713834164003186089e+01
2.759075063191929189e+01
2.803537214108622777e+01
2.847290056345117293e+01
2.890409548336955936e+01
2.932976916805132461e+01
2.975077321424030075e+01
3.016798453838155680e+01
3.058229091571846325e+01
3.099457628455268221e+01
3.140570603899524471e+01
3.181651253668778168e+01
3.222778104704600111e+01
3.264023636050199428e+01
3.305453027002418054e+01
3.347123012298705191e+01
3.389080862444928499e+01
3.431363505236898703e+01
3.473996802160925768e+01
3.516994990720338876e+01
3.560360300878323159e+01
3.604082750787189582e+01
3.648140123852270023e+01
3.692498126017763838e+01
3.737110719027133854e+01
3.781920622366491358e+01
3.826859973708269536e+01
3.871851134995135624e+01
3.916807628893553783e+01
3.961635188253600859e+01
4.006232899476870557e+01
4.050494419351149133e+01
4.094309243984795899e+01
4.137564007977971414e+01
4.180143791910037265e+01
4.221933416594068689e+01
4.262818703339814874e+01
4.302687680647551360e+01
4.341431719297945335e+01
4.378946579664465588e+01
4.415133357209321474e+01
4.449899314479255708e+01
4.483158590436347879e+01
4.514832780584118410e+01
4.544851384020071094e+01
4.573152116202734874e+01
4.599681088809730056e+01
4.624392860525253468e+01
4.647250364886795637e+01
4.668224723393266373e+01
4.687294953898759076e+01
4.704447585852163627e+01
4.719676195178032430e+01
4.732980872509012471e+01
4.744367639073151111e+01
4.753847824810124933e+01
4.761437423252105106e+01
4.767156437368768707e+01
4.771028229970908541e+01
4.773078891414674985e+01
4.773336636285421974e+01
4.771831239497392119e+01
4.768593520862716417e+01
4.763654885695708430e+01
4.757046927464532615e+01
4.748801096918245435e+01
4.738948440536322693e+01
4.727519409601356415e+01
4.714543739712373593e+01
4.700050399158301673e+01
4.684067603280870173e+01
4.666622890785816935e+01
4.647743256926787581e+01
4.627455337589528028e+01
4.605785637554004808e+01
4.582760795605067727e+01
4.558407878698999838e+01
4.532754697066249605e+01
4.505830131936266980e+01
4.477664467498828316e+01
4.448289718760351974e+01
4.417739947106189646e+01
4.386051555630402987e+01
4.353263556638179921e+01
4.319417804155071394e+01
4.284559184785449304e+01
4.248735760847134912e+01
4.211998860364382580e+01
4.174403109224728325e+01
4.136006401594983117e+01
4.096869805542424103e+01
4.057057401719320211e+01
4.016636053935150841e+01
3.975675111458723876e+01
3.934246043954087213e+01
