2.556893248679837072e+01
2.599273606220738131e+01
2.640244512464036930e+01
2.679876907059257718e+01
2.718257174337562887e+01
2.755486090683150024e+01
2.791677560166261074e+01
2.826957151516318945e+01
2.861460452957688716e+01
2.895331264695164819e+01
2.928719651855461592e+01
2.961779883403570679e+01
2.994668284899564981e+01
3.027541034889999594e+01
3.060551936193209954e+01
3.093850194300310008e+01
3.127578235545922780e+01
3.161869597584493619e+01
3.196846924031115833e+01
3.232620093892362689e+01
3.269284514635577210e+01
3.306919605448479871e+01
3.345587494460831834e+01
3.385331950478883556e+01
3.426177566178854761e+01
3.468129205777521662e+01
3.511171726017831674e+01
3.555269974950104483e+01
3.600369068533979799e+01
3.646394940615967073e+01
3.693255157434627733e+01
3.740839983551153125e+01
3.789023682079066901e+01
3.837666028364245818e+01
3.886614012917972616e+01
3.935703706489539400e+01
3.984762257735795998e+01
4.033609992044201675e+01
4.082062578726978330e+01
4.129933233045851182e+01
4.177034919360455945e+01
4.223182522114902326e+01
4.268194952372453344e+01
4.311897159152130854e+01
4.354122016878477552e+01
4.394712062778855710e+01
4.433521061001622598e+01
4.470415373517441537e+01
4.505275121443157360e+01
4.537995124217712828e+01
4.568485607992369779e+01
4.596672678595152206e+01
4.622498558421564496e+01
4.645921590512763544e+01
4.666916016845892301e+01
4.685471541409249596e+01
4.701592691913369038e+01
4.715297996943604630e+01
4.726618997949237411e+01
4.735599117649859835e+01
4.742292408197180720e+01
4.746762203740687625e+01
4.749079702897500255e+01
4.749322507021923201e+01
4.747573140113875212e+01
4.743917575713248169e+01
4.738443795221010646e+01
4.731240400796161794e+01
4.722395304333146981e+01
4.711994512067138885e+01
4.700121022124160675e+01
4.686853849877233102e+01
4.672267193332508128e+01
4.656429747999901281e+01
4.639404177850014577e+01
4.621246746067523503e+01
4.602007106431598515e+01
4.581728253326594569e+01
4.560446625656561537e+01
4.538192357344087924e+01
4.514989664672319947e+01
4.490857358515737729e+01
4.465809467524964305e+01
4.439855956614535160e+01
4.413003523667281058e+01
4.385256456235168088e+01
4.356617529197662009e+01
4.327088923841044732e+01
4.296673148654904395e+01
4.265373942303101273e+01
4.233197139710853918e+01
4.200151483014039400e+01
4.166249360222897735e+01
4.131507455848161925e+01
4.095947299399627894e+01
4.059595699572021488e+01
4.022485054051202269e+01
3.984653527172860521e+01
3.946145090111991749e+01
3.907009420832754643e+01
