7.992390441894531250e+01
7.950046539306640625e+01
7.907701110839843750e+01
7.865357208251953125e+01
7.823012542724609375e+01
7.780667877197265625e+01
7.738323974609375000e+01
7.695980072021484375e+01
7.653634643554687500e+01
7.611289978027343750e+01
7.568946075439453125e+01
7.526602172851562500e+01
7.484257507324218750e+01
7.441912841796875000e+01
7.399568939208984375e+01
7.357223510742187500e+01
7.314879608154296875e+01
7.272534942626953125e+01
7.230190277099609375e+01
7.187846374511718750e+01
7.145501708984375000e+01
7.103157806396484375e+01
7.060812377929687500e+01
7.018468475341796875e+01
6.976124572753906250e+01
6.933779144287109375e+01
6.891435241699218750e+01
6.849091339111328125e+01
6.806745910644531250e+01
6.764402008056640625e+01
6.722057342529296875e+01
6.679713439941406250e+01
6.637368774414062500e+01
6.595024108886718750e+01
6.552680206298828125e+01
6.510334777832031250e+01
6.467990875244140625e+01
6.425646972656250000e+01
6.383301925659179688e+01
6.340957641601562500e+01
6.298612976074218750e+01
6.256268692016601562e+01
6.213925170898437500e+01
6.171580123901367188e+01
6.129235458374023438e+01
6.086890792846679688e+01
6.044546890258789062e+01
6.002202606201171875e+01
5.959857940673828125e+01
5.917513275146484375e+01
5.875169372558593750e+01
5.832824325561523438e+01
5.790480041503906250e+01
5.748135757446289062e+01
5.705791091918945312e+01
5.663447570800781250e+01
5.621102523803710938e+01
5.578758239746093750e+01
5.536413192749023438e+01
5.494069290161132812e+01
5.451725006103515625e+01
5.409379959106445312e+01
5.367034912109375000e+01
5.324691390991210938e+01
5.282346725463867188e+01
5.240002059936523438e+01
5.197658157348632812e+01
5.155313873291015625e+01
5.112969589233398438e+01
5.070624923706054688e+01
5.028280258178710938e+01
4.985935592651367188e+01
4.943591690063476562e+01
4.901247024536132812e+01
4.858902359008789062e+01
4.816557693481445312e+01
4.774213790893554688e+01
4.731869506835937500e+01
4.689524459838867188e+01
4.647180557250976562e+01
4.604835891723632812e+01
4.562491989135742188e+01
4.520147323608398438e+01
4.477802658081054688e+01
4.435458755493164062e+01
4.393114089965820312e+01
4.350769424438476562e+01
4.308425140380859375e+01
4.266080474853515625e+01
4.223736190795898438e+01
4.181391525268554688e+01
4.139046859741210938e+01
4.096702957153320312e+01
4.054358291625976562e+01
4.012014389038085938e+01
3.969669723510742188e+01
3.927325057983398438e+01
3.884981155395507812e+01
3.842636489868164062e+01
3.800291824340820312e+01
