7.923535919189453125e+01
7.881533813476562500e+01
7.839530944824218750e+01
7.797527313232421875e+01
7.755525970458984375e+01
7.713523864746093750e+01
7.671520996093750000e+01
7.629518127441406250e+01
7.587515258789062500e+01
7.545512390136718750e+01
7.503510284423828125e+01
7.461508178710937500e+01
7.419505310058593750e+01
7.377502441406250000e+01
7.335500335693359375e+01
7.293497467041015625e+01
7.251495361328125000e+01
7.209492492675781250e+01
7.167489624023437500e+01
7.125485992431640625e+01
7.083483886718750000e+01
7.041482543945312500e+01
6.999479675292968750e+01
6.957476043701171875e+01
6.915473937988281250e+01
6.873471069335937500e+01
6.831469726562500000e+01
6.789466094970703125e+01
6.747463989257812500e+01
6.705461120605468750e+01
6.663458251953125000e+01
6.621454620361328125e+01
6.579454040527343750e+01
6.537450408935546875e+01
6.495448303222656250e+01
6.453444671630859375e+01
6.411442565917968750e+01
6.369440078735351562e+01
6.327437973022460938e+01
6.285435104370117188e+01
6.243432617187500000e+01
6.201430130004882812e+01
6.159427642822265625e+01
6.117424392700195312e+01
6.075421905517578125e+01
6.033419418334960938e+01
5.991416931152343750e+01
5.949414443969726562e+01
5.907411956787109375e+01
5.865408706665039062e+01
5.823406982421875000e+01
5.781404495239257812e+01
5.739402008056640625e+01
5.697398757934570312e+01
5.655396270751953125e+01
5.613393783569335938e+01
5.571391296386718750e+01
5.529388046264648438e+01
5.487385559082031250e+01
5.445383071899414062e+01
5.403381347656250000e+01
5.361378097534179688e+01
5.319375610351562500e+01
5.277373123168945312e+01
5.235370254516601562e+01
5.193367385864257812e+01
5.151365280151367188e+01
5.109362411499023438e+01
5.067359924316406250e+01
5.025357437133789062e+01
4.983354568481445312e+01
4.941351699829101562e+01
4.899349594116210938e+01
4.857346725463867188e+01
4.815344619750976562e+01
4.773341751098632812e+01
4.731339645385742188e+01
4.689336395263671875e+01
4.647333908081054688e+01
4.605331420898437500e+01
4.563328933715820312e+01
4.521326065063476562e+01
4.479323577880859375e+01
4.437321090698242188e+01
4.395318984985351562e+01
4.353316116333007812e+01
4.311313247680664062e+01
4.269310760498046875e+01
4.227308273315429688e+01
4.185305786132812500e+01
4.143303298950195312e+01
4.101300811767578125e+01
4.059297561645507812e+01
4.017295455932617188e+01
3.975292968750000000e+01
3.933290100097656250e+01
3.891287612915039062e+01
3.849285125732421875e+01
3.807282638549804688e+01
3.765279388427734375e+01
