7.854270172119140625e+01
7.812631988525390625e+01
7.770992279052734375e+01
7.729354095458984375e+01
7.687714385986328125e+01
7.646074676513671875e+01
7.604436492919921875e+01
7.562796783447265625e+01
7.521158599853515625e+01
7.479518890380859375e+01
7.437879180908203125e+01
7.396240997314453125e+01
7.354601287841796875e+01
7.312963104248046875e+01
7.271323394775390625e+01
7.229685211181640625e+01
7.188045501708984375e+01
7.146405792236328125e+01
7.104767608642578125e+01
7.063127899169921875e+01
7.021488189697265625e+01
6.979850006103515625e+01
6.938210296630859375e+01
6.896572113037109375e+01
6.854932403564453125e+01
6.813294219970703125e+01
6.771654510498046875e+01
6.730015563964843750e+01
6.688376617431640625e+01
6.646736907958984375e+01
6.605098724365234375e+01
6.563459014892578125e+01
6.521819305419921875e+01
6.480181121826171875e+01
6.438541412353515625e+01
6.396903228759765625e+01
6.355263900756835938e+01
6.313624954223632812e+01
6.271985626220703125e+01
6.230347061157226562e+01
6.188707351684570312e+01
6.147068786621093750e+01
6.105429840087890625e+01
6.063790130615234375e+01
6.022151184082031250e+01
5.980512619018554688e+01
5.938873291015625000e+01
5.897234344482421875e+01
5.855594253540039062e+01
5.813955688476562500e+01
5.772316741943359375e+01
5.730677413940429688e+01
5.689038848876953125e+01
5.647399520874023438e+01
5.605760574340820312e+01
5.564121246337890625e+01
5.522482681274414062e+01
5.480842971801757812e+01
5.439204406738281250e+01
5.397565460205078125e+01
5.355925750732421875e+01
5.314286804199218750e+01
5.272647476196289062e+01
5.231008911132812500e+01
5.189369964599609375e+01
5.147731018066406250e+01
5.106091308593750000e+01
5.064452362060546875e+01
5.022813415527343750e+01
4.981174468994140625e+01
4.939535522460937500e+01
4.897895812988281250e+01
4.856257629394531250e+01
4.814617919921875000e+01
4.772978591918945312e+01
4.731340026855468750e+01
4.689701080322265625e+01
4.648061752319335938e+01
4.606422424316406250e+01
4.564783477783203125e+01
4.523144531250000000e+01
4.481505584716796875e+01
4.439866638183593750e+01
4.398226928710937500e+01
4.356588745117187500e+01
4.314949035644531250e+01
4.273310089111328125e+01
4.231671142578125000e+01
4.190031433105468750e+01
4.148393249511718750e+01
4.106753540039062500e+01
4.065114212036132812e+01
4.023475646972656250e+01
3.981836700439453125e+01
3.940197372436523438e+01
3.898558044433593750e+01
3.856919097900390625e+01
3.815280151367187500e+01
3.773641204833984375e+01
3.732002258300781250e+01
