7.992387390136718750e+01
7.950037384033203125e+01
7.907688140869140625e+01
7.865338134765625000e+01
7.822988891601562500e+01
7.780638885498046875e+01
7.738288879394531250e+01
7.695939636230468750e+01
7.653589630126953125e+01
7.611240386962890625e+01
7.568891143798828125e+01
7.526541137695312500e+01
7.484191131591796875e+01
7.441842651367187500e+01
7.399492645263671875e+01
7.357142639160156250e+01
7.314792633056640625e+01
7.272443389892578125e+01
7.230093383789062500e+01
7.187744140625000000e+01
7.145394134521484375e+01
7.103044891357421875e+01
7.060695648193359375e+01
7.018345642089843750e+01
6.975995635986328125e+01
6.933646392822265625e+01
6.891296386718750000e+01
6.848947143554687500e+01
6.806597137451171875e+01
6.764247894287109375e+01
6.721897888183593750e+01
6.679548645019531250e+01
6.637198638916015625e+01
6.594849395751953125e+01
6.552500152587890625e+01
6.510150146484375000e+01
6.467800903320312500e+01
6.425450897216796875e+01
6.383102035522460938e+01
6.340752029418945312e+01
6.298402404785156250e+01
6.256052398681640625e+01
6.213702392578125000e+01
6.171353149414062500e+01
6.129003906250000000e+01
6.086653900146484375e+01
6.044304275512695312e+01
6.001955032348632812e+01
5.959605026245117188e+01
5.917255783081054688e+01
5.874906158447265625e+01
5.832556152343750000e+01
5.790206909179687500e+01
5.747856903076171875e+01
5.705507659912109375e+01
5.663157653808593750e+01
5.620808029174804688e+01
5.578458786010742188e+01
5.536108779907226562e+01
5.493759536743164062e+01
5.451409912109375000e+01
5.409059906005859375e+01
5.366709899902343750e+01
5.324360656738281250e+01
5.282011413574218750e+01
5.239661407470703125e+01
5.197311782836914062e+01
5.154962921142578125e+01
5.112612533569335938e+01
5.070263290405273438e+01
5.027913284301757812e+01
4.985563659667968750e+01
4.943214416503906250e+01
4.900864410400390625e+01
4.858515167236328125e+01
4.816165161132812500e+01
4.773815536499023438e+01
4.731466293334960938e+01
4.689116668701171875e+01
4.646767044067382812e+01
4.604417419433593750e+01
4.562067413330078125e+01
4.519718170166015625e+01
4.477368164062500000e+01
4.435018920898437500e+01
4.392668914794921875e+01
4.350319290161132812e+01
4.307970046997070312e+01
4.265620040893554688e+01
4.223270797729492188e+01
4.180920791625976562e+01
4.138571166992187500e+01
4.096221923828125000e+01
4.053872299194335938e+01
4.011522674560546875e+01
3.969172668457031250e+01
3.926823043823242188e+01
3.884474182128906250e+01
3.842124176025390625e+01
3.799774551391601562e+01
