7.864420318603515625e+01
7.823210906982421875e+01
7.782001495361328125e+01
7.740792083740234375e+01
7.699581909179687500e+01
7.658371734619140625e+01
7.617162322998046875e+01
7.575952148437500000e+01
7.534743499755859375e+01
7.493534088134765625e+01
7.452324676513671875e+01
7.411115264892578125e+01
7.369905853271484375e+01
7.328696441650390625e+01
7.287487030029296875e+01
7.246277618408203125e+01
7.205067443847656250e+01
7.163858032226562500e+01
7.122648620605468750e+01
7.081438446044921875e+01
7.040229034423828125e+01
6.999019622802734375e+01
6.957810211181640625e+01
6.916600799560546875e+01
6.875391387939453125e+01
6.834181976318359375e+01
6.792972564697265625e+01
6.751763153076171875e+01
6.710552978515625000e+01
6.669342803955078125e+01
6.628133392333984375e+01
6.586923980712890625e+01
6.545714569091796875e+01
6.504505157470703125e+01
6.463295745849609375e+01
6.422086334228515625e+01
6.380876159667968750e+01
6.339667510986328125e+01
6.298457336425781250e+01
6.257247543334960938e+01
6.216038894653320312e+01
6.174828720092773438e+01
6.133619308471679688e+01
6.092409896850585938e+01
6.051200485229492188e+01
6.009990692138671875e+01
5.968781280517578125e+01
5.927571868896484375e+01
5.886361694335937500e+01
5.845152664184570312e+01
5.803942489624023438e+01
5.762733840942382812e+01
5.721523666381835938e+01
5.680314254760742188e+01
5.639104843139648438e+01
5.597895050048828125e+01
5.556685638427734375e+01
5.515476226806640625e+01
5.474266815185546875e+01
5.433057403564453125e+01
5.391847991943359375e+01
5.350638198852539062e+01
5.309428024291992188e+01
5.268218612670898438e+01
5.227009201049804688e+01
5.185800170898437500e+01
5.144589996337890625e+01
5.103381347656250000e+01
5.062171173095703125e+01
5.020961761474609375e+01
4.979752349853515625e+01
4.938542175292968750e+01
4.897333526611328125e+01
4.856123733520507812e+01
4.814913940429687500e+01
4.773704528808593750e+01
4.732495498657226562e+01
4.691285705566406250e+01
4.650075531005859375e+01
4.608866119384765625e+01
4.567656707763671875e+01
4.526447296142578125e+01
4.485237884521484375e+01
4.444028472900390625e+01
4.402818679809570312e+01
4.361609268188476562e+01
4.320399475097656250e+01
4.279190063476562500e+01
4.237980651855468750e+01
4.196771240234375000e+01
4.155561828613281250e+01
4.114351654052734375e+01
4.073142242431640625e+01
4.031932830810546875e+01
3.990723037719726562e+01
3.949513626098632812e+01
3.908303833007812500e+01
3.867095184326171875e+01
3.825885009765625000e+01
3.784675598144531250e+01
