7.801660919189453125e+01
7.761338806152343750e+01
7.721015930175781250e+01
7.680693817138671875e+01
7.640370941162109375e+01
7.600047302246093750e+01
7.559725189208984375e+01
7.519402313232421875e+01
7.479079437255859375e+01
7.438756561279296875e+01
7.398433685302734375e+01
7.358110809326171875e+01
7.317788696289062500e+01
7.277465820312500000e+01
7.237142181396484375e+01
7.196820068359375000e+01
7.156497192382812500e+01
7.116173553466796875e+01
7.075851440429687500e+01
7.035527801513671875e+01
6.995205688476562500e+01
6.954882812500000000e+01
6.914559936523437500e+01
6.874237823486328125e+01
6.833913421630859375e+01
6.793592071533203125e+01
6.753268432617187500e+01
6.712946319580078125e+01
6.672623443603515625e+01
6.632299804687500000e+01
6.591977691650390625e+01
6.551654052734375000e+01
6.511331939697265625e+01
6.471009063720703125e+01
6.430686187744140625e+01
6.390363693237304688e+01
6.350040435791015625e+01
6.309717559814453125e+01
6.269395065307617188e+01
6.229071807861328125e+01
6.188748931884765625e+01
6.148426818847656250e+01
6.108103561401367188e+01
6.067780685424804688e+01
6.027458190917968750e+01
5.987134933471679688e+01
5.946812438964843750e+01
5.906489944458007812e+01
5.866166687011718750e+01
5.825843811035156250e+01
5.785521316528320312e+01
5.745198822021484375e+01
5.704875564575195312e+01
5.664552688598632812e+01
5.624229812622070312e+01
5.583906936645507812e+01
5.543584442138671875e+01
5.503261184692382812e+01
5.462938690185546875e+01
5.422616195678710938e+01
5.382292938232421875e+01
5.341970062255859375e+01
5.301647567749023438e+01
5.261325073242187500e+01
5.221001815795898438e+01
5.180678939819335938e+01
5.140356063842773438e+01
5.100033569335937500e+01
5.059710693359375000e+01
5.019388198852539062e+01
4.979064941406250000e+01
4.938742446899414062e+01
4.898419189453125000e+01
4.858096313476562500e+01
4.817773818969726562e+01
4.777450561523437500e+01
4.737128067016601562e+01
4.696805191040039062e+01
4.656482315063476562e+01
4.616159439086914062e+01
4.575837326049804688e+01
4.535514450073242188e+01
4.495191192626953125e+01
4.454868316650390625e+01
4.414545822143554688e+01
4.374222946166992188e+01
4.333900070190429688e+01
4.293577575683593750e+01
4.253254318237304688e+01
4.212931442260742188e+01
4.172608566284179688e+01
4.132286071777343750e+01
4.091963195800781250e+01
4.051640701293945312e+01
4.011317443847656250e+01
3.970994567871093750e+01
3.930672073364257812e+01
3.890349197387695312e+01
3.850026702880859375e+01
3.809703826904296875e+01
