7.851522827148437500e+01
7.810403442382812500e+01
7.769282531738281250e+01
7.728161621093750000e+01
7.687042236328125000e+01
7.645921325683593750e+01
7.604800415039062500e+01
7.563680267333984375e+01
7.522560119628906250e+01
7.481438446044921875e+01
7.440319061279296875e+01
7.399198913574218750e+01
7.358078765869140625e+01
7.316957855224609375e+01
7.275837707519531250e+01
7.234716033935546875e+01
7.193595886230468750e+01
7.152476501464843750e+01
7.111356353759765625e+01
7.070235443115234375e+01
7.029115295410156250e+01
6.987994384765625000e+01
6.946875000000000000e+01
6.905754089355468750e+01
6.864633941650390625e+01
6.823513793945312500e+01
6.782392120361328125e+01
6.741272735595703125e+01
6.700152587890625000e+01
6.659030914306640625e+01
6.617911529541015625e+01
6.576791381835937500e+01
6.535669708251953125e+01
6.494550323486328125e+01
6.453430175781250000e+01
6.412308502197265625e+01
6.371188735961914062e+01
6.330068206787109375e+01
6.288948822021484375e+01
6.247827529907226562e+01
6.206707000732421875e+01
6.165587615966796875e+01
6.124466705322265625e+01
6.083346176147460938e+01
6.042224884033203125e+01
6.001105117797851562e+01
5.959984970092773438e+01
5.918864440917968750e+01
5.877743911743164062e+01
5.836623764038085938e+01
5.795503616333007812e+01
5.754383087158203125e+01
5.713262557983398438e+01
5.672142028808593750e+01
5.631021881103515625e+01
5.589901351928710938e+01
5.548780441284179688e+01
5.507659912109375000e+01
5.466540145874023438e+01
5.425419998168945312e+01
5.384299468994140625e+01
5.343178939819335938e+01
5.302058029174804688e+01
5.260938262939453125e+01
5.219817352294921875e+01
5.178696823120117188e+01
5.137577056884765625e+01
5.096456527709960938e+01
5.055336380004882812e+01
5.014215469360351562e+01
4.973094940185546875e+01
4.931974411010742188e+01
4.890854263305664062e+01
4.849734115600585938e+01
4.808613204956054688e+01
4.767493057250976562e+01
4.726373291015625000e+01
4.685252380371093750e+01
4.644131851196289062e+01
4.603011703491210938e+01
4.561891555786132812e+01
4.520771408081054688e+01
4.479650115966796875e+01
4.438529586791992188e+01
4.397409820556640625e+01
4.356289291381835938e+01
4.315169525146484375e+01
4.274048233032226562e+01
4.232927703857421875e+01
4.191807937622070312e+01
4.150687026977539062e+01
4.109566879272460938e+01
4.068446350097656250e+01
4.027325820922851562e+01
3.986205673217773438e+01
3.945085525512695312e+01
3.903964614868164062e+01
3.862844467163085938e+01
3.821724319458007812e+01
3.780603790283203125e+01
