7.909141540527343750e+01
7.867518615722656250e+01
7.825897216796875000e+01
7.784275054931640625e+01
7.742653656005859375e+01
7.701031494140625000e+01
7.659410095214843750e+01
7.617787933349609375e+01
7.576166534423828125e+01
7.534544372558593750e+01
7.492922973632812500e+01
7.451301574707031250e+01
7.409679412841796875e+01
7.368057250976562500e+01
7.326436614990234375e+01
7.284814453125000000e+01
7.243191528320312500e+01
7.201570129394531250e+01
7.159948730468750000e+01
7.118326568603515625e+01
7.076704406738281250e+01
7.035083007812500000e+01
6.993461608886718750e+01
6.951839447021484375e+01
6.910217285156250000e+01
6.868595886230468750e+01
6.826974487304687500e+01
6.785353088378906250e+01
6.743730163574218750e+01
6.702108764648437500e+01
6.660487365722656250e+01
6.618865203857421875e+01
6.577243041992187500e+01
6.535621643066406250e+01
6.494000244140625000e+01
6.452378082275390625e+01
6.410755920410156250e+01
6.369134902954101562e+01
6.327512359619140625e+01
6.285891342163085938e+01
6.244269561767578125e+01
6.202648162841796875e+01
6.161026382446289062e+01
6.119403839111328125e+01
6.077782440185546875e+01
6.036160659790039062e+01
5.994538879394531250e+01
5.952916717529296875e+01
5.911295700073242188e+01
5.869673156738281250e+01
5.828051757812500000e+01
5.786429977416992188e+01
5.744808197021484375e+01
5.703186416625976562e+01
5.661565017700195312e+01
5.619943237304687500e+01
5.578321075439453125e+01
5.536698913574218750e+01
5.495077514648437500e+01
5.453456115722656250e+01
5.411833572387695312e+01
5.370211791992187500e+01
5.328590774536132812e+01
5.286968612670898438e+01
5.245346832275390625e+01
5.203724670410156250e+01
5.162103271484375000e+01
5.120481491088867188e+01
5.078859710693359375e+01
5.037237548828125000e+01
4.995615768432617188e+01
4.953993988037109375e+01
4.912372589111328125e+01
4.870750808715820312e+01
4.829129028320312500e+01
4.787506866455078125e+01
4.745885467529296875e+01
4.704263687133789062e+01
4.662641906738281250e+01
4.621020126342773438e+01
4.579398345947265625e+01
4.537776184082031250e+01
4.496155166625976562e+01
4.454532623291015625e+01
4.412911605834960938e+01
4.371289443969726562e+01
4.329667663574218750e+01
4.288045883178710938e+01
4.246424102783203125e+01
4.204801940917968750e+01
4.163180541992187500e+01
4.121558380126953125e+01
4.079936981201171875e+01
4.038315582275390625e+01
3.996693038940429688e+01
3.955071258544921875e+01
3.913449859619140625e+01
3.871828460693359375e+01
3.830206298828125000e+01
3.788584518432617188e+01
