7.937035369873046875e+01
7.895082855224609375e+01
7.853130340576171875e+01
7.811177825927734375e+01
7.769223785400390625e+01
7.727271270751953125e+01
7.685317993164062500e+01
7.643365478515625000e+01
7.601412200927734375e+01
7.559459686279296875e+01
7.517506408691406250e+01
7.475553894042968750e+01
7.433600616455078125e+01
7.391647338867187500e+01
7.349694061279296875e+01
7.307741546630859375e+01
7.265789031982421875e+01
7.223836517333984375e+01
7.181882476806640625e+01
7.139929962158203125e+01
7.097976684570312500e+01
7.056023406982421875e+01
7.014070892333984375e+01
6.972118377685546875e+01
6.930164337158203125e+01
6.888211822509765625e+01
6.846258544921875000e+01
6.804306030273437500e+01
6.762352752685546875e+01
6.720401000976562500e+01
6.678447723388671875e+01
6.636493682861328125e+01
6.594541168212890625e+01
6.552588653564453125e+01
6.510635375976562500e+01
6.468682861328125000e+01
6.426730346679687500e+01
6.384776306152343750e+01
6.342823791503906250e+01
6.300870513916015625e+01
6.258917617797851562e+01
6.216965103149414062e+01
6.175011825561523438e+01
6.133058929443359375e+01
6.091105651855468750e+01
6.049152374267578125e+01
6.007199859619140625e+01
5.965246963500976562e+01
5.923293685913085938e+01
5.881340789794921875e+01
5.839388275146484375e+01
5.797434997558593750e+01
5.755481719970703125e+01
5.713528823852539062e+01
5.671576690673828125e+01
5.629623031616210938e+01
5.587670516967773438e+01
5.545716857910156250e+01
5.503764343261718750e+01
5.461811828613281250e+01
5.419858932495117188e+01
5.377905654907226562e+01
5.335952377319335938e+01
5.293999862670898438e+01
5.252046966552734375e+01
5.210093688964843750e+01
5.168140792846679688e+01
5.126187896728515625e+01
5.084235000610351562e+01
5.042281723022460938e+01
5.000328826904296875e+01
4.958375930786132812e+01
4.916422653198242188e+01
4.874470138549804688e+01
4.832517242431640625e+01
4.790563583374023438e+01
4.748611068725585938e+01
4.706658172607421875e+01
4.664704895019531250e+01
4.622751998901367188e+01
4.580799484252929688e+01
4.538846588134765625e+01
4.496893692016601562e+01
4.454940414428710938e+01
4.412987899780273438e+01
4.371034240722656250e+01
4.329081726074218750e+01
4.287128829956054688e+01
4.245175552368164062e+01
4.203222656250000000e+01
4.161269760131835938e+01
4.119316864013671875e+01
4.077363586425781250e+01
4.035411071777343750e+01
3.993458175659179688e+01
3.951504898071289062e+01
3.909552001953125000e+01
3.867599487304687500e+01
3.825646209716796875e+01
3.783693313598632812e+01
