7.861973571777343750e+01
7.821021270751953125e+01
7.780069732666015625e+01
7.739118194580078125e+01
7.698166656494140625e+01
7.657214355468750000e+01
7.616262817382812500e+01
7.575310516357421875e+01
7.534358978271484375e+01
7.493407440185546875e+01
7.452455902099609375e+01
7.411503601074218750e+01
7.370552825927734375e+01
7.329599761962890625e+01
7.288648986816406250e+01
7.247695922851562500e+01
7.206744384765625000e+01
7.165792846679687500e+01
7.124840545654296875e+01
7.083889007568359375e+01
7.042937469482421875e+01
7.001985931396484375e+01
6.961033630371093750e+01
6.920082855224609375e+01
6.879130554199218750e+01
6.838179016113281250e+01
6.797226715087890625e+01
6.756275939941406250e+01
6.715322875976562500e+01
6.674371337890625000e+01
6.633419036865234375e+01
6.592467498779296875e+01
6.551515960693359375e+01
6.510565185546875000e+01
6.469612121582031250e+01
6.428660583496093750e+01
6.387708663940429688e+01
6.346757507324218750e+01
6.305805587768554688e+01
6.264853668212890625e+01
6.223901367187500000e+01
6.182949829101562500e+01
6.141997528076171875e+01
6.101046371459960938e+01
6.060094451904296875e+01
6.019143295288085938e+01
5.978191375732421875e+01
5.937239456176757812e+01
5.896287536621093750e+01
5.855335617065429688e+01
5.814383697509765625e+01
5.773432540893554688e+01
5.732479858398437500e+01
5.691527938842773438e+01
5.650576782226562500e+01
5.609624862670898438e+01
5.568672943115234375e+01
5.527721405029296875e+01
5.486769485473632812e+01
5.445817565917968750e+01
5.404865646362304688e+01
5.363913726806640625e+01
5.322961807250976562e+01
5.282010650634765625e+01
5.241058731079101562e+01
5.200106811523437500e+01
5.159154510498046875e+01
5.118202972412109375e+01
5.077251815795898438e+01
5.036299514770507812e+01
4.995347976684570312e+01
4.954395675659179688e+01
4.913444519042968750e+01
4.872492599487304688e+01
4.831540679931640625e+01
4.790588760375976562e+01
4.749636840820312500e+01
4.708685684204101562e+01
4.667733764648437500e+01
4.626781845092773438e+01
4.585829925537109375e+01
4.544878005981445312e+01
4.503926086425781250e+01
4.462974548339843750e+01
4.422022628784179688e+01
4.381071090698242188e+01
4.340118789672851562e+01
4.299167251586914062e+01
4.258214950561523438e+01
4.217264175415039062e+01
4.176311874389648438e+01
4.135359954833984375e+01
4.094408035278320312e+01
4.053456115722656250e+01
4.012504959106445312e+01
3.971552658081054688e+01
3.930601119995117188e+01
3.889649200439453125e+01
3.848697662353515625e+01
3.807746124267578125e+01
