7.949398803710937500e+01
7.907800292968750000e+01
7.866201019287109375e+01
7.824603271484375000e+01
7.783004760742187500e+01
7.741404724121093750e+01
7.699806213378906250e+01
7.658207702636718750e+01
7.616608428955078125e+01
7.575010681152343750e+01
7.533412170410156250e+01
7.491813659667968750e+01
7.450215148925781250e+01
7.408615112304687500e+01
7.367016601562500000e+01
7.325418090820312500e+01
7.283819580078125000e+01
7.242221069335937500e+01
7.200622558593750000e+01
7.159023284912109375e+01
7.117424011230468750e+01
7.075825500488281250e+01
7.034226989746093750e+01
6.992628479003906250e+01
6.951029968261718750e+01
6.909431457519531250e+01
6.867832183837890625e+01
6.826233673095703125e+01
6.784634399414062500e+01
6.743035888671875000e+01
6.701437377929687500e+01
6.659838867187500000e+01
6.618240356445312500e+01
6.576641845703125000e+01
6.535041809082031250e+01
6.493443298339843750e+01
6.451844787597656250e+01
6.410246276855468750e+01
6.368647384643554688e+01
6.327048873901367188e+01
6.285449981689453125e+01
6.243851089477539062e+01
6.202252578735351562e+01
6.160653686523437500e+01
6.119055557250976562e+01
6.077456283569335938e+01
6.035858154296875000e+01
5.994258880615234375e+01
5.952659988403320312e+01
5.911061096191406250e+01
5.869462966918945312e+01
5.827863693237304688e+01
5.786265563964843750e+01
5.744667053222656250e+01
5.703068923950195312e+01
5.661469268798828125e+01
5.619870758056640625e+01
5.578271102905273438e+01
5.536672973632812500e+01
5.495074462890625000e+01
5.453475570678710938e+01
5.411877059936523438e+01
5.370278167724609375e+01
5.328679275512695312e+01
5.287080764770507812e+01
5.245481872558593750e+01
5.203882980346679688e+01
5.162284851074218750e+01
5.120686340332031250e+01
5.079086685180664062e+01
5.037488555908203125e+01
4.995889282226562500e+01
4.954291152954101562e+01
4.912692260742187500e+01
4.871093750000000000e+01
4.829494476318359375e+01
4.787896728515625000e+01
4.746297454833984375e+01
4.704698562622070312e+01
4.663099670410156250e+01
4.621501159667968750e+01
4.579902648925781250e+01
4.538303756713867188e+01
4.496704864501953125e+01
4.455106353759765625e+01
4.413507843017578125e+01
4.371909332275390625e+01
4.330310058593750000e+01
4.288711166381835938e+01
4.247112655639648438e+01
4.205514526367187500e+01
4.163915252685546875e+01
4.122316741943359375e+01
4.080718231201171875e+01
4.039119720458984375e+01
3.997520446777343750e+01
3.955921554565429688e+01
3.914323043823242188e+01
3.872724151611328125e+01
3.831125640869140625e+01
