7.916342163085937500e+01
7.874713897705078125e+01
7.833085632324218750e+01
7.791456604003906250e+01
7.749827575683593750e+01
7.708199310302734375e+01
7.666570281982421875e+01
7.624941253662109375e+01
7.583312225341796875e+01
7.541683959960937500e+01
7.500055694580078125e+01
7.458426666259765625e+01
7.416798400878906250e+01
7.375169372558593750e+01
7.333541107177734375e+01
7.291912078857421875e+01
7.250283050537109375e+01
7.208654785156250000e+01
7.167025756835937500e+01
7.125396728515625000e+01
7.083767700195312500e+01
7.042140197753906250e+01
7.000511169433593750e+01
6.958882141113281250e+01
6.917253112792968750e+01
6.875625610351562500e+01
6.833995819091796875e+01
6.792367553710937500e+01
6.750738525390625000e+01
6.709110260009765625e+01
6.667481231689453125e+01
6.625852966308593750e+01
6.584223937988281250e+01
6.542595672607421875e+01
6.500965881347656250e+01
6.459337615966796875e+01
6.417709350585937500e+01
6.376079940795898438e+01
6.334452056884765625e+01
6.292822647094726562e+01
6.251193618774414062e+01
6.209565734863281250e+01
6.167936706542968750e+01
6.126308059692382812e+01
6.084679412841796875e+01
6.043050003051757812e+01
6.001421737670898438e+01
5.959793090820312500e+01
5.918164825439453125e+01
5.876535797119140625e+01
5.834907531738281250e+01
5.793278884887695312e+01
5.751649856567382812e+01
5.710020446777343750e+01
5.668392562866210938e+01
5.626763916015625000e+01
5.585134887695312500e+01
5.543506240844726562e+01
5.501877593994140625e+01
5.460248565673828125e+01
5.418619918823242188e+01
5.376991271972656250e+01
5.335362625122070312e+01
5.293733596801757812e+01
5.252104949951171875e+01
5.210476684570312500e+01
5.168847656250000000e+01
5.127219390869140625e+01
5.085590362548828125e+01
5.043961715698242188e+01
5.002333068847656250e+01
4.960704040527343750e+01
4.919075775146484375e+01
4.877446746826171875e+01
4.835818099975585938e+01
4.794189453125000000e+01
4.752560806274414062e+01
4.710932159423828125e+01
4.669303512573242188e+01
4.627674865722656250e+01
4.586046218872070312e+01
4.544417572021484375e+01
4.502788543701171875e+01
4.461159896850585938e+01
4.419531250000000000e+01
4.377902603149414062e+01
4.336273574829101562e+01
4.294644927978515625e+01
4.253016662597656250e+01
4.211388015747070312e+01
4.169759368896484375e+01
4.128130340576171875e+01
4.086501312255859375e+01
4.044873046875000000e+01
4.003244400024414062e+01
3.961615371704101562e+01
3.919986724853515625e+01
3.878358459472656250e+01
3.836729431152343750e+01
3.795100784301757812e+01
