7.853164672851562500e+01
7.812228393554687500e+01
7.771293640136718750e+01
7.730357360839843750e+01
7.689423370361328125e+01
7.648487854003906250e+01
7.607552337646484375e+01
7.566617584228515625e+01
7.525682067871093750e+01
7.484747314453125000e+01
7.443812561035156250e+01
7.402876281738281250e+01
7.361941528320312500e+01
7.321006011962890625e+01
7.280071258544921875e+01
7.239135742187500000e+01
7.198200988769531250e+01
7.157266235351562500e+01
7.116329956054687500e+01
7.075395202636718750e+01
7.034459686279296875e+01
6.993523406982421875e+01
6.952589416503906250e+01
6.911654663085937500e+01
6.870718383789062500e+01
6.829783630371093750e+01
6.788848876953125000e+01
6.747914123535156250e+01
6.706977844238281250e+01
6.666043090820312500e+01
6.625108337402343750e+01
6.584172058105468750e+01
6.543236541748046875e+01
6.502302551269531250e+01
6.461367797851562500e+01
6.420431518554687500e+01
6.379496383666992188e+01
6.338561248779296875e+01
6.297626113891601562e+01
6.256690597534179688e+01
6.215755081176757812e+01
6.174820709228515625e+01
6.133885574340820312e+01
6.092950057983398438e+01
6.052014923095703125e+01
6.011079406738281250e+01
5.970144271850585938e+01
5.929208755493164062e+01
5.888274383544921875e+01
5.847338867187500000e+01
5.806403732299804688e+01
5.765468215942382812e+01
5.724533081054687500e+01
5.683597946166992188e+01
5.642662429809570312e+01
5.601727676391601562e+01
5.560792541503906250e+01
5.519857025146484375e+01
5.478921890258789062e+01
5.437986373901367188e+01
5.397052001953125000e+01
5.356116104125976562e+01
5.315180587768554688e+01
5.274246215820312500e+01
5.233310699462890625e+01
5.192375183105468750e+01
5.151440048217773438e+01
5.110505676269531250e+01
5.069570159912109375e+01
5.028634262084960938e+01
4.987699127197265625e+01
4.946763992309570312e+01
4.905828857421875000e+01
4.864893722534179688e+01
4.823958587646484375e+01
4.783023071289062500e+01
4.742087936401367188e+01
4.701152420043945312e+01
4.660217666625976562e+01
4.619282531738281250e+01
4.578347396850585938e+01
4.537412261962890625e+01
4.496476745605468750e+01
4.455541992187500000e+01
4.414606094360351562e+01
4.373671722412109375e+01
4.332736206054687500e+01
4.291800689697265625e+01
4.250865554809570312e+01
4.209930419921875000e+01
4.168995666503906250e+01
4.128060150146484375e+01
4.087124252319335938e+01
4.046189498901367188e+01
4.005254364013671875e+01
3.964319229125976562e+01
3.923383712768554688e+01
3.882448959350585938e+01
3.841513824462890625e+01
3.800578308105468750e+01
