7.860530853271484375e+01
7.819695281982421875e+01
7.778859710693359375e+01
7.738023376464843750e+01
7.697187805175781250e+01
7.656351470947265625e+01
7.615515899658203125e+01
7.574680328369140625e+01
7.533843994140625000e+01
7.493007659912109375e+01
7.452172088623046875e+01
7.411336517333984375e+01
7.370500946044921875e+01
7.329663848876953125e+01
7.288827514648437500e+01
7.247992706298828125e+01
7.207156372070312500e+01
7.166320037841796875e+01
7.125483703613281250e+01
7.084648895263671875e+01
7.043812561035156250e+01
7.002976226806640625e+01
6.962139892578125000e+01
6.921304321289062500e+01
6.880468750000000000e+01
6.839632415771484375e+01
6.798796081542968750e+01
6.757960510253906250e+01
6.717124176025390625e+01
6.676288604736328125e+01
6.635452270507812500e+01
6.594616699218750000e+01
6.553781127929687500e+01
6.512945556640625000e+01
6.472109222412109375e+01
6.431272888183593750e+01
6.390437316894531250e+01
6.349601364135742188e+01
6.308765792846679688e+01
6.267929840087890625e+01
6.227093124389648438e+01
6.186257553100585938e+01
6.145421981811523438e+01
6.104585647583007812e+01
6.063750076293945312e+01
6.022913742065429688e+01
5.982078170776367188e+01
5.941241836547851562e+01
5.900406265258789062e+01
5.859569931030273438e+01
5.818735122680664062e+01
5.777898025512695312e+01
5.737062454223632812e+01
5.696226119995117188e+01
5.655390548706054688e+01
5.614554977416992188e+01
5.573719406127929688e+01
5.532882690429687500e+01
5.492046737670898438e+01
5.451211166381835938e+01
5.410374832153320312e+01
5.369539260864257812e+01
5.328702545166015625e+01
5.287867355346679688e+01
5.247031402587890625e+01
5.206195449829101562e+01
5.165359497070312500e+01
5.124523925781250000e+01
5.083687591552734375e+01
5.042851638793945312e+01
5.002015686035156250e+01
4.961179733276367188e+01
4.920344161987304688e+01
4.879507446289062500e+01
4.838671875000000000e+01
4.797835540771484375e+01
4.757000350952148438e+01
4.716164398193359375e+01
4.675328063964843750e+01
4.634491729736328125e+01
4.593656158447265625e+01
4.552820587158203125e+01
4.511984252929687500e+01
4.471148681640625000e+01
4.430312347412109375e+01
4.389476394653320312e+01
4.348640441894531250e+01
4.307804870605468750e+01
4.266968917846679688e+01
4.226132965087890625e+01
4.185297012329101562e+01
4.144461059570312500e+01
4.103625106811523438e+01
4.062789535522460938e+01
4.021953201293945312e+01
3.981117248535156250e+01
3.940281295776367188e+01
3.899445724487304688e+01
3.858609771728515625e+01
3.817773818969726562e+01
