7.996966552734375000e+01
7.954386901855468750e+01
7.911807250976562500e+01
7.869227600097656250e+01
7.826647949218750000e+01
7.784069061279296875e+01
7.741488647460937500e+01
7.698908996582031250e+01
7.656329345703125000e+01
7.613749694824218750e+01
7.571170043945312500e+01
7.528590393066406250e+01
7.486011505126953125e+01
7.443430328369140625e+01
7.400851440429687500e+01
7.358271026611328125e+01
7.315692138671875000e+01
7.273112487792968750e+01
7.230532836914062500e+01
7.187952423095703125e+01
7.145373535156250000e+01
7.102793121337890625e+01
7.060213470458984375e+01
7.017633819580078125e+01
6.975054931640625000e+01
6.932475280761718750e+01
6.889894866943359375e+01
6.847315979003906250e+01
6.804735565185546875e+01
6.762155914306640625e+01
6.719576263427734375e+01
6.676996612548828125e+01
6.634416198730468750e+01
6.591836547851562500e+01
6.549257659912109375e+01
6.506677246093750000e+01
6.464097595214843750e+01
6.421517944335937500e+01
6.378939437866210938e+01
6.336358642578125000e+01
6.293779373168945312e+01
6.251200103759765625e+01
6.208620071411132812e+01
6.166040039062500000e+01
6.123460769653320312e+01
6.080881118774414062e+01
6.038301086425781250e+01
5.995721817016601562e+01
5.953141784667968750e+01
5.910562515258789062e+01
5.867982482910156250e+01
5.825403213500976562e+01
5.782823181152343750e+01
5.740243911743164062e+01
5.697663879394531250e+01
5.655084228515625000e+01
5.612504959106445312e+01
5.569924926757812500e+01
5.527344894409179688e+01
5.484765625000000000e+01
5.442186355590820312e+01
5.399605560302734375e+01
5.357026290893554688e+01
5.314447402954101562e+01
5.271867370605468750e+01
5.229287338256835938e+01
5.186707687377929688e+01
5.144128799438476562e+01
5.101548004150390625e+01
5.058968734741210938e+01
5.016388702392578125e+01
4.973809432983398438e+01
4.931229782104492188e+01
4.888650131225585938e+01
4.846070480346679688e+01
4.803490447998046875e+01
4.760911178588867188e+01
4.718331146240234375e+01
4.675751876831054688e+01
4.633171844482421875e+01
4.590592575073242188e+01
4.548012924194335938e+01
4.505433273315429688e+01
4.462853622436523438e+01
4.420273590087890625e+01
4.377693939208984375e+01
4.335114288330078125e+01
4.292533874511718750e+01
4.249954223632812500e+01
4.207375717163085938e+01
4.164796066284179688e+01
4.122215652465820312e+01
4.079636001586914062e+01
4.037056732177734375e+01
3.994476699829101562e+01
3.951897048950195312e+01
3.909317398071289062e+01
3.866737365722656250e+01
3.824158096313476562e+01
3.781578063964843750e+01
