7.814396667480468750e+01
7.773742675781250000e+01
7.733087158203125000e+01
7.692431640625000000e+01
7.651777648925781250e+01
7.611122131347656250e+01
7.570468139648437500e+01
7.529812622070312500e+01
7.489157867431640625e+01
7.448503875732421875e+01
7.407849121093750000e+01
7.367193603515625000e+01
7.326538848876953125e+01
7.285884094238281250e+01
7.245229339599609375e+01
7.204575347900390625e+01
7.163919830322265625e+01
7.123265075683593750e+01
7.082610321044921875e+01
7.041955566406250000e+01
7.001300811767578125e+01
6.960646057128906250e+01
6.919990539550781250e+01
6.879336547851562500e+01
6.838681030273437500e+01
6.798026275634765625e+01
6.757371520996093750e+01
6.716716766357421875e+01
6.676062774658203125e+01
6.635407257080078125e+01
6.594752502441406250e+01
6.554097747802734375e+01
6.513442230224609375e+01
6.472789001464843750e+01
6.432133483886718750e+01
6.391477966308593750e+01
6.350823593139648438e+01
6.310168838500976562e+01
6.269514465332031250e+01
6.228860092163085938e+01
6.188204193115234375e+01
6.147549819946289062e+01
6.106895065307617188e+01
6.066239929199218750e+01
6.025585556030273438e+01
5.984930038452148438e+01
5.944275665283203125e+01
5.903621292114257812e+01
5.862966156005859375e+01
5.822311401367187500e+01
5.781657028198242188e+01
5.741001892089843750e+01
5.700346755981445312e+01
5.659692001342773438e+01
5.619037628173828125e+01
5.578382492065429688e+01
5.537727355957031250e+01
5.497072601318359375e+01
5.456418228149414062e+01
5.415763092041015625e+01
5.375108718872070312e+01
5.334453582763671875e+01
5.293798828125000000e+01
5.253144454956054688e+01
5.212489318847656250e+01
5.171834564208984375e+01
5.131179809570312500e+01
5.090525054931640625e+01
5.049869918823242188e+01
5.009215164184570312e+01
4.968560409545898438e+01
4.927905654907226562e+01
4.887251281738281250e+01
4.846595764160156250e+01
4.805941390991210938e+01
4.765286636352539062e+01
4.724631881713867188e+01
4.683976745605468750e+01
4.643321990966796875e+01
4.602667236328125000e+01
4.562012863159179688e+01
4.521357345581054688e+01
4.480702972412109375e+01
4.440048217773437500e+01
4.399393081665039062e+01
4.358738708496093750e+01
4.318083572387695312e+01
4.277428817749023438e+01
4.236773681640625000e+01
4.196119308471679688e+01
4.155464553833007812e+01
4.114809799194335938e+01
4.074154281616210938e+01
4.033499908447265625e+01
3.992845153808593750e+01
3.952190399169921875e+01
3.911535644531250000e+01
3.870881271362304688e+01
3.830225753784179688e+01
3.789571380615234375e+01
