7.909762573242187500e+01
7.868084716796875000e+01
7.826406097412109375e+01
7.784727478027343750e+01
7.743049621582031250e+01
7.701371002197265625e+01
7.659693908691406250e+01
7.618015289306640625e+01
7.576337432861328125e+01
7.534659576416015625e+01
7.492980957031250000e+01
7.451302337646484375e+01
7.409625244140625000e+01
7.367946624755859375e+01
7.326268005371093750e+01
7.284590148925781250e+01
7.242911529541015625e+01
7.201233673095703125e+01
7.159555816650390625e+01
7.117877197265625000e+01
7.076198577880859375e+01
7.034521484375000000e+01
6.992842864990234375e+01
6.951165008544921875e+01
6.909486389160156250e+01
6.867807769775390625e+01
6.826129913330078125e+01
6.784452819824218750e+01
6.742773437500000000e+01
6.701094818115234375e+01
6.659417724609375000e+01
6.617739105224609375e+01
6.576061248779296875e+01
6.534383392333984375e+01
6.492704772949218750e+01
6.451026153564453125e+01
6.409349060058593750e+01
6.367670440673828125e+01
6.325992584228515625e+01
6.284313583374023438e+01
6.242635726928710938e+01
6.200957489013671875e+01
6.159279251098632812e+01
6.117601394653320312e+01
6.075922393798828125e+01
6.034244918823242188e+01
5.992567062377929688e+01
5.950888824462890625e+01
5.909210586547851562e+01
5.867531967163085938e+01
5.825854492187500000e+01
5.784176254272460938e+01
5.742497634887695312e+01
5.700820159912109375e+01
5.659141159057617188e+01
5.617463302612304688e+01
5.575785064697265625e+01
5.534106826782226562e+01
5.492428207397460938e+01
5.450749969482421875e+01
5.409072494506835938e+01
5.367393875122070312e+01
5.325716400146484375e+01
5.284038162231445312e+01
5.242359542846679688e+01
5.200681686401367188e+01
5.159003067016601562e+01
5.117325210571289062e+01
5.075647354125976562e+01
5.033968734741210938e+01
4.992290115356445312e+01
4.950612258911132812e+01
4.908934402465820312e+01
4.867255783081054688e+01
4.825577926635742188e+01
4.783899307250976562e+01
4.742221450805664062e+01
4.700543594360351562e+01
4.658864974975585938e+01
4.617186737060546875e+01
4.575509262084960938e+01
4.533830642700195312e+01
4.492152786254882812e+01
4.450474548339843750e+01
4.408796310424804688e+01
4.367118453979492188e+01
4.325439834594726562e+01
4.283761215209960938e+01
4.242082977294921875e+01
4.200405502319335938e+01
4.158726882934570312e+01
4.117048645019531250e+01
4.075370788574218750e+01
4.033692550659179688e+01
3.992014694213867188e+01
3.950336074829101562e+01
3.908658218383789062e+01
3.866980361938476562e+01
3.825301742553710938e+01
3.783623886108398438e+01
