7.855277252197265625e+01
7.814140319824218750e+01
7.773003387451171875e+01
7.731866455078125000e+01
7.690730285644531250e+01
7.649594116210937500e+01
7.608456420898437500e+01
7.567320251464843750e+01
7.526184082031250000e+01
7.485046386718750000e+01
7.443910217285156250e+01
7.402772521972656250e+01
7.361636352539062500e+01
7.320498657226562500e+01
7.279362487792968750e+01
7.238226318359375000e+01
7.197087860107421875e+01
7.155951690673828125e+01
7.114814758300781250e+01
7.073677825927734375e+01
7.032541656494140625e+01
6.991404724121093750e+01
6.950267791748046875e+01
6.909130859375000000e+01
6.867994689941406250e+01
6.826857757568359375e+01
6.785720825195312500e+01
6.744584655761718750e+01
6.703446960449218750e+01
6.662310791015625000e+01
6.621173858642578125e+01
6.580036163330078125e+01
6.538899993896484375e+01
6.497762298583984375e+01
6.456626129150390625e+01
6.415489959716796875e+01
6.374353027343750000e+01
6.333216094970703125e+01
6.292079544067382812e+01
6.250942611694335938e+01
6.209805679321289062e+01
6.168668746948242188e+01
6.127532577514648438e+01
6.086395645141601562e+01
6.045258712768554688e+01
6.004121780395507812e+01
5.962984848022460938e+01
5.921848297119140625e+01
5.880711746215820312e+01
5.839574813842773438e+01
5.798438262939453125e+01
5.757301330566406250e+01
5.716164398193359375e+01
5.675027465820312500e+01
5.633890533447265625e+01
5.592754364013671875e+01
5.551617431640625000e+01
5.510480499267578125e+01
5.469343566894531250e+01
5.428207015991210938e+01
5.387070083618164062e+01
5.345933151245117188e+01
5.304796218872070312e+01
5.263660049438476562e+01
5.222523117065429688e+01
5.181386184692382812e+01
5.140249252319335938e+01
5.099112319946289062e+01
5.057976150512695312e+01
5.016839218139648438e+01
4.975702285766601562e+01
4.934565353393554688e+01
4.893428802490234375e+01
4.852291870117187500e+01
4.811155319213867188e+01
4.770018005371093750e+01
4.728881835937500000e+01
4.687744903564453125e+01
4.646607971191406250e+01
4.605471038818359375e+01
4.564334487915039062e+01
4.523197937011718750e+01
4.482061004638671875e+01
4.440924072265625000e+01
4.399787521362304688e+01
4.358650588989257812e+01
4.317513656616210938e+01
4.276376724243164062e+01
4.235240173339843750e+01
4.194103622436523438e+01
4.152966690063476562e+01
4.111829757690429688e+01
4.070692825317382812e+01
4.029556274414062500e+01
3.988419723510742188e+01
3.947282791137695312e+01
3.906145477294921875e+01
3.865009307861328125e+01
3.823872375488281250e+01
3.782735443115234375e+01
