7.895748138427734375e+01
7.854077911376953125e+01
7.812407684326171875e+01
7.770736694335937500e+01
7.729066467285156250e+01
7.687396240234375000e+01
7.645726013183593750e+01
7.604055023193359375e+01
7.562384796142578125e+01
7.520714569091796875e+01
7.479044342041015625e+01
7.437374114990234375e+01
7.395703125000000000e+01
7.354032135009765625e+01
7.312362670898437500e+01
7.270691680908203125e+01
7.229021453857421875e+01
7.187351226806640625e+01
7.145680999755859375e+01
7.104010009765625000e+01
7.062339782714843750e+01
7.020669555664062500e+01
6.978998565673828125e+01
6.937329101562500000e+01
6.895658111572265625e+01
6.853987884521484375e+01
6.812316894531250000e+01
6.770646667480468750e+01
6.728976440429687500e+01
6.687305450439453125e+01
6.645635223388671875e+01
6.603964996337890625e+01
6.562294769287109375e+01
6.520624542236328125e+01
6.478953552246093750e+01
6.437282562255859375e+01
6.395612335205078125e+01
6.353943252563476562e+01
6.312271881103515625e+01
6.270602035522460938e+01
6.228930664062500000e+01
6.187261199951171875e+01
6.145589828491210938e+01
6.103919219970703125e+01
6.062248611450195312e+01
6.020578765869140625e+01
5.978908920288085938e+01
5.937238311767578125e+01
5.895567321777343750e+01
5.853896713256835938e+01
5.812226867675781250e+01
5.770556259155273438e+01
5.728885650634765625e+01
5.687215805053710938e+01
5.645544815063476562e+01
5.603874969482421875e+01
5.562203598022460938e+01
5.520533752441406250e+01
5.478862380981445312e+01
5.437193298339843750e+01
5.395522689819335938e+01
5.353851699829101562e+01
5.312181091308593750e+01
5.270511245727539062e+01
5.228840637207031250e+01
5.187170410156250000e+01
5.145499420166015625e+01
5.103829193115234375e+01
5.062158966064453125e+01
5.020488739013671875e+01
4.978817749023437500e+01
4.937147140502929688e+01
4.895477676391601562e+01
4.853806686401367188e+01
4.812136077880859375e+01
4.770465469360351562e+01
4.728795623779296875e+01
4.687125015258789062e+01
4.645454406738281250e+01
4.603784561157226562e+01
4.562113571166992188e+01
4.520443725585937500e+01
4.478772735595703125e+01
4.437102127075195312e+01
4.395431900024414062e+01
4.353762054443359375e+01
4.312091064453125000e+01
4.270420455932617188e+01
4.228749847412109375e+01
4.187079620361328125e+01
4.145409393310546875e+01
4.103738784790039062e+01
4.062068176269531250e+01
4.020397949218750000e+01
3.978727722167968750e+01
3.937056732177734375e+01
3.895386505126953125e+01
3.853716278076171875e+01
3.812046432495117188e+01
3.770375442504882812e+01
