7.855946350097656250e+01
7.814923858642578125e+01
7.773902130126953125e+01
7.732879638671875000e+01
7.691857147216796875e+01
7.650836181640625000e+01
7.609813690185546875e+01
7.568791961669921875e+01
7.527769470214843750e+01
7.486747741699218750e+01
7.445726013183593750e+01
7.404703521728515625e+01
7.363682556152343750e+01
7.322659301757812500e+01
7.281637573242187500e+01
7.240615844726562500e+01
7.199593353271484375e+01
7.158570861816406250e+01
7.117548370361328125e+01
7.076527404785156250e+01
7.035505676269531250e+01
6.994483184814453125e+01
6.953460693359375000e+01
6.912438964843750000e+01
6.871417236328125000e+01
6.830394744873046875e+01
6.789372253417968750e+01
6.748350524902343750e+01
6.707328796386718750e+01
6.666307067871093750e+01
6.625285339355468750e+01
6.584262847900390625e+01
6.543240356445312500e+01
6.502218627929687500e+01
6.461196899414062500e+01
6.420175170898437500e+01
6.379152679443359375e+01
6.338130569458007812e+01
6.297108078002929688e+01
6.256086349487304688e+01
6.215063858032226562e+01
6.174042510986328125e+01
6.133020019531250000e+01
6.091998291015625000e+01
6.050975799560546875e+01
6.009953689575195312e+01
5.968932342529296875e+01
5.927909851074218750e+01
5.886888122558593750e+01
5.845865631103515625e+01
5.804844284057617188e+01
5.763821792602539062e+01
5.722800064086914062e+01
5.681777572631835938e+01
5.640756225585937500e+01
5.599734497070312500e+01
5.558712005615234375e+01
5.517689895629882812e+01
5.476667404174804688e+01
5.435645675659179688e+01
5.394623565673828125e+01
5.353601074218750000e+01
5.312579345703125000e+01
5.271557617187500000e+01
5.230535507202148438e+01
5.189513015747070312e+01
5.148491668701171875e+01
5.107469558715820312e+01
5.066447448730468750e+01
5.025425338745117188e+01
4.984403228759765625e+01
4.943381118774414062e+01
4.902358627319335938e+01
4.861337280273437500e+01
4.820315170288085938e+01
4.779292678833007812e+01
4.738271331787109375e+01
4.697248840332031250e+01
4.656226730346679688e+01
4.615205001831054688e+01
4.574182891845703125e+01
4.533160781860351562e+01
4.492138290405273438e+01
4.451116943359375000e+01
4.410094833374023438e+01
4.369072341918945312e+01
4.328049850463867188e+01
4.287028121948242188e+01
4.246006011962890625e+01
4.204984283447265625e+01
4.163962554931640625e+01
4.122940444946289062e+01
4.081917953491210938e+01
4.040896606445312500e+01
3.999874877929687500e+01
3.958852005004882812e+01
3.917829895019531250e+01
3.876808929443359375e+01
3.835786437988281250e+01
3.794763565063476562e+01
