2.536982917785644531e+01
2.577583122253417969e+01
2.617000389099121094e+01
2.655261421203613281e+01
2.692401313781738281e+01
2.728461837768554688e+01
2.763500022888183594e+01
2.797573089599609375e+01
2.830753326416015625e+01
2.863109779357910156e+01
2.894734191894531250e+01
2.925702857971191406e+01
2.956111145019531250e+01
2.986055946350097656e+01
3.015629768371582031e+01
3.044939804077148438e+01
3.074073028564453125e+01
3.103137779235839844e+01
3.132225608825683594e+01
3.161433792114257812e+01
3.190841102600097656e+01
3.220547866821289062e+01
3.250627517700195312e+01
3.281145095825195312e+01
3.312171173095703125e+01
3.343760299682617188e+01
3.375950241088867188e+01
3.408785629272460938e+01
3.442288970947265625e+01
3.476462554931640625e+01
3.511323547363281250e+01
3.546845626831054688e+01
3.583007049560546875e+01
3.619787597656250000e+01
3.657124328613281250e+01
3.694968414306640625e+01
3.733251190185546875e+01
3.771889877319335938e+01
3.810801315307617188e+01
3.849874496459960938e+01
3.889017868041992188e+01
3.928119277954101562e+01
3.967054748535156250e+01
4.005702209472656250e+01
4.043941116333007812e+01
4.081653594970703125e+01
4.118693161010742188e+01
4.154952621459960938e+01
4.190295028686523438e+01
4.224602508544921875e+01
4.257769775390625000e+01
4.289665222167968750e+01
4.320200729370117188e+01
4.349276733398437500e+01
4.376799774169921875e+01
4.402696228027343750e+01
4.426896667480468750e+01
4.449334335327148438e+01
4.469966888427734375e+01
4.488743972778320312e+01
4.505640792846679688e+01
4.520645141601562500e+01
4.533747100830078125e+01
4.544925689697265625e+01
4.554208755493164062e+01
4.561599349975585938e+01
4.567127227783203125e+01
4.570818710327148438e+01
4.572700881958007812e+01
4.572824478149414062e+01
4.571214675903320312e+01
4.567934417724609375e+01
4.563009643554687500e+01
4.556501770019531250e+01
4.548456192016601562e+01
4.538908767700195312e+01
4.527915573120117188e+01
4.515521621704101562e+01
4.501765441894531250e+01
4.486678695678710938e+01
4.470303344726562500e+01
4.452679443359375000e+01
4.433838653564453125e+01
4.413798522949218750e+01
4.392601013183593750e+01
4.370268630981445312e+01
4.346826171875000000e+01
4.322303009033203125e+01
4.296720123291015625e+01
4.270111083984375000e+01
4.242495346069335938e+01
4.213920211791992188e+01
4.184410858154296875e+01
4.153996658325195312e+01
4.122724914550781250e+01
4.090642929077148438e+01
4.057800674438476562e+01
4.024243927001953125e+01
3.990035247802734375e+01
3.955242919921875000e+01
