2.898751258850097656e+01
2.939929771423339844e+01
2.978484344482421875e+01
3.014421653747558594e+01
3.047786331176757812e+01
3.078624916076660156e+01
3.107007980346679688e+01
3.133031654357910156e+01
3.156801033020019531e+01
3.178439521789550781e+01
3.198088455200195312e+01
3.215895462036132812e+01
3.232026290893554688e+01
3.246659469604492188e+01
3.259966659545898438e+01
3.272144699096679688e+01
3.283385086059570312e+01
3.293881988525390625e+01
3.303832244873046875e+01
3.313426208496093750e+01
3.322864151000976562e+01
3.332324218750000000e+01
3.341989135742187500e+01
3.352036285400390625e+01
3.362614822387695312e+01
3.373884201049804688e+01
3.385973739624023438e+01
3.399026489257812500e+01
3.413132858276367188e+01
3.428398513793945312e+01
3.444897842407226562e+01
3.462699508666992188e+01
3.481838607788085938e+01
3.502364730834960938e+01
3.524279403686523438e+01
3.547583007812500000e+01
3.572262954711914062e+01
3.598291397094726562e+01
3.625610733032226562e+01
3.654177474975585938e+01
3.683911132812500000e+01
3.714730072021484375e+01
3.746541213989257812e+01
3.779244995117187500e+01
3.812718582153320312e+01
3.846851730346679688e+01
3.881510925292968750e+01
3.916570281982421875e+01
3.951882553100585938e+01
3.987314605712890625e+01
4.022716140747070312e+01
4.057938385009765625e+01
4.092833328247070312e+01
4.127248382568359375e+01
4.161041259765625000e+01
4.194054031372070312e+01
4.226139831542968750e+01
4.257154464721679688e+01
4.286949157714843750e+01
4.315385055541992188e+01
4.342319869995117188e+01
4.367622375488281250e+01
4.391162109375000000e+01
4.412810897827148438e+01
4.432452392578125000e+01
4.449980163574218750e+01
4.465284347534179688e+01
4.478262710571289062e+01
4.488842773437500000e+01
4.496932601928710938e+01
4.502473449707031250e+01
4.505406570434570312e+01
4.505688095092773438e+01
4.503288650512695312e+01
4.498182678222656250e+01
4.490376663208007812e+01
4.479883193969726562e+01
4.466723251342773438e+01
4.450940322875976562e+01
4.432593154907226562e+01
4.411760330200195312e+01
4.388533782958984375e+01
4.363010787963867188e+01
4.335320281982421875e+01
4.305599975585937500e+01
4.273996353149414062e+01
4.240669631958007812e+01
4.205797195434570312e+01
4.169563293457031250e+01
4.132155227661132812e+01
4.093774032592773438e+01
4.054639434814453125e+01
4.014921188354492188e+01
3.974852752685546875e+01
3.934621047973632812e+01
3.894438171386718750e+01
3.854481124877929688e+01
3.814939117431640625e+01
3.775977706909179688e+01
3.737749481201171875e+01
