2.774867630004882812e+01
2.811152839660644531e+01
2.845519256591796875e+01
2.878078269958496094e+01
2.908942985534667969e+01
2.938243293762207031e+01
2.966129875183105469e+01
2.992760658264160156e+01
3.018304061889648438e+01
3.042927551269531250e+01
3.066817092895507812e+01
3.090152168273925781e+01
3.113121604919433594e+01
3.135906982421875000e+01
3.158675193786621094e+01
3.181615829467773438e+01
3.204875946044921875e+01
3.228628158569335938e+01
3.252995681762695312e+01
3.278118896484375000e+01
3.304111099243164062e+01
3.331079864501953125e+01
3.359090042114257812e+01
3.388215637207031250e+01
3.418499374389648438e+01
3.449976348876953125e+01
3.482657623291015625e+01
3.516529083251953125e+01
3.551565170288085938e+01
3.587731170654296875e+01
3.624964141845703125e+01
3.663206481933593750e+01
3.702363586425781250e+01
3.742341232299804688e+01
3.783037185668945312e+01
3.824341201782226562e+01
3.866115570068359375e+01
3.908243179321289062e+01
3.950587081909179688e+01
3.993025207519531250e+01
4.035408401489257812e+01
4.077605438232421875e+01
4.119494247436523438e+01
4.160931396484375000e+01
4.201787185668945312e+01
4.241952514648437500e+01
4.281295013427734375e+01
4.319706344604492188e+01
4.357088851928710938e+01
4.393322753906250000e+01
4.428316116333007812e+01
4.461985778808593750e+01
4.494241714477539062e+01
4.525000000000000000e+01
4.554190063476562500e+01
4.581740188598632812e+01
4.607564926147460938e+01
4.631615447998046875e+01
4.653834533691406250e+01
4.674139404296875000e+01
4.692474746704101562e+01
4.708790969848632812e+01
4.723027038574218750e+01
4.735121917724609375e+01
4.745029067993164062e+01
4.752685546875000000e+01
4.758053588867187500e+01
4.761068344116210938e+01
4.761685943603515625e+01
4.759874725341796875e+01
4.755603790283203125e+01
4.748815536499023438e+01
4.739513397216796875e+01
4.727657318115234375e+01
4.713254928588867188e+01
4.696313858032226562e+01
4.676837158203125000e+01
4.654848480224609375e+01
4.630408859252929688e+01
4.603546524047851562e+01
4.574343109130859375e+01
4.542874526977539062e+01
4.509248733520507812e+01
4.473560333251953125e+01
4.435948944091796875e+01
4.396548843383789062e+01
4.355511474609375000e+01
4.313004302978515625e+01
4.269193267822265625e+01
4.224272155761718750e+01
4.178429794311523438e+01
4.131851577758789062e+01
4.084744262695312500e+01
4.037302017211914062e+01
3.989716720581054688e+01
3.942182922363281250e+01
3.894888305664062500e+01
3.848000335693359375e+01
3.801691818237304688e+01
3.756098937988281250e+01
