2.902931785583496094e+01
2.944100952148437500e+01
2.983338546752929688e+01
3.020695304870605469e+01
3.056223106384277344e+01
3.090001106262207031e+01
3.122113990783691406e+01
3.152650260925292969e+01
3.181727790832519531e+01
3.209458160400390625e+01
3.235967254638671875e+01
3.261379623413085938e+01
3.285836029052734375e+01
3.309466552734375000e+01
3.332414245605468750e+01
3.354819488525390625e+01
3.376807785034179688e+01
3.398514175415039062e+01
3.420065689086914062e+01
3.441579055786132812e+01
3.463165664672851562e+01
3.484922790527343750e+01
3.506942749023437500e+01
3.529303359985351562e+01
3.552069091796875000e+01
3.575294113159179688e+01
3.599020767211914062e+01
3.623266983032226562e+01
3.648051834106445312e+01
3.673372268676757812e+01
3.699216079711914062e+01
3.725554656982421875e+01
3.752355575561523438e+01
3.779566955566406250e+01
3.807130050659179688e+01
3.834978103637695312e+01
3.863040161132812500e+01
3.891234588623046875e+01
3.919472885131835938e+01
3.947667312622070312e+01
3.975727081298828125e+01
4.003556823730468750e+01
4.031068801879882812e+01
4.058164596557617188e+01
4.084756469726562500e+01
4.110762786865234375e+01
4.136096572875976562e+01
4.160677719116210938e+01
4.184441375732421875e+01
4.207316207885742188e+01
4.229239273071289062e+01
4.250163650512695312e+01
4.270034027099609375e+01
4.288811492919921875e+01
4.306460189819335938e+01
4.322950744628906250e+01
4.338253402709960938e+01
4.352355957031250000e+01
4.365237808227539062e+01
4.376885223388671875e+01
4.387290954589843750e+01
4.396452331542968750e+01
4.404360580444335938e+01
4.411019515991210938e+01
4.416415786743164062e+01
4.420563507080078125e+01
4.423444366455078125e+01
4.425075149536132812e+01
4.425443649291992188e+01
4.424544143676757812e+01
4.422386550903320312e+01
4.418955993652343750e+01
4.414251327514648438e+01
4.408261871337890625e+01
4.400993347167968750e+01
4.392427444458007812e+01
4.382567977905273438e+01
4.371409225463867188e+01
4.358940124511718750e+01
4.345162963867187500e+01
4.330081176757812500e+01
4.313685226440429688e+01
4.295993804931640625e+01
4.277008438110351562e+01
4.256734848022460938e+01
4.235198974609375000e+01
4.212415695190429688e+01
4.188407897949218750e+01
4.163207626342773438e+01
4.136848449707031250e+01
4.109369277954101562e+01
4.080817413330078125e+01
4.051245117187500000e+01
4.020702743530273438e+01
3.989246368408203125e+01
3.956943511962890625e+01
3.923863983154296875e+01
3.890071487426757812e+01
3.855641174316406250e+01
3.820660018920898438e+01
