2.329914093017578125e+01
2.370854759216308594e+01
2.410558509826660156e+01
2.449079895019531250e+01
2.486486625671386719e+01
2.522854614257812500e+01
2.558273506164550781e+01
2.592840766906738281e+01
2.626658821105957031e+01
2.659843254089355469e+01
2.692511940002441406e+01
2.724785804748535156e+01
2.756785583496093750e+01
2.788634872436523438e+01
2.820459365844726562e+01
2.852374649047851562e+01
2.884501266479492188e+01
2.916947364807128906e+01
2.949813842773437500e+01
2.983195495605468750e+01
3.017185974121093750e+01
3.051855468750000000e+01
3.087267494201660156e+01
3.123479080200195312e+01
3.160533332824707031e+01
3.198452949523925781e+01
3.237258529663085938e+01
3.276958084106445312e+01
3.317529678344726562e+01
3.358961486816406250e+01
3.401214981079101562e+01
3.444242477416992188e+01
3.487991333007812500e+01
3.532381439208984375e+01
3.577346420288085938e+01
3.622790527343750000e+01
3.668615341186523438e+01
3.714720916748046875e+01
3.760982513427734375e+01
3.807286453247070312e+01
3.853515243530273438e+01
3.899523544311523438e+01
3.945190048217773438e+01
3.990374755859375000e+01
4.034933853149414062e+01
4.078730010986328125e+01
4.121626281738281250e+01
4.163476562500000000e+01
4.204139709472656250e+01
4.243490600585937500e+01
4.281381988525390625e+01
4.317694091796875000e+01
4.352296447753906250e+01
4.385071563720703125e+01
4.415901184082031250e+01
4.444686889648437500e+01
4.471322250366210938e+01
4.495735549926757812e+01
4.517830276489257812e+01
4.537542343139648438e+01
4.554827117919921875e+01
4.569621658325195312e+01
4.581912231445312500e+01
4.591668319702148438e+01
4.598885345458984375e+01
4.603580856323242188e+01
4.605770874023437500e+01
4.605492782592773438e+01
4.602795791625976562e+01
4.597749710083007812e+01
4.590429306030273438e+01
4.580926513671875000e+01
4.569340896606445312e+01
4.555785751342773438e+01
4.540393066406250000e+01
4.523284912109375000e+01
4.504602050781250000e+01
4.484497833251953125e+01
4.463118743896484375e+01
4.440606307983398438e+01
4.417122268676757812e+01
4.392817306518554688e+01
4.367845916748046875e+01
4.342341995239257812e+01
4.316452407836914062e+01
4.290308761596679688e+01
4.264019012451171875e+01
4.237714004516601562e+01
4.211479187011718750e+01
4.185398101806640625e+01
4.159563064575195312e+01
4.134010696411132812e+01
4.108796310424804688e+01
4.083946228027343750e+01
4.059485244750976562e+01
4.035403442382812500e+01
4.011690139770507812e+01
3.988327789306640625e+01
3.965271377563476562e+01
3.942477416992187500e+01
