2.822566223144531250e+01
2.848311233520507812e+01
2.871833610534667969e+01
2.893264961242675781e+01
2.912731361389160156e+01
2.930383682250976562e+01
2.946385002136230469e+01
2.960894966125488281e+01
2.974099159240722656e+01
2.986178779602050781e+01
2.997321701049804688e+01
3.007713890075683594e+01
3.017548179626464844e+01
3.027011680603027344e+01
3.036294937133789062e+01
3.045571708679199219e+01
3.055026435852050781e+01
3.064824485778808594e+01
3.075120544433593750e+01
3.086067771911621094e+01
3.097806549072265625e+01
3.110470008850097656e+01
3.124174499511718750e+01
3.139009857177734375e+01
3.155086517333984375e+01
3.172472190856933594e+01
3.191240310668945312e+01
3.211432647705078125e+01
3.233101272583007812e+01
3.256270599365234375e+01
3.280950546264648438e+01
3.307152175903320312e+01
3.334858703613281250e+01
3.364046478271484375e+01
3.394685745239257812e+01
3.426742553710937500e+01
3.460156250000000000e+01
3.494852066040039062e+01
3.530765914916992188e+01
3.567814254760742188e+01
3.605894851684570312e+01
3.644921875000000000e+01
3.684770202636718750e+01
3.725333023071289062e+01
3.766467285156250000e+01
3.808053970336914062e+01
3.849956130981445312e+01
3.892018890380859375e+01
3.934100723266601562e+01
3.976039123535156250e+01
4.017678070068359375e+01
4.058853149414062500e+01
4.099410247802734375e+01
4.139168548583984375e+01
4.177975463867187500e+01
4.215653991699218750e+01
4.252058029174804688e+01
4.287027740478515625e+01
4.320389556884765625e+01
4.352003097534179688e+01
4.381731414794921875e+01
4.409447860717773438e+01
4.435010528564453125e+01
4.458300399780273438e+01
4.479220581054687500e+01
4.497673797607421875e+01
4.513577651977539062e+01
4.526884460449218750e+01
4.537519073486328125e+01
4.545450973510742188e+01
4.550650787353515625e+01
4.553112792968750000e+01
4.552846527099609375e+01
4.549872589111328125e+01
4.544224929809570312e+01
4.535930633544921875e+01
4.525083541870117188e+01
4.511748123168945312e+01
4.496018600463867188e+01
4.477988433837890625e+01
4.457781600952148438e+01
4.435501480102539062e+01
4.411288452148437500e+01
4.385291671752929688e+01
4.357631301879882812e+01
4.328487396240234375e+01
4.297993087768554688e+01
4.266313552856445312e+01
4.233625030517578125e+01
4.200059890747070312e+01
4.165801620483398438e+01
4.130999374389648438e+01
4.095825576782226562e+01
4.060432815551757812e+01
4.024967193603515625e+01
3.989568328857421875e+01
3.954387283325195312e+01
3.919557571411132812e+01
3.885199737548828125e+01
3.851439285278320312e+01
