2.695601463317871094e+01
2.722372817993164062e+01
2.747108459472656250e+01
2.769973373413085938e+01
2.791149139404296875e+01
2.810834121704101562e+01
2.829236984252929688e+01
2.846586608886718750e+01
2.863103866577148438e+01
2.879036140441894531e+01
2.894614791870117188e+01
2.910080718994140625e+01
2.925659179687500000e+01
2.941589164733886719e+01
2.958088874816894531e+01
2.975354766845703125e+01
2.993590736389160156e+01
3.012971687316894531e+01
3.033653068542480469e+01
3.055776596069335938e+01
3.079464340209960938e+01
3.104809379577636719e+01
3.131889915466308594e+01
3.160757255554199219e+01
3.191444778442382812e+01
3.223956680297851562e+01
3.258277511596679688e+01
3.294378280639648438e+01
3.332200241088867188e+01
3.371666717529296875e+01
3.412692642211914062e+01
3.455170059204101562e+01
3.498979187011718750e+01
3.543988800048828125e+01
3.590049362182617188e+01
3.637014007568359375e+01
3.684727096557617188e+01
3.733020782470703125e+01
3.781720352172851562e+01
3.830663299560546875e+01
3.879675674438476562e+01
3.928587722778320312e+01
3.977219772338867188e+01
4.025407028198242188e+01
4.072989273071289062e+01
4.119793701171875000e+01
4.165671539306640625e+01
4.210465240478515625e+01
4.254017257690429688e+01
4.296195602416992188e+01
4.336845397949218750e+01
4.375850677490234375e+01
4.413064575195312500e+01
4.448376846313476562e+01
4.481661224365234375e+01
4.512811279296875000e+01
4.541717529296875000e+01
4.568291854858398438e+01
4.592423629760742188e+01
4.614044570922851562e+01
4.633075332641601562e+01
4.649446868896484375e+01
4.663093566894531250e+01
4.673982620239257812e+01
4.682064056396484375e+01
4.687310409545898438e+01
4.689722442626953125e+01
4.689271926879882812e+01
4.685995101928710938e+01
4.679895019531250000e+01
4.671030044555664062e+01
4.659435272216796875e+01
4.645188140869140625e+01
4.628362655639648438e+01
4.609053421020507812e+01
4.587370300292968750e+01
4.563431930541992188e+01
4.537368774414062500e+01
4.509321594238281250e+01
4.479445648193359375e+01
4.447898483276367188e+01
4.414854431152343750e+01
4.380472183227539062e+01
4.344940948486328125e+01
4.308429336547851562e+01
4.271113586425781250e+01
4.233166122436523438e+01
4.194772338867187500e+01
4.156082153320312500e+01
4.117258071899414062e+01
4.078448486328125000e+01
4.039803314208984375e+01
4.001431655883789062e+01
3.963465881347656250e+01
3.925996017456054688e+01
3.889109802246093750e+01
3.852884292602539062e+01
3.817380523681640625e+01
3.782627105712890625e+01
3.748654556274414062e+01
