2.615411186218261719e+01
2.658308029174804688e+01
2.699214744567871094e+01
2.738125419616699219e+01
2.775064086914062500e+01
2.810053634643554688e+01
2.843136596679687500e+01
2.874371337890625000e+01
2.903826904296875000e+01
2.931580734252929688e+01
2.957726287841796875e+01
2.982365417480468750e+01
3.005602073669433594e+01
3.027558326721191406e+01
3.048365020751953125e+01
3.068136024475097656e+01
3.087022018432617188e+01
3.105154609680175781e+01
3.122673606872558594e+01
3.139724540710449219e+01
3.156449127197265625e+01
3.172988510131835938e+01
3.189482116699218750e+01
3.206064605712890625e+01
3.222866439819335938e+01
3.240015792846679688e+01
3.257626342773437500e+01
3.275817489624023438e+01
3.294690704345703125e+01
3.314345169067382812e+01
3.334857177734375000e+01
3.356312561035156250e+01
3.378778839111328125e+01
3.402297592163085938e+01
3.426916503906250000e+01
3.452667999267578125e+01
3.479561996459960938e+01
3.507609176635742188e+01
3.536800384521484375e+01
3.567109680175781250e+01
3.598506164550781250e+01
3.630938720703125000e+01
3.664355850219726562e+01
3.698676681518554688e+01
3.733818054199218750e+01
3.769688034057617188e+01
3.806180191040039062e+01
3.843177032470703125e+01
3.880549621582031250e+01
3.918169784545898438e+01
3.955888748168945312e+01
3.993562698364257812e+01
4.031031799316406250e+01
4.068138122558593750e+01
4.104715728759765625e+01
4.140602493286132812e+01
4.175628662109375000e+01
4.209621047973632812e+01
4.242413711547851562e+01
4.273846435546875000e+01
4.303754806518554688e+01
4.331973648071289062e+01
4.358358383178710938e+01
4.382755279541015625e+01
4.405026626586914062e+01
4.425048065185546875e+01
4.442689514160156250e+01
4.457853698730468750e+01
4.470429611206054688e+01
4.480333709716796875e+01
4.487500000000000000e+01
4.491862487792968750e+01
4.493368911743164062e+01
4.492005157470703125e+01
4.487747192382812500e+01
4.480585479736328125e+01
4.470552825927734375e+01
4.457676696777343750e+01
4.441994857788085938e+01
4.423582839965820312e+01
4.402520751953125000e+01
4.378902053833007812e+01
4.352830886840820312e+01
4.324447631835937500e+01
4.293870162963867188e+01
4.261255645751953125e+01
4.226779174804687500e+01
4.190614700317382812e+01
4.152929306030273438e+01
4.113916015625000000e+01
4.073786163330078125e+01
4.032738494873046875e+01
3.990981674194335938e+01
3.948708343505859375e+01
3.906147003173828125e+01
3.863490676879882812e+01
3.820949172973632812e+01
3.778723144531250000e+01
3.736991882324218750e+01
3.695938873291015625e+01
