2.390755462646484375e+01
2.435189437866210938e+01
2.477539634704589844e+01
2.517811393737792969e+01
2.556019973754882812e+01
2.592210769653320312e+01
2.626439285278320312e+01
2.658797836303710938e+01
2.689382934570312500e+01
2.718317794799804688e+01
2.745746231079101562e+01
2.771821403503417969e+01
2.796714401245117188e+01
2.820606231689453125e+01
2.843695068359375000e+01
2.866187667846679688e+01
2.888290405273437500e+01
2.910228347778320312e+01
2.932196235656738281e+01
2.954423904418945312e+01
2.977124404907226562e+01
3.000509643554687500e+01
3.024759101867675781e+01
3.050080108642578125e+01
3.076630973815917969e+01
3.104594421386718750e+01
3.134087944030761719e+01
3.165247535705566406e+01
3.198175048828125000e+01
3.232950973510742188e+01
3.269638061523437500e+01
3.308269119262695312e+01
3.348845672607421875e+01
3.391354751586914062e+01
3.435770797729492188e+01
3.482002639770507812e+01
3.529977035522460938e+01
3.579574584960937500e+01
3.630662155151367188e+01
3.683072662353515625e+01
3.736624526977539062e+01
3.791130447387695312e+01
3.846367263793945312e+01
3.902103805541992188e+01
3.958100891113281250e+01
4.014094924926757812e+01
4.069841384887695312e+01
4.125069427490234375e+01
4.179499053955078125e+01
4.232873916625976562e+01
4.284926605224609375e+01
4.335400009155273438e+01
4.384022521972656250e+01
4.430566024780273438e+01
4.474807357788085938e+01
4.516519165039062500e+01
4.555507659912109375e+01
4.591576004028320312e+01
4.624596786499023438e+01
4.654399490356445312e+01
4.680890655517578125e+01
4.703974151611328125e+01
4.723558044433593750e+01
4.739628601074218750e+01
4.752165603637695312e+01
4.761157989501953125e+01
4.766649627685546875e+01
4.768688964843750000e+01
4.767358779907226562e+01
4.762762451171875000e+01
4.755006790161132812e+01
4.744237136840820312e+01
4.730604553222656250e+01
4.714281463623046875e+01
4.695460128784179688e+01
4.674325180053710938e+01
4.651076126098632812e+01
4.625941085815429688e+01
4.599106979370117188e+01
4.570830535888671875e+01
4.541276168823242188e+01
4.510698318481445312e+01
4.479286956787109375e+01
4.447263336181640625e+01
4.414786911010742188e+01
4.382070541381835938e+01
4.349274444580078125e+01
4.316542434692382812e+01
4.284032058715820312e+01
4.251874160766601562e+01
4.220164871215820312e+01
4.189011764526367188e+01
4.158477020263671875e+01
4.128619766235351562e+01
4.099484252929687500e+01
4.071081161499023438e+01
4.043441009521484375e+01
4.016519165039062500e+01
3.990303421020507812e+01
3.964753723144531250e+01
