2.369600677490234375e+01
2.406698226928710938e+01
2.442745971679687500e+01
2.477757644653320312e+01
2.511761665344238281e+01
2.544782066345214844e+01
2.576865386962890625e+01
2.608057785034179688e+01
2.638408660888671875e+01
2.667976951599121094e+01
2.696831321716308594e+01
2.725037384033203125e+01
2.752674102783203125e+01
2.779819679260253906e+01
2.806550216674804688e+01
2.832957458496093750e+01
2.859123992919921875e+01
2.885135078430175781e+01
2.911080360412597656e+01
2.937042808532714844e+01
2.963110733032226562e+01
2.989359092712402344e+01
3.015870475769042969e+01
3.042711639404296875e+01
3.069963073730468750e+01
3.097677040100097656e+01
3.125912094116210938e+01
3.154717826843261719e+01
3.184130096435546875e+01
3.214188385009765625e+01
3.244911193847656250e+01
3.276315689086914062e+01
3.308401107788085938e+01
3.341161727905273438e+01
3.374586868286132812e+01
3.408649444580078125e+01
3.443307113647460938e+01
3.478519439697265625e+01
3.514227676391601562e+01
3.550371932983398438e+01
3.586867523193359375e+01
3.623640823364257812e+01
3.660594940185546875e+01
3.697638702392578125e+01
3.734658050537109375e+01
3.771544647216796875e+01
3.808185577392578125e+01
3.844464492797851562e+01
3.880250167846679688e+01
3.915425491333007812e+01
3.949860382080078125e+01
3.983423995971679688e+01
4.016002273559570312e+01
4.047462463378906250e+01
4.077686691284179688e+01
4.106557846069335938e+01
4.133966827392578125e+01
4.159799194335937500e+01
4.183962249755859375e+01
4.206363296508789062e+01
4.226911926269531250e+01
4.245535659790039062e+01
4.262166976928710938e+01
4.276744842529296875e+01
4.289222335815429688e+01
4.299564743041992188e+01
4.307742309570312500e+01
4.313737106323242188e+01
4.317542266845703125e+01
4.319163513183593750e+01
4.318614578247070312e+01
4.315924453735351562e+01
4.311111831665039062e+01
4.304242706298828125e+01
4.295346450805664062e+01
4.284491729736328125e+01
4.271749114990234375e+01
4.257186508178710938e+01
4.240894317626953125e+01
4.222949218750000000e+01
4.203440475463867188e+01
4.182469940185546875e+01
4.160122680664062500e+01
4.136515426635742188e+01
4.111726760864257812e+01
4.085869598388671875e+01
4.059051513671875000e+01
4.031350708007812500e+01
4.002870559692382812e+01
3.973709869384765625e+01
3.943959808349609375e+01
3.913703918457031250e+01
3.883014297485351562e+01
3.851983261108398438e+01
3.820660781860351562e+01
3.789139938354492188e+01
3.757453918457031250e+01
3.725669097900390625e+01
3.693829345703125000e+01
3.661968231201171875e+01
