2.729188156127929688e+01
2.773742103576660156e+01
2.816386604309082031e+01
2.857168960571289062e+01
2.896148872375488281e+01
2.933404541015625000e+01
2.969029617309570312e+01
3.003126525878906250e+01
3.035805702209472656e+01
3.067194938659667969e+01
3.097416877746582031e+01
3.126611137390136719e+01
3.154915428161621094e+01
3.182471084594726562e+01
3.209413909912109375e+01
3.235877227783203125e+01
3.262000274658203125e+01
3.287904739379882812e+01
3.313707351684570312e+01
3.339527893066406250e+01
3.365457534790039062e+01
3.391588592529296875e+01
3.418002700805664062e+01
3.444760513305664062e+01
3.471918869018554688e+01
3.499518966674804688e+01
3.527591323852539062e+01
3.556148147583007812e+01
3.585196685791015625e+01
3.614734268188476562e+01
3.644739151000976562e+01
3.675194168090820312e+01
3.706058502197265625e+01
3.737294006347656250e+01
3.768856811523437500e+01
3.800695419311523438e+01
3.832749557495117188e+01
3.864965438842773438e+01
3.897284317016601562e+01
3.929642486572265625e+01
3.961980438232421875e+01
3.994235610961914062e+01
4.026347732543945312e+01
4.058259582519531250e+01
4.089915466308593750e+01
4.121255493164062500e+01
4.152230072021484375e+01
4.182787322998046875e+01
4.212867736816406250e+01
4.242425155639648438e+01
4.271414184570312500e+01
4.299776458740234375e+01
4.327462005615234375e+01
4.354421234130859375e+01
4.380591201782226562e+01
4.405922698974609375e+01
4.430356979370117188e+01
4.453826522827148438e+01
4.476265716552734375e+01
4.497612380981445312e+01
4.517787551879882812e+01
4.536721420288085938e+01
4.554340744018554688e+01
4.570559310913085938e+01
4.585307312011718750e+01
4.598500823974609375e+01
4.610064315795898438e+01
4.619923019409179688e+01
4.627995300292968750e+01
4.634230422973632812e+01
4.638547134399414062e+01
4.640895462036132812e+01
4.641237640380859375e+01
4.639523315429687500e+01
4.635726928710937500e+01
4.629831314086914062e+01
4.621840286254882812e+01
4.611744689941406250e+01
4.599583053588867188e+01
4.585375213623046875e+01
4.569178009033203125e+01
4.551054763793945312e+01
4.531070709228515625e+01
4.509319305419921875e+01
4.485895156860351562e+01
4.460911178588867188e+01
4.434479141235351562e+01
4.406736373901367188e+01
4.377803802490234375e+01
4.347821807861328125e+01
4.316932678222656250e+01
4.285269546508789062e+01
4.252985763549804688e+01
4.220213317871093750e+01
4.187070846557617188e+01
4.153708648681640625e+01
4.120230102539062500e+01
4.086750411987304688e+01
4.053369522094726562e+01
4.020177841186523438e+01
