2.984882736206054688e+01
3.019762229919433594e+01
3.052273178100585938e+01
3.082504653930664062e+01
3.110577774047851562e+01
3.136625289916992188e+01
3.160792922973632812e+01
3.183248901367187500e+01
3.204164886474609375e+01
3.223723602294921875e+01
3.242123031616210938e+01
3.259556198120117188e+01
3.276222991943359375e+01
3.292326736450195312e+01
3.308069992065429688e+01
3.323646926879882812e+01
3.339250183105468750e+01
3.355059432983398438e+01
3.371249771118164062e+01
3.387977600097656250e+01
3.405397796630859375e+01
3.423637008666992188e+01
3.442814636230468750e+01
3.463026046752929688e+01
3.484354400634765625e+01
3.506863403320312500e+01
3.530590438842773438e+01
3.555566787719726562e+01
3.581789779663085938e+01
3.609251403808593750e+01
3.637915039062500000e+01
3.667739868164062500e+01
3.698654556274414062e+01
3.730578231811523438e+01
3.763417053222656250e+01
3.797071456909179688e+01
3.831414031982421875e+01
3.866332244873046875e+01
3.901683807373046875e+01
3.937335968017578125e+01
3.973144531250000000e+01
4.008962631225585938e+01
4.044657897949218750e+01
4.080078506469726562e+01
4.115090179443359375e+01
4.149562072753906250e+01
4.183356475830078125e+01
4.216365432739257812e+01
4.248471069335937500e+01
4.279574203491210938e+01
4.309573745727539062e+01
4.338397979736328125e+01
4.365967178344726562e+01
4.392231369018554688e+01
4.417130661010742188e+01
4.440631103515625000e+01
4.462702941894531250e+01
4.483330535888671875e+01
4.502504730224609375e+01
4.520221328735351562e+01
4.536491012573242188e+01
4.551322555541992188e+01
4.564735794067382812e+01
4.576753616333007812e+01
4.587399291992187500e+01
4.596696853637695312e+01
4.604679870605468750e+01
4.611368942260742188e+01
4.616802215576171875e+01
4.620986175537109375e+01
4.623947525024414062e+01
4.625711822509765625e+01
4.626276779174804688e+01
4.625656509399414062e+01
4.623860168457031250e+01
4.620873641967773438e+01
4.616692352294921875e+01
4.611296463012695312e+01
4.604687500000000000e+01
4.596826171875000000e+01
4.587693405151367188e+01
4.577257156372070312e+01
4.565494537353515625e+01
4.552372741699218750e+01
4.537845993041992188e+01
4.521918487548828125e+01
4.504529571533203125e+01
4.485675430297851562e+01
4.465316772460937500e+01
4.443454360961914062e+01
4.420061874389648438e+01
4.395154953002929688e+01
4.368719100952148438e+01
4.340771484375000000e+01
4.311334228515625000e+01
4.280432891845703125e+01
4.248091125488281250e+01
4.214370346069335938e+01
4.179305267333984375e+01
4.142979049682617188e+01
