2.157203292846679688e+01
2.205996131896972656e+01
2.253587150573730469e+01
2.299967193603515625e+01
2.345138931274414062e+01
2.389119529724121094e+01
2.431941986083984375e+01
2.473656463623046875e+01
2.514320755004882812e+01
2.554014205932617188e+01
2.592812728881835938e+01
2.630815505981445312e+01
2.668125534057617188e+01
2.704854393005371094e+01
2.741117858886718750e+01
2.777035713195800781e+01
2.812735176086425781e+01
2.848335647583007812e+01
2.883961868286132812e+01
2.919732666015625000e+01
2.955760002136230469e+01
2.992156028747558594e+01
3.029018402099609375e+01
3.066436958312988281e+01
3.104485321044921875e+01
3.143238639831542969e+01
3.182741165161132812e+01
3.223034667968750000e+01
3.264140319824218750e+01
3.306064224243164062e+01
3.348804473876953125e+01
3.392329406738281250e+01
3.436602020263671875e+01
3.481567001342773438e+01
3.527149581909179688e+01
3.573268508911132812e+01
3.619829559326171875e+01
3.666719436645507812e+01
3.713815307617187500e+01
3.760988616943359375e+01
3.808103179931640625e+01
3.855011367797851562e+01
3.901563262939453125e+01
3.947609329223632812e+01
3.992982101440429688e+01
4.037538146972656250e+01
4.081119918823242188e+01
4.123569488525390625e+01
4.164746475219726562e+01
4.204500961303710938e+01
4.242702102661132812e+01
4.279217147827148438e+01
4.313930130004882812e+01
4.346725463867187500e+01
4.377517318725585938e+01
4.406199645996093750e+01
4.432703781127929688e+01
4.456961441040039062e+01
4.478921127319335938e+01
4.498540878295898438e+01
4.515788650512695312e+01
4.530652618408203125e+01
4.543129348754882812e+01
4.553213500976562500e+01
4.560930252075195312e+01
4.566312789916992188e+01
4.569387435913085938e+01
4.570205307006835938e+01
4.568828582763671875e+01
4.565314483642578125e+01
4.559741973876953125e+01
4.552181243896484375e+01
4.542716979980468750e+01
4.531433868408203125e+01
4.518434524536132812e+01
4.503799438476562500e+01
4.487636184692382812e+01
4.470035552978515625e+01
4.451100158691406250e+01
4.430924224853515625e+01
4.409597015380859375e+01
4.387224960327148438e+01
4.363889694213867188e+01
4.339676666259765625e+01
4.314674758911132812e+01
4.288957214355468750e+01
4.262592315673828125e+01
4.235648345947265625e+01
4.208185958862304688e+01
4.180260848999023438e+01
4.151913070678710938e+01
4.123184967041015625e+01
4.094109344482421875e+01
4.064716720581054688e+01
4.035016632080078125e+01
4.005045318603515625e+01
3.974790573120117188e+01
3.944262313842773438e+01
3.913479232788085938e+01
3.882410812377929688e+01
