2.313499259948730469e+01
2.355673217773437500e+01
2.396793937683105469e+01
2.436926460266113281e+01
2.476131248474121094e+01
2.514486122131347656e+01
2.552074432373046875e+01
2.588994216918945312e+01
2.625340652465820312e+01
2.661223220825195312e+01
2.696740913391113281e+01
2.732013511657714844e+01
2.767143249511718750e+01
2.802238655090332031e+01
2.837411689758300781e+01
2.872758483886718750e+01
2.908379364013671875e+01
2.944357109069824219e+01
2.980775833129882812e+01
3.017710876464843750e+01
3.055221176147460938e+01
3.093360137939453125e+01
3.132156372070312500e+01
3.171652793884277344e+01
3.211849975585937500e+01
3.252753448486328125e+01
3.294345855712890625e+01
3.336598587036132812e+01
3.379481887817382812e+01
3.422930908203125000e+01
3.466882705688476562e+01
3.511262512207031250e+01
3.555976867675781250e+01
3.600927352905273438e+01
3.646000289916992188e+01
3.691077804565429688e+01
3.736038970947265625e+01
3.780744552612304688e+01
3.825051116943359375e+01
3.868824768066406250e+01
3.911918640136718750e+01
3.954181289672851562e+01
3.995474243164062500e+01
4.035644531250000000e+01
4.074554824829101562e+01
4.112070083618164062e+01
4.148057174682617188e+01
4.182389450073242188e+01
4.214960098266601562e+01
4.245656204223632812e+01
4.274391555786132812e+01
4.301075363159179688e+01
4.325649261474609375e+01
4.348050308227539062e+01
4.368244171142578125e+01
4.386197280883789062e+01
4.401912307739257812e+01
4.415381622314453125e+01
4.426633834838867188e+01
4.435702896118164062e+01
4.442641067504882812e+01
4.447507095336914062e+01
4.450381088256835938e+01
4.451354980468750000e+01
4.450531387329101562e+01
4.448013305664062500e+01
4.443920135498046875e+01
4.438382339477539062e+01
4.431515502929687500e+01
4.423465347290039062e+01
4.414353942871093750e+01
4.404312133789062500e+01
4.393475723266601562e+01
4.381957626342773438e+01
4.369880676269531250e+01
4.357350540161132812e+01
4.344473648071289062e+01
4.331325149536132812e+01
4.317995071411132812e+01
4.304534912109375000e+01
4.290999603271484375e+01
4.277429580688476562e+01
4.263848876953125000e+01
4.250261306762695312e+01
4.236672592163085938e+01
4.223046493530273438e+01
4.209381103515625000e+01
4.195615768432617188e+01
4.181726074218750000e+01
4.167633056640625000e+01
4.153301620483398438e+01
4.138649749755859375e+01
4.123621368408203125e+01
4.108137130737304688e+01
4.092134094238281250e+01
4.075564956665039062e+01
4.058338165283203125e+01
4.040420150756835938e+01
4.021768188476562500e+01
4.002329635620117188e+01
