2.496090507507324219e+01
2.510378074645996094e+01
2.522410964965820312e+01
2.532406806945800781e+01
2.540604591369628906e+01
2.547268867492675781e+01
2.552679252624511719e+01
2.557123184204101562e+01
2.560903549194335938e+01
2.564335060119628906e+01
2.567724990844726562e+01
2.571388244628906250e+01
2.575631904602050781e+01
2.580754852294921875e+01
2.587044143676757812e+01
2.594774055480957031e+01
2.604197883605957031e+01
2.615543746948242188e+01
2.629022598266601562e+01
2.644817161560058594e+01
2.663073348999023438e+01
2.683915710449218750e+01
2.707435035705566406e+01
2.733684921264648438e+01
2.762693595886230469e+01
2.794457054138183594e+01
2.828934478759765625e+01
2.866054725646972656e+01
2.905725288391113281e+01
2.947825241088867188e+01
2.992207336425781250e+01
3.038699913024902344e+01
3.087114143371582031e+01
3.137244606018066406e+01
3.188875579833984375e+01
3.241774749755859375e+01
3.295717620849609375e+01
3.350462341308593750e+01
3.405762100219726562e+01
3.461393737792968750e+01
3.517101669311523438e+01
3.572682189941406250e+01
3.627902603149414062e+01
3.682574081420898438e+01
3.736479949951171875e+01
3.789451599121093750e+01
3.841329956054687500e+01
3.891954803466796875e+01
3.941193008422851562e+01
3.988919448852539062e+01
4.035038757324218750e+01
4.079449844360351562e+01
4.122079467773437500e+01
4.162867355346679688e+01
4.201759338378906250e+01
4.238713073730468750e+01
4.273707199096679688e+01
4.306716918945312500e+01
4.337730026245117188e+01
4.366743087768554688e+01
4.393756103515625000e+01
4.418783569335937500e+01
4.441838073730468750e+01
4.462942886352539062e+01
4.482107925415039062e+01
4.499364852905273438e+01
4.514753723144531250e+01
4.528304672241210938e+01
4.540044784545898438e+01
4.550030899047851562e+01
4.558292388916015625e+01
4.564884948730468750e+01
4.569844055175781250e+01
4.573252487182617188e+01
4.575132369995117188e+01
4.575559616088867188e+01
4.574576187133789062e+01
4.572240447998046875e+01
4.568641662597656250e+01
4.563810729980468750e+01
4.557808303833007812e+01
4.550695419311523438e+01
4.542519378662109375e+01
4.533345794677734375e+01
4.523193740844726562e+01
4.512117385864257812e+01
4.500138854980468750e+01
4.487277221679687500e+01
4.473549652099609375e+01
4.458972549438476562e+01
4.443534851074218750e+01
4.427227401733398438e+01
4.410022354125976562e+01
4.391892623901367188e+01
4.372816848754882812e+01
4.352735519409179688e+01
4.331615447998046875e+01
4.309376144409179688e+01
4.285997009277343750e+01
4.261386871337890625e+01
