2.312036323547363281e+01
2.352870559692382812e+01
2.392667007446289062e+01
2.431476211547851562e+01
2.469344139099121094e+01
2.506337356567382812e+01
2.542502403259277344e+01
2.577926635742187500e+01
2.612686538696289062e+01
2.646844863891601562e+01
2.680497932434082031e+01
2.713712501525878906e+01
2.746589851379394531e+01
2.779198265075683594e+01
2.811623573303222656e+01
2.843938255310058594e+01
2.876227188110351562e+01
2.908553695678710938e+01
2.940995025634765625e+01
2.973606681823730469e+01
3.006446647644042969e+01
3.039575004577636719e+01
3.073034667968750000e+01
3.106875038146972656e+01
3.141121101379394531e+01
3.175829124450683594e+01
3.210993576049804688e+01
3.246661376953125000e+01
3.282835006713867188e+01
3.319526672363281250e+01
3.356748199462890625e+01
3.394496154785156250e+01
3.432759857177734375e+01
3.471533584594726562e+01
3.510797119140625000e+01
3.550541687011718750e+01
3.590715789794921875e+01
3.631305694580078125e+01
3.672266387939453125e+01
3.713535690307617188e+01
3.755077362060546875e+01
3.796823883056640625e+01
3.838692855834960938e+01
3.880625915527343750e+01
3.922528457641601562e+01
3.964291381835937500e+01
4.005841827392578125e+01
4.047036743164062500e+01
4.087788772583007812e+01
4.127942657470703125e+01
4.167377090454101562e+01
4.205961990356445312e+01
4.243537902832031250e+01
4.279956436157226562e+01
4.315058135986328125e+01
4.348693847656250000e+01
4.380712509155273438e+01
4.410955429077148438e+01
4.439265060424804688e+01
4.465507507324218750e+01
4.489530563354492188e+01
4.511197280883789062e+01
4.530396652221679688e+01
4.547022628784179688e+01
4.560949707031250000e+01
4.572138977050781250e+01
4.580485534667968750e+01
4.585973739624023438e+01
4.588564300537109375e+01
4.588245773315429688e+01
4.585046768188476562e+01
4.578974533081054688e+01
4.570097732543945312e+01
4.558490753173828125e+01
4.544251632690429688e+01
4.527483367919921875e+01
4.508316040039062500e+01
4.486899566650390625e+01
4.463392257690429688e+01
4.437947082519531250e+01
4.410762023925781250e+01
4.382017135620117188e+01
4.351908111572265625e+01
4.320616531372070312e+01
4.288348007202148438e+01
4.255286788940429688e+01
4.221614456176757812e+01
4.187511825561523438e+01
4.153145980834960938e+01
4.118680191040039062e+01
4.084237289428710938e+01
4.049964904785156250e+01
4.015956497192382812e+01
3.982323455810546875e+01
3.949135208129882812e+01
3.916453933715820312e+01
3.884316253662109375e+01
3.852761077880859375e+01
3.821775054931640625e+01
3.791379547119140625e+01
