2.571587944030761719e+01
2.603041839599609375e+01
2.631911277770996094e+01
2.658264732360839844e+01
2.682198715209960938e+01
2.703832817077636719e+01
2.723304367065429688e+01
2.740778541564941406e+01
2.756431198120117188e+01
2.770460891723632812e+01
2.783075714111328125e+01
2.794496726989746094e+01
2.804967498779296875e+01
2.814722824096679688e+01
2.824015617370605469e+01
2.833092117309570312e+01
2.842206192016601562e+01
2.851608848571777344e+01
2.861539649963378906e+01
2.872247314453125000e+01
2.883952331542968750e+01
2.896871948242187500e+01
2.911219978332519531e+01
2.927177429199218750e+01
2.944919204711914062e+01
2.964599800109863281e+01
2.986354064941406250e+01
3.010293388366699219e+01
3.036513710021972656e+01
3.065079116821289062e+01
3.096043014526367188e+01
3.129413795471191406e+01
3.165208816528320312e+01
3.203392791748046875e+01
3.243925476074218750e+01
3.286732864379882812e+01
3.331727218627929688e+01
3.378800201416015625e+01
3.427820968627929688e+01
3.478619003295898438e+01
3.531052398681640625e+01
3.584916305541992188e+01
3.640015029907226562e+01
3.696138763427734375e+01
3.753041839599609375e+01
3.810494613647460938e+01
3.868255615234375000e+01
3.926051330566406250e+01
3.983618927001953125e+01
4.040698623657226562e+01
4.096998214721679688e+01
4.152265548706054688e+01
4.206211853027343750e+01
4.258573532104492188e+01
4.309075164794921875e+01
4.357456588745117188e+01
4.403459167480468750e+01
4.446847915649414062e+01
4.487379455566406250e+01
4.524831008911132812e+01
4.558994674682617188e+01
4.589686203002929688e+01
4.616724014282226562e+01
4.639950561523437500e+01
4.659231948852539062e+01
4.674459075927734375e+01
4.685541152954101562e+01
4.692404937744140625e+01
4.695015335083007812e+01
4.693347930908203125e+01
4.687422180175781250e+01
4.677256011962890625e+01
4.662917327880859375e+01
4.644493484497070312e+01
4.622100448608398438e+01
4.595861816406250000e+01
4.565949249267578125e+01
4.532536315917968750e+01
4.495835876464843750e+01
4.456060409545898438e+01
4.413464736938476562e+01
4.368295288085937500e+01
4.320840835571289062e+01
4.271370315551757812e+01
4.220191574096679688e+01
4.167610168457031250e+01
4.113921356201171875e+01
4.059449768066406250e+01
4.004500198364257812e+01
3.949378967285156250e+01
3.894388961791992188e+01
3.839825439453125000e+01
3.785977172851562500e+01
3.733103179931640625e+01
3.681469345092773438e+01
3.631304931640625000e+01
3.582828140258789062e+01
3.536238098144531250e+01
3.491703414916992188e+01
3.449375915527343750e+01
