2.707171630859375000e+01
2.736716651916503906e+01
2.765165901184082031e+01
2.792631340026855469e+01
2.819235038757324219e+01
2.845096969604492188e+01
2.870344543457031250e+01
2.895107269287109375e+01
2.919510078430175781e+01
2.943682098388671875e+01
2.967744827270507812e+01
2.991822242736816406e+01
3.016022491455078125e+01
3.040455245971679688e+01
3.065218925476074219e+01
3.090403175354003906e+01
3.116086769104003906e+01
3.142340087890625000e+01
3.169221305847167969e+01
3.196776390075683594e+01
3.225040817260742188e+01
3.254037094116210938e+01
3.283779144287109375e+01
3.314258956909179688e+01
3.345476913452148438e+01
3.377404022216796875e+01
3.410013198852539062e+01
3.443261718750000000e+01
3.477105331420898438e+01
3.511485290527343750e+01
3.546344757080078125e+01
3.581613922119140625e+01
3.617224884033203125e+01
3.653101348876953125e+01
3.689176177978515625e+01
3.725365447998046875e+01
3.761593627929687500e+01
3.797793197631835938e+01
3.833877182006835938e+01
3.869783782958984375e+01
3.905438232421875000e+01
3.940776443481445312e+01
3.975730133056640625e+01
4.010239791870117188e+01
4.044250869750976562e+01
4.077699279785156250e+01
4.110541915893554688e+01
4.142720794677734375e+01
4.174191665649414062e+01
4.204905319213867188e+01
4.234822845458984375e+01
4.263886260986328125e+01
4.292058181762695312e+01
4.319288635253906250e+01
4.345528793334960938e+01
4.370730972290039062e+01
4.394841766357421875e+01
4.417809295654296875e+01
4.439569091796875000e+01
4.460071182250976562e+01
4.479248809814453125e+01
4.497038269042968750e+01
4.513372039794921875e+01
4.528192520141601562e+01
4.541413879394531250e+01
4.552989578247070312e+01
4.562836456298828125e+01
4.570895767211914062e+01
4.577103424072265625e+01
4.581402587890625000e+01
4.583745574951171875e+01
4.584083557128906250e+01
4.582369995117187500e+01
4.578595733642578125e+01
4.572715759277343750e+01
4.564742279052734375e+01
4.554670333862304688e+01
4.542507553100585938e+01
4.528309631347656250e+01
4.512084579467773438e+01
4.493914031982421875e+01
4.473853302001953125e+01
4.451976776123046875e+01
4.428406143188476562e+01
4.403218078613281250e+01
4.376546859741210938e+01
4.348511505126953125e+01
4.319254302978515625e+01
4.288927459716796875e+01
4.257653808593750000e+01
4.225595092773437500e+01
4.192899322509765625e+01
4.159737014770507812e+01
4.126243209838867188e+01
4.092578125000000000e+01
4.058862686157226562e+01
4.025245666503906250e+01
3.991847610473632812e+01
3.958764266967773438e+01
3.926131057739257812e+01
