2.757702636718750000e+01
2.784293746948242188e+01
2.808819389343261719e+01
2.831437492370605469e+01
2.852322196960449219e+01
2.871664237976074219e+01
2.889673805236816406e+01
2.906576156616210938e+01
2.922605705261230469e+01
2.938008308410644531e+01
2.953043174743652344e+01
2.967966079711914062e+01
2.983038139343261719e+01
2.998515319824218750e+01
3.014656448364257812e+01
3.031706619262695312e+01
3.049908065795898438e+01
3.069481849670410156e+01
3.090646362304687500e+01
3.113592910766601562e+01
3.138481330871582031e+01
3.165478134155273438e+01
3.194711303710937500e+01
3.226267242431640625e+01
3.260229110717773438e+01
3.296635055541992188e+01
3.335509872436523438e+01
3.376832962036132812e+01
3.420558166503906250e+01
3.466614151000976562e+01
3.514898300170898438e+01
3.565274429321289062e+01
3.617587280273437500e+01
3.671637725830078125e+01
3.727228164672851562e+01
3.784114456176757812e+01
3.842043685913085938e+01
3.900752258300781250e+01
3.959935760498046875e+01
4.019294357299804688e+01
4.078520202636718750e+01
4.137300491333007812e+01
4.195308303833007812e+01
4.252224349975585938e+01
4.307723617553710938e+01
4.361495971679687500e+01
4.413239288330078125e+01
4.462668991088867188e+01
4.509491348266601562e+01
4.553453063964843750e+01
4.594333267211914062e+01
4.631903839111328125e+01
4.665982437133789062e+01
4.696405792236328125e+01
4.723031616210937500e+01
4.745766448974609375e+01
4.764530181884765625e+01
4.779289245605468750e+01
4.790023803710937500e+01
4.796766662597656250e+01
4.799542617797851562e+01
4.798459243774414062e+01
4.793614196777343750e+01
4.785137557983398438e+01
4.773191452026367188e+01
4.757960128784179688e+01
4.739644241333007812e+01
4.718472671508789062e+01
4.694661712646484375e+01
4.668471527099609375e+01
4.640156173706054688e+01
4.609971618652343750e+01
4.578192520141601562e+01
4.545073699951171875e+01
4.510876464843750000e+01
4.475856781005859375e+01
4.440270614624023438e+01
4.404337310791015625e+01
4.368293762207031250e+01
4.332327651977539062e+01
4.296646499633789062e+01
4.261413192749023438e+01
4.226775360107421875e+01
4.192862701416015625e+01
4.159785461425781250e+01
4.127630996704101562e+01
4.096468734741210938e+01
4.066345214843750000e+01
4.037285995483398438e+01
4.009287261962890625e+01
3.982349014282226562e+01
3.956444549560546875e+01
3.931529998779296875e+01
3.907557296752929688e+01
3.884457015991210938e+01
3.862149047851562500e+01
3.840568161010742188e+01
3.819617843627929688e+01
3.799215316772460938e+01
3.779267883300781250e+01
