2.831410026550292969e+01
2.857424736022949219e+01
2.882129669189453125e+01
2.905722999572753906e+01
2.928411293029785156e+01
2.950405883789062500e+01
2.971918296813964844e+01
2.993173789978027344e+01
3.014380645751953125e+01
3.035752677917480469e+01
3.057492256164550781e+01
3.079792785644531250e+01
3.102835845947265625e+01
3.126782608032226562e+01
3.151783943176269531e+01
3.177968215942382812e+01
3.205445480346679688e+01
3.234305572509765625e+01
3.264612960815429688e+01
3.296402359008789062e+01
3.329712295532226562e+01
3.364518356323242188e+01
3.400802993774414062e+01
3.438523101806640625e+01
3.477610015869140625e+01
3.517972564697265625e+01
3.559522628784179688e+01
3.602127456665039062e+01
3.645668029785156250e+01
3.689992141723632812e+01
3.734959793090820312e+01
3.780402374267578125e+01
3.826177597045898438e+01
3.872108840942382812e+01
3.918045425415039062e+01
3.963820648193359375e+01
4.009296417236328125e+01
4.054311370849609375e+01
4.098732757568359375e+01
4.142427825927734375e+01
4.185284805297851562e+01
4.227179336547851562e+01
4.268029403686523438e+01
4.307737731933593750e+01
4.346232604980468750e+01
4.383444213867187500e+01
4.419322586059570312e+01
4.453822708129882812e+01
4.486899185180664062e+01
4.518524551391601562e+01
4.548662567138671875e+01
4.577308273315429688e+01
4.604433822631835938e+01
4.630015182495117188e+01
4.654037094116210938e+01
4.676475524902343750e+01
4.697315597534179688e+01
4.716525268554687500e+01
4.734068679809570312e+01
4.749910736083984375e+01
4.764017868041992188e+01
4.776329803466796875e+01
4.786804199218750000e+01
4.795373153686523438e+01
4.801988220214843750e+01
4.806561660766601562e+01
4.809045410156250000e+01
4.809359359741210938e+01
4.807440185546875000e+01
4.803218460083007812e+01
4.796633148193359375e+01
4.787632369995117188e+01
4.776158523559570312e+01
4.762187576293945312e+01
4.745688247680664062e+01
4.726641464233398438e+01
4.705050277709960938e+01
4.680945587158203125e+01
4.654353332519531250e+01
4.625326156616210938e+01
4.593944168090820312e+01
4.560295104980468750e+01
4.524480438232421875e+01
4.486653137207031250e+01
4.446941757202148438e+01
4.405523300170898438e+01
4.362575531005859375e+01
4.318278121948242188e+01
4.272853469848632812e+01
4.226507568359375000e+01
4.179467773437500000e+01
4.131948089599609375e+01
4.084189224243164062e+01
4.036405944824218750e+01
3.988825225830078125e+01
3.941665649414062500e+01
3.895114898681640625e+01
3.849391174316406250e+01
3.804651260375976562e+01
3.761072158813476562e+01
