2.644594764709472656e+01
2.684609985351562500e+01
2.723003768920898438e+01
2.759841537475585938e+01
2.795174407958984375e+01
2.829101943969726562e+01
2.861697387695312500e+01
2.893077278137207031e+01
2.923344421386718750e+01
2.952614784240722656e+01
2.981013107299804688e+01
3.008665275573730469e+01
3.035703468322753906e+01
3.062259674072265625e+01
3.088458251953125000e+01
3.114431381225585938e+01
3.140304183959960938e+01
3.166197967529296875e+01
3.192224121093750000e+01
3.218495941162109375e+01
3.245107269287109375e+01
3.272147750854492188e+01
3.299703979492187500e+01
3.327852249145507812e+01
3.356633377075195312e+01
3.386100387573242188e+01
3.416302871704101562e+01
3.447240066528320312e+01
3.478942108154296875e+01
3.511389541625976562e+01
3.544594573974609375e+01
3.578503036499023438e+01
3.613092422485351562e+01
3.648318099975585938e+01
3.684117507934570312e+01
3.720415878295898438e+01
3.757151794433593750e+01
3.794231796264648438e+01
3.831563949584960938e+01
3.869046783447265625e+01
3.906577682495117188e+01
3.944045257568359375e+01
3.981333160400390625e+01
4.018331527709960938e+01
4.054903030395507812e+01
4.090939712524414062e+01
4.126306915283203125e+01
4.160892105102539062e+01
4.194571304321289062e+01
4.227204513549804688e+01
4.258697128295898438e+01
4.288919448852539062e+01
4.317759704589843750e+01
4.345122146606445312e+01
4.370882034301757812e+01
4.394967269897460938e+01
4.417255401611328125e+01
4.437691879272460938e+01
4.456184387207031250e+01
4.472677612304687500e+01
4.487096786499023438e+01
4.499394607543945312e+01
4.509529113769531250e+01
4.517475509643554688e+01
4.523187255859375000e+01
4.526683425903320312e+01
4.527932357788085938e+01
4.526945495605468750e+01
4.523741149902343750e+01
4.518354415893554688e+01
4.510800170898437500e+01
4.501123046875000000e+01
4.489395523071289062e+01
4.475649261474609375e+01
4.459967041015625000e+01
4.442421340942382812e+01
4.423086547851562500e+01
4.402051544189453125e+01
4.379417037963867188e+01
4.355281448364257812e+01
4.329735183715820312e+01
4.302870941162109375e+01
4.274822616577148438e+01
4.245674133300781250e+01
4.215562057495117188e+01
4.184564590454101562e+01
4.152801895141601562e+01
4.120391845703125000e+01
4.087435913085937500e+01
4.054023742675781250e+01
4.020268630981445312e+01
3.986273574829101562e+01
3.952122879028320312e+01
3.917926025390625000e+01
3.883726501464843750e+01
3.849660491943359375e+01
3.815771865844726562e+01
3.782127761840820312e+01
3.748817062377929688e+01
3.715891265869140625e+01
