2.400805473327636719e+01
2.446191215515136719e+01
2.489849090576171875e+01
2.531793975830078125e+01
2.572053337097167969e+01
2.610670661926269531e+01
2.647715568542480469e+01
2.683267784118652344e+01
2.717422485351562500e+01
2.750275802612304688e+01
2.781967163085937500e+01
2.812614250183105469e+01
2.842354011535644531e+01
2.871330451965332031e+01
2.899710273742675781e+01
2.927625274658203125e+01
2.955252075195312500e+01
2.982722473144531250e+01
3.010192298889160156e+01
3.037815093994140625e+01
3.065716934204101562e+01
3.094043731689453125e+01
3.122897911071777344e+01
3.152382469177246094e+01
3.182622528076171875e+01
3.213661575317382812e+01
3.245588684082031250e+01
3.278451156616210938e+01
3.312272262573242188e+01
3.347072219848632812e+01
3.382858276367187500e+01
3.419606018066406250e+01
3.457281875610351562e+01
3.495867156982421875e+01
3.535263442993164062e+01
3.575423049926757812e+01
3.616235351562500000e+01
3.657616043090820312e+01
3.699456405639648438e+01
3.741627120971679688e+01
3.784019088745117188e+01
3.826477050781250000e+01
3.868872833251953125e+01
3.911086273193359375e+01
3.952941131591796875e+01
3.994317626953125000e+01
4.035058975219726562e+01
4.075036239624023438e+01
4.114084625244140625e+01
4.152111434936523438e+01
4.188950347900390625e+01
4.224486923217773438e+01
4.258619689941406250e+01
4.291215133666992188e+01
4.322177886962890625e+01
4.351413345336914062e+01
4.378835678100585938e+01
4.404357528686523438e+01
4.427922058105468750e+01
4.449453735351562500e+01
4.468917465209960938e+01
4.486241531372070312e+01
4.501412582397460938e+01
4.514391326904296875e+01
4.525156021118164062e+01
4.533722686767578125e+01
4.540066909790039062e+01
4.544172286987304688e+01
4.546080398559570312e+01
4.545805358886718750e+01
4.543371963500976562e+01
4.538801956176757812e+01
4.532147979736328125e+01
4.523448181152343750e+01
4.512749099731445312e+01
4.500099563598632812e+01
4.485577774047851562e+01
4.469216918945312500e+01
4.451109313964843750e+01
4.431315994262695312e+01
4.409907531738281250e+01
4.386964797973632812e+01
4.362570571899414062e+01
4.336791992187500000e+01
4.309713745117187500e+01
4.281434249877929688e+01
4.252007675170898438e+01
4.221564483642578125e+01
4.190148544311523438e+01
4.157875823974609375e+01
4.124814605712890625e+01
4.091055679321289062e+01
4.056687545776367188e+01
4.021788024902343750e+01
3.986468124389648438e+01
3.950775146484375000e+01
3.914838409423828125e+01
3.878712081909179688e+01
3.842490768432617188e+01
3.806256103515625000e+01
