2.462783432006835938e+01
2.501331520080566406e+01
2.538151931762695312e+01
2.573300170898437500e+01
2.606843185424804688e+01
2.638867378234863281e+01
2.669468498229980469e+01
2.698763084411621094e+01
2.726885032653808594e+01
2.753976440429687500e+01
2.780177688598632812e+01
2.805653190612792969e+01
2.830575942993164062e+01
2.855102157592773438e+01
2.879413223266601562e+01
2.903680038452148438e+01
2.928070068359375000e+01
2.952750396728515625e+01
2.977881240844726562e+01
3.003608131408691406e+01
3.030083656311035156e+01
3.057428741455078125e+01
3.085761070251464844e+01
3.115189361572265625e+01
3.145791816711425781e+01
3.177651977539062500e+01
3.210806655883789062e+01
3.245308685302734375e+01
3.281169891357421875e+01
3.318392181396484375e+01
3.356962585449218750e+01
3.396847152709960938e+01
3.437996292114257812e+01
3.480351257324218750e+01
3.523816299438476562e+01
3.568332672119140625e+01
3.613761901855468750e+01
3.660006332397460938e+01
3.706946182250976562e+01
3.754435729980468750e+01
3.802344131469726562e+01
3.850519180297851562e+01
3.898817062377929688e+01
3.947072219848632812e+01
3.995154953002929688e+01
4.042883682250976562e+01
4.090107727050781250e+01
4.136684417724609375e+01
4.182442474365234375e+01
4.227261734008789062e+01
4.270961380004882812e+01
4.313417816162109375e+01
4.354506301879882812e+01
4.394055557250976562e+01
4.431972503662109375e+01
4.468115997314453125e+01
4.502386093139648438e+01
4.534657669067382812e+01
4.564833450317382812e+01
4.592824935913085938e+01
4.618539047241210938e+01
4.641888427734375000e+01
4.662807846069335938e+01
4.681225585937500000e+01
4.697082901000976562e+01
4.710345077514648438e+01
4.720970535278320312e+01
4.728919219970703125e+01
4.734199142456054688e+01
4.736777114868164062e+01
4.736677169799804688e+01
4.733893966674804688e+01
4.728486251831054688e+01
4.720447540283203125e+01
4.709872436523437500e+01
4.696805953979492188e+01
4.681315994262695312e+01
4.663488769531250000e+01
4.643444061279296875e+01
4.621257400512695312e+01
4.597068405151367188e+01
4.570995712280273438e+01
4.543169403076171875e+01
4.513737106323242188e+01
4.482848358154296875e+01
4.450650405883789062e+01
4.417308807373046875e+01
4.382970428466796875e+01
4.347794342041015625e+01
4.311942672729492188e+01
4.275568008422851562e+01
4.238826370239257812e+01
4.201853179931640625e+01
4.164792251586914062e+01
4.127767181396484375e+01
4.090911483764648438e+01
4.054317855834960938e+01
4.018109130859375000e+01
3.982348632812500000e+01
3.947130203247070312e+01
