2.546409797668457031e+01
2.583731269836425781e+01
2.619734191894531250e+01
2.654463577270507812e+01
2.687974548339843750e+01
2.720328521728515625e+01
2.751591491699218750e+01
2.781846809387207031e+01
2.811189460754394531e+01
2.839714241027832031e+01
2.867521667480468750e+01
2.894729804992675781e+01
2.921459960937500000e+01
2.947820854187011719e+01
2.973950195312500000e+01
2.999965858459472656e+01
3.025997924804687500e+01
3.052177429199218750e+01
3.078624725341796875e+01
3.105465507507324219e+01
3.132821083068847656e+01
3.160797691345214844e+01
3.189513397216796875e+01
3.219064712524414062e+01
3.249528884887695312e+01
3.280993652343750000e+01
3.313545989990234375e+01
3.347200393676757812e+01
3.382042694091796875e+01
3.418074417114257812e+01
3.455323410034179688e+01
3.493779373168945312e+01
3.533426284790039062e+01
3.574239349365234375e+01
3.616161346435546875e+01
3.659134292602539062e+01
3.703073883056640625e+01
3.747875595092773438e+01
3.793443298339843750e+01
3.839654159545898438e+01
3.886338424682617188e+01
3.933369827270507812e+01
3.980573654174804688e+01
4.027780532836914062e+01
4.074813842773437500e+01
4.121467971801757812e+01
4.167544555664062500e+01
4.212861251831054688e+01
4.257186508178710938e+01
4.300342178344726562e+01
4.342112731933593750e+01
4.382293701171875000e+01
4.420696258544921875e+01
4.457131958007812500e+01
4.491416168212890625e+01
4.523370742797851562e+01
4.552842712402343750e+01
4.579688262939453125e+01
4.603777694702148438e+01
4.624980926513671875e+01
4.643213272094726562e+01
4.658383941650390625e+01
4.670440292358398438e+01
4.679317855834960938e+01
4.685031127929687500e+01
4.687533950805664062e+01
4.686865615844726562e+01
4.683047485351562500e+01
4.676150131225585938e+01
4.666230010986328125e+01
4.653383636474609375e+01
4.637722015380859375e+01
4.619359207153320312e+01
4.598435211181640625e+01
4.575102233886718750e+01
4.549518203735351562e+01
4.521844100952148438e+01
4.492261505126953125e+01
4.460947418212890625e+01
4.428106689453125000e+01
4.393904876708984375e+01
4.358536148071289062e+01
4.322195816040039062e+01
4.285063552856445312e+01
4.247306823730468750e+01
4.209102249145507812e+01
4.170616912841796875e+01
4.132000350952148438e+01
4.093397903442382812e+01
4.054940795898437500e+01
4.016744613647460938e+01
3.978922271728515625e+01
3.941559982299804688e+01
3.904733657836914062e+01
3.868511962890625000e+01
3.832947540283203125e+01
3.798077011108398438e+01
3.763925552368164062e+01
3.730508422851562500e+01
3.697810745239257812e+01
