2.411303901672363281e+01
2.461693000793457031e+01
2.510769462585449219e+01
2.558499526977539062e+01
2.604889488220214844e+01
2.649942207336425781e+01
2.693683052062988281e+01
2.736138916015625000e+01
2.777361488342285156e+01
2.817402839660644531e+01
2.856321334838867188e+01
2.894190979003906250e+01
2.931086921691894531e+01
2.967104911804199219e+01
3.002331924438476562e+01
3.036861991882324219e+01
3.070785903930664062e+01
3.104211044311523438e+01
3.137233161926269531e+01
3.169941902160644531e+01
3.202441406250000000e+01
3.234803390502929688e+01
3.267127990722656250e+01
3.299485015869140625e+01
3.331947326660156250e+01
3.364580917358398438e+01
3.397436904907226562e+01
3.430558013916015625e+01
3.463990020751953125e+01
3.497761154174804688e+01
3.531873703002929688e+01
3.566353607177734375e+01
3.601184082031250000e+01
3.636363983154296875e+01
3.671873474121093750e+01
3.707691574096679688e+01
3.743765640258789062e+01
3.780066680908203125e+01
3.816534805297851562e+01
3.853123092651367188e+01
3.889769744873046875e+01
3.926397705078125000e+01
3.962949752807617188e+01
3.999337005615234375e+01
4.035490798950195312e+01
4.071320724487304688e+01
4.106749343872070312e+01
4.141679382324218750e+01
4.176030349731445312e+01
4.209717178344726562e+01
4.242624664306640625e+01
4.274688339233398438e+01
4.305787277221679688e+01
4.335850524902343750e+01
4.364764022827148438e+01
4.392436981201171875e+01
4.418774795532226562e+01
4.443689727783203125e+01
4.467075729370117188e+01
4.488837051391601562e+01
4.508897018432617188e+01
4.527151107788085938e+01
4.543521118164062500e+01
4.557913208007812500e+01
4.570254898071289062e+01
4.580489730834960938e+01
4.588518905639648438e+01
4.594298934936523438e+01
4.597772598266601562e+01
4.598891448974609375e+01
4.597620391845703125e+01
4.593933868408203125e+01
4.587811660766601562e+01
4.579265594482421875e+01
4.568275070190429688e+01
4.554877853393554688e+01
4.539105606079101562e+01
4.521001052856445312e+01
4.500613403320312500e+01
4.478014373779296875e+01
4.453293609619140625e+01
4.426542282104492188e+01
4.397859573364257812e+01
4.367359924316406250e+01
4.335173034667968750e+01
4.301428985595703125e+01
4.266271209716796875e+01
4.229840850830078125e+01
4.192287063598632812e+01
4.153771972656250000e+01
4.114443969726562500e+01
4.074468231201171875e+01
4.033989334106445312e+01
3.993172073364257812e+01
3.952160644531250000e+01
3.911101150512695312e+01
3.870138549804687500e+01
3.829398727416992188e+01
3.789011001586914062e+01
3.749085998535156250e+01
