2.467758560180664062e+01
2.498621749877929688e+01
2.528066825866699219e+01
2.556184577941894531e+01
2.583085060119628906e+01
2.608860588073730469e+01
2.633635711669921875e+01
2.657539176940917969e+01
2.680696296691894531e+01
2.703260421752929688e+01
2.725356292724609375e+01
2.747145080566406250e+01
2.768768692016601562e+01
2.790376663208007812e+01
2.812115669250488281e+01
2.834123802185058594e+01
2.856549644470214844e+01
2.879522514343261719e+01
2.903176879882812500e+01
2.927617645263671875e+01
2.952970695495605469e+01
2.979334449768066406e+01
3.006798362731933594e+01
3.035445022583007812e+01
3.065331649780273438e+01
3.096527671813964844e+01
3.129059600830078125e+01
3.162963867187500000e+01
3.198255157470703125e+01
3.234928512573242188e+01
3.272965621948242188e+01
3.312353134155273438e+01
3.353037261962890625e+01
3.394961929321289062e+01
3.438066864013671875e+01
3.482261657714843750e+01
3.527446746826171875e+01
3.573535919189453125e+01
3.620392227172851562e+01
3.667902755737304688e+01
3.715920639038085938e+01
3.764299774169921875e+01
3.812896728515625000e+01
3.861544799804687500e+01
3.910075759887695312e+01
3.958340835571289062e+01
4.006133651733398438e+01
4.053290176391601562e+01
4.099655151367187500e+01
4.145034790039062500e+01
4.189254760742187500e+01
4.232144165039062500e+01
4.273556518554687500e+01
4.313310623168945312e+01
4.351260757446289062e+01
4.387254333496093750e+01
4.421166992187500000e+01
4.452870941162109375e+01
4.482258605957031250e+01
4.509217834472656250e+01
4.533660125732421875e+01
4.555528259277343750e+01
4.574758148193359375e+01
4.591297912597656250e+01
4.605132293701171875e+01
4.616232681274414062e+01
4.624618530273437500e+01
4.630311965942382812e+01
4.633340835571289062e+01
4.633750534057617188e+01
4.631616592407226562e+01
4.627009582519531250e+01
4.620011901855468750e+01
4.610736846923828125e+01
4.599281692504882812e+01
4.585766220092773438e+01
4.570325088500976562e+01
4.553073120117187500e+01
4.534171676635742188e+01
4.513723754882812500e+01
4.491893768310546875e+01
4.468812942504882812e+01
4.444607162475585938e+01
4.419431686401367188e+01
4.393387985229492188e+01
4.366624832153320312e+01
4.339236831665039062e+01
4.311349487304687500e+01
4.283044433593750000e+01
4.254435729980468750e+01
4.225588607788085938e+01
4.196580505371093750e+01
4.167473983764648438e+01
4.138334274291992188e+01
4.109191131591796875e+01
4.080086135864257812e+01
4.051046752929687500e+01
4.022092056274414062e+01
3.993251037597656250e+01
3.964505386352539062e+01
