2.541996002197265625e+01
2.573733901977539062e+01
2.604093360900878906e+01
2.633144569396972656e+01
2.660944747924804688e+01
2.687581062316894531e+01
2.713133811950683594e+01
2.737713432312011719e+01
2.761414527893066406e+01
2.784346389770507812e+01
2.806637382507324219e+01
2.828396797180175781e+01
2.849760437011718750e+01
2.870841407775878906e+01
2.891774177551269531e+01
2.912678909301757812e+01
2.933679962158203125e+01
2.954902267456054688e+01
2.976453781127929688e+01
2.998448562622070312e+01
3.020979690551757812e+01
3.044148063659667969e+01
3.068042182922363281e+01
3.092727470397949219e+01
3.118285751342773438e+01
3.144747543334960938e+01
3.172198867797851562e+01
3.200634002685546875e+01
3.230102157592773438e+01
3.260602569580078125e+01
3.292150115966796875e+01
3.324731063842773438e+01
3.358327865600585938e+01
3.392900466918945312e+01
3.428430175781250000e+01
3.464869308471679688e+01
3.502169036865234375e+01
3.540248107910156250e+01
3.579065704345703125e+01
3.618537521362304688e+01
3.658580398559570312e+01
3.699119567871093750e+01
3.740050125122070312e+01
3.781302261352539062e+01
3.822759628295898438e+01
3.864333724975585938e+01
3.905913543701171875e+01
3.947407913208007812e+01
3.988682556152343750e+01
4.029642486572265625e+01
4.070166015625000000e+01
4.110153579711914062e+01
4.149457931518554688e+01
4.187980270385742188e+01
4.225581359863281250e+01
4.262144470214843750e+01
4.297535324096679688e+01
4.331631851196289062e+01
4.364313125610351562e+01
4.395434188842773438e+01
4.424850463867187500e+01
4.452475738525390625e+01
4.478164672851562500e+01
4.501785278320312500e+01
4.523234176635742188e+01
4.542382049560546875e+01
4.559137344360351562e+01
4.573390579223632812e+01
4.585058212280273438e+01
4.594035720825195312e+01
4.600290679931640625e+01
4.603737640380859375e+01
4.604339599609375000e+01
4.602085113525390625e+01
4.596953201293945312e+01
4.588929367065429688e+01
4.578059768676757812e+01
4.564380264282226562e+01
4.547946929931640625e+01
4.528836822509765625e+01
4.507158660888671875e+01
4.483003997802734375e+01
4.456517791748046875e+01
4.427844619750976562e+01
4.397144699096679688e+01
4.364595794677734375e+01
4.330387496948242188e+01
4.294704818725585938e+01
4.257769393920898438e+01
4.219792175292968750e+01
4.180980300903320312e+01
4.141552352905273438e+01
4.101717376708984375e+01
4.061698913574218750e+01
4.021701049804687500e+01
3.981910324096679688e+01
3.942531967163085938e+01
3.903723144531250000e+01
3.865642929077148438e+01
3.828446197509765625e+01
