2.616079902648925781e+01
2.652681732177734375e+01
2.687860870361328125e+01
2.721698379516601562e+01
2.754304122924804688e+01
2.785772132873535156e+01
2.816229248046875000e+01
2.845798683166503906e+01
2.874617576599121094e+01
2.902812767028808594e+01
2.930533981323242188e+01
2.957911872863769531e+01
2.985096168518066406e+01
3.012221908569335938e+01
3.039424514770507812e+01
3.066834831237792969e+01
3.094577407836914062e+01
3.122764968872070312e+01
3.151504898071289062e+01
3.180893325805664062e+01
3.211023330688476562e+01
3.241959381103515625e+01
3.273757553100585938e+01
3.306476593017578125e+01
3.340145492553710938e+01
3.374782943725585938e+01
3.410392379760742188e+01
3.446968078613281250e+01
3.484493255615234375e+01
3.522930526733398438e+01
3.562232589721679688e+01
3.602344131469726562e+01
3.643188858032226562e+01
3.684696578979492188e+01
3.726770019531250000e+01
3.769305801391601562e+01
3.812206649780273438e+01
3.855355072021484375e+01
3.898639678955078125e+01
3.941924285888671875e+01
3.985076141357421875e+01
4.027974700927734375e+01
4.070485687255859375e+01
4.112466049194335938e+01
4.153786468505859375e+01
4.194305419921875000e+01
4.233893966674804688e+01
4.272419738769531250e+01
4.309744262695312500e+01
4.345764541625976562e+01
4.380343627929687500e+01
4.413352584838867188e+01
4.444692993164062500e+01
4.474261856079101562e+01
4.501963043212890625e+01
4.527683258056640625e+01
4.551366424560546875e+01
4.572914886474609375e+01
4.592264938354492188e+01
4.609351730346679688e+01
4.624140930175781250e+01
4.636573791503906250e+01
4.646620178222656250e+01
4.654258346557617188e+01
4.659474945068359375e+01
4.662269973754882812e+01
4.662648391723632812e+01
4.660610580444335938e+01
4.656200408935546875e+01
4.649446487426757812e+01
4.640386962890625000e+01
4.629068374633789062e+01
4.615568161010742188e+01
4.599948120117187500e+01
4.582265853881835938e+01
4.562629318237304688e+01
4.541111755371093750e+01
4.517813491821289062e+01
4.492826080322265625e+01
4.466257095336914062e+01
4.438207244873046875e+01
4.408790969848632812e+01
4.378116607666015625e+01
4.346304702758789062e+01
4.313452148437500000e+01
4.279696655273437500e+01
4.245118713378906250e+01
4.209841156005859375e+01
4.173983383178710938e+01
4.137632751464843750e+01
4.100907135009765625e+01
4.063893890380859375e+01
4.026686477661132812e+01
3.989378356933593750e+01
3.952051925659179688e+01
3.914786529541015625e+01
3.877653503417968750e+01
3.840725708007812500e+01
3.804058074951171875e+01
3.767700958251953125e+01
