2.395216751098632812e+01
2.433053398132324219e+01
2.469309043884277344e+01
2.504047393798828125e+01
2.537353897094726562e+01
2.569313240051269531e+01
2.600024223327636719e+01
2.629627418518066406e+01
2.658229446411132812e+01
2.685977554321289062e+01
2.713013458251953125e+01
2.739485359191894531e+01
2.765548133850097656e+01
2.791349983215332031e+01
2.817042160034179688e+01
2.842777442932128906e+01
2.868699073791503906e+01
2.894949531555175781e+01
2.921651458740234375e+01
2.948924064636230469e+01
2.976885414123535156e+01
3.005604362487792969e+01
3.035193443298339844e+01
3.065707778930664062e+01
3.097180175781250000e+01
3.129667282104492188e+01
3.163169860839843750e+01
3.197699356079101562e+01
3.233243560791015625e+01
3.269773101806640625e+01
3.307223892211914062e+01
3.345571899414062500e+01
3.384713745117187500e+01
3.424584579467773438e+01
3.465086364746093750e+01
3.506122589111328125e+01
3.547581863403320312e+01
3.589331054687500000e+01
3.631277847290039062e+01
3.673289108276367188e+01
3.715237808227539062e+01
3.757001876831054688e+01
3.798474502563476562e+01
3.839514923095703125e+01
3.880032730102539062e+01
3.919905853271484375e+01
3.959019851684570312e+01
3.997308731079101562e+01
4.034652709960937500e+01
4.070976638793945312e+01
4.106233215332031250e+01
4.140316009521484375e+01
4.173180770874023438e+01
4.204770278930664062e+01
4.235053634643554688e+01
4.263945770263671875e+01
4.291444778442382812e+01
4.317503356933593750e+01
4.342092132568359375e+01
4.365182113647460938e+01
4.386735916137695312e+01
4.406737518310546875e+01
4.425153350830078125e+01
4.441946029663085938e+01
4.457089233398437500e+01
4.470568847656250000e+01
4.482332611083984375e+01
4.492335891723632812e+01
4.500575637817382812e+01
4.506983566284179688e+01
4.511514663696289062e+01
4.514138031005859375e+01
4.514825439453125000e+01
4.513496017456054688e+01
4.510139465332031250e+01
4.504729843139648438e+01
4.497204589843750000e+01
4.487547683715820312e+01
4.475747299194335938e+01
4.461763381958007812e+01
4.445610046386718750e+01
4.427288055419921875e+01
4.406809234619140625e+01
4.384197616577148438e+01
4.359494781494140625e+01
4.332749938964843750e+01
4.304030227661132812e+01
4.273410797119140625e+01
4.240983963012695312e+01
4.206836700439453125e+01
4.171119689941406250e+01
4.133938598632812500e+01
4.095438385009765625e+01
4.055758666992187500e+01
4.015075683593750000e+01
3.973530197143554688e+01
3.931324386596679688e+01
3.888598251342773438e+01
3.845545578002929688e+01
3.802327728271484375e+01
