2.605318450927734375e+01
2.656312179565429688e+01
2.705641365051269531e+01
2.753299522399902344e+01
2.799285697937011719e+01
2.843626213073730469e+01
2.886343955993652344e+01
2.927498435974121094e+01
2.967136001586914062e+01
3.005324172973632812e+01
3.042144012451171875e+01
3.077684020996093750e+01
3.112042045593261719e+01
3.145313835144042969e+01
3.177616119384765625e+01
3.209046936035156250e+01
3.239731979370117188e+01
3.269782638549804688e+01
3.299317169189453125e+01
3.328444671630859375e+01
3.357279968261718750e+01
3.385921478271484375e+01
3.414477539062500000e+01
3.443039703369140625e+01
3.471693420410156250e+01
3.500520324707031250e+01
3.529590988159179688e+01
3.558959197998046875e+01
3.588677978515625000e+01
3.618783950805664062e+01
3.649309921264648438e+01
3.680258941650390625e+01
3.711663055419921875e+01
3.743487930297851562e+01
3.775733947753906250e+01
3.808370971679687500e+01
3.841355514526367188e+01
3.874649810791015625e+01
3.908195495605468750e+01
3.941933441162109375e+01
3.975775527954101562e+01
4.009661483764648438e+01
4.043498229980468750e+01
4.077206420898437500e+01
4.110669326782226562e+01
4.143799209594726562e+01
4.176500320434570312e+01
4.208656311035156250e+01
4.240171813964843750e+01
4.270927429199218750e+01
4.300825881958007812e+01
4.329755401611328125e+01
4.357610702514648438e+01
4.384296035766601562e+01
4.409698486328125000e+01
4.433726501464843750e+01
4.456294250488281250e+01
4.477289962768554688e+01
4.496645736694335938e+01
4.514281845092773438e+01
4.530104446411132812e+01
4.544065475463867188e+01
4.556098556518554688e+01
4.566133880615234375e+01
4.574136734008789062e+01
4.580066299438476562e+01
4.583873748779296875e+01
4.585540390014648438e+01
4.585037231445312500e+01
4.582368469238281250e+01
4.577520370483398438e+01
4.570486450195312500e+01
4.561287307739257812e+01
4.549934387207031250e+01
4.536455154418945312e+01
4.520875930786132812e+01
4.503247833251953125e+01
4.483596801757812500e+01
4.461989212036132812e+01
4.438461685180664062e+01
4.413101196289062500e+01
4.385948562622070312e+01
4.357093048095703125e+01
4.326591873168945312e+01
4.294534683227539062e+01
4.261006927490234375e+01
4.226081848144531250e+01
4.189850234985351562e+01
4.152397155761718750e+01
4.113813400268554688e+01
4.074188613891601562e+01
4.033605575561523438e+01
3.992168045043945312e+01
3.949954986572265625e+01
3.907072067260742188e+01
3.863587951660156250e+01
3.819617462158203125e+01
3.775216293334960938e+01
3.730493164062500000e+01
3.685534286499023438e+01
