2.540380859375000000e+01
2.572911834716796875e+01
2.603434371948242188e+01
2.632005691528320312e+01
2.658699798583984375e+01
2.683613014221191406e+01
2.706842994689941406e+01
2.728509712219238281e+01
2.748743057250976562e+01
2.767678260803222656e+01
2.785478973388671875e+01
2.802289199829101562e+01
2.818276023864746094e+01
2.833617210388183594e+01
2.848470115661621094e+01
2.863018798828125000e+01
2.877429199218750000e+01
2.891875076293945312e+01
2.906525039672851562e+01
2.921525573730468750e+01
2.937054443359375000e+01
2.953247070312500000e+01
2.970233154296875000e+01
2.988161087036132812e+01
3.007126235961914062e+01
3.027249526977539062e+01
3.048608970642089844e+01
3.071289634704589844e+01
3.095353317260742188e+01
3.120847320556640625e+01
3.147807502746582031e+01
3.176254272460937500e+01
3.206186294555664062e+01
3.237596130371093750e+01
3.270462799072265625e+01
3.304731369018554688e+01
3.340362167358398438e+01
3.377273178100585938e+01
3.415392303466796875e+01
3.454618072509765625e+01
3.494854736328125000e+01
3.535965728759765625e+01
3.577828979492187500e+01
3.620321273803710938e+01
3.663285446166992188e+01
3.706574249267578125e+01
3.750004196166992188e+01
3.793438339233398438e+01
3.836690902709960938e+01
3.879605102539062500e+01
3.921988677978515625e+01
3.963674545288085938e+01
4.004497146606445312e+01
4.044281387329101562e+01
4.082853698730468750e+01
4.120063018798828125e+01
4.155762100219726562e+01
4.189780044555664062e+01
4.222000503540039062e+01
4.252293014526367188e+01
4.280544281005859375e+01
4.306647872924804688e+01
4.330503082275390625e+01
4.352055358886718750e+01
4.371240234375000000e+01
4.388003540039062500e+01
4.402334213256835938e+01
4.414206314086914062e+01
4.423624420166015625e+01
4.430603408813476562e+01
4.435203170776367188e+01
4.437445068359375000e+01
4.437406158447265625e+01
4.435156631469726562e+01
4.430787277221679688e+01
4.424399185180664062e+01
4.416099166870117188e+01
4.405999755859375000e+01
4.394234848022460938e+01
4.380928039550781250e+01
4.366199111938476562e+01
4.350187683105468750e+01
4.333017730712890625e+01
4.314827728271484375e+01
4.295739746093750000e+01
4.275870513916015625e+01
4.255342102050781250e+01
4.234251785278320312e+01
4.212701034545898438e+01
4.190784454345703125e+01
4.168576431274414062e+01
4.146145248413085938e+01
4.123556518554687500e+01
4.100854110717773438e+01
4.078079605102539062e+01
4.055258941650390625e+01
4.032414627075195312e+01
4.009551620483398438e+01
3.986681747436523438e+01
3.963797378540039062e+01
