2.838278198242187500e+01
2.866376686096191406e+01
2.892641258239746094e+01
2.917190551757812500e+01
2.940130233764648438e+01
2.961591148376464844e+01
2.981706047058105469e+01
3.000634193420410156e+01
3.018529510498046875e+01
3.035554313659667969e+01
3.051877784729003906e+01
3.067658424377441406e+01
3.083083343505859375e+01
3.098310089111328125e+01
3.113517951965332031e+01
3.128861999511718750e+01
3.144516372680664062e+01
3.160604286193847656e+01
3.177292251586914062e+01
3.194696807861328125e+01
3.212950897216796875e+01
3.232158660888671875e+01
3.252415466308593750e+01
3.273799133300781250e+01
3.296391296386718750e+01
3.320226669311523438e+01
3.345351028442382812e+01
3.371783065795898438e+01
3.399544143676757812e+01
3.428607177734375000e+01
3.458969116210937500e+01
3.490576553344726562e+01
3.523392105102539062e+01
3.557351684570312500e+01
3.592387771606445312e+01
3.628398895263671875e+01
3.665300750732421875e+01
3.702987670898437500e+01
3.741347122192382812e+01
3.780258178710937500e+01
3.819588088989257812e+01
3.859212875366210938e+01
3.898996734619140625e+01
3.938790130615234375e+01
3.978467178344726562e+01
4.017853927612304688e+01
4.056841278076171875e+01
4.095260238647460938e+01
4.132980346679687500e+01
4.169851303100585938e+01
4.205737304687500000e+01
4.240522384643554688e+01
4.274049377441406250e+01
4.306202697753906250e+01
4.336854553222656250e+01
4.365903854370117188e+01
4.393229675292968750e+01
4.418740844726562500e+01
4.442340469360351562e+01
4.463950729370117188e+01
4.483490753173828125e+01
4.500888061523437500e+01
4.516101455688476562e+01
4.529077911376953125e+01
4.539786911010742188e+01
4.548197555541992188e+01
4.554293441772460938e+01
4.558095169067382812e+01
4.559589004516601562e+01
4.558803939819335938e+01
4.555763244628906250e+01
4.550524139404296875e+01
4.543127059936523438e+01
4.533644866943359375e+01
4.522131729125976562e+01
4.508676147460937500e+01
4.493370437622070312e+01
4.476310729980468750e+01
4.457590866088867188e+01
4.437319183349609375e+01
4.415609359741210938e+01
4.392579650878906250e+01
4.368342208862304688e+01
4.343006896972656250e+01
4.316693115234375000e+01
4.289532089233398438e+01
4.261617279052734375e+01
4.233076858520507812e+01
4.203996276855468750e+01
4.174496078491210938e+01
4.144667053222656250e+01
4.114591598510742188e+01
4.084349060058593750e+01
4.054026794433593750e+01
4.023677444458007812e+01
3.993367004394531250e+01
3.963148117065429688e+01
3.933053970336914062e+01
3.903125381469726562e+01
3.873398971557617188e+01
