2.563636207580566406e+01
2.592714500427246094e+01
2.620308303833007812e+01
2.646502113342285156e+01
2.671405982971191406e+01
2.695131111145019531e+01
2.717800331115722656e+01
2.739547157287597656e+01
2.760517883300781250e+01
2.780863380432128906e+01
2.800726890563964844e+01
2.820264434814453125e+01
2.839637565612792969e+01
2.859000015258789062e+01
2.878498077392578125e+01
2.898293495178222656e+01
2.918519783020019531e+01
2.939309692382812500e+01
2.960796356201171875e+01
2.983094787597656250e+01
3.006313896179199219e+01
3.030544471740722656e+01
3.055865669250488281e+01
3.082349014282226562e+01
3.110052108764648438e+01
3.138990020751953125e+01
3.169205474853515625e+01
3.200710296630859375e+01
3.233477401733398438e+01
3.267488479614257812e+01
3.302727508544921875e+01
3.339128875732421875e+01
3.376625061035156250e+01
3.415156936645507812e+01
3.454631423950195312e+01
3.494963836669921875e+01
3.536051940917968750e+01
3.577757263183593750e+01
3.620009994506835938e+01
3.662664794921875000e+01
3.705599594116210938e+01
3.748682403564453125e+01
3.791794204711914062e+01
3.834804153442382812e+01
3.877587127685546875e+01
3.920013046264648438e+01
3.961950302124023438e+01
4.003283691406250000e+01
4.043889999389648438e+01
4.083657455444335938e+01
4.122469329833984375e+01
4.160215759277343750e+01
4.196805953979492188e+01
4.232104492187500000e+01
4.266046142578125000e+01
4.298520660400390625e+01
4.329452514648437500e+01
4.358755874633789062e+01
4.386334991455078125e+01
4.412123870849609375e+01
4.436043548583984375e+01
4.458002471923828125e+01
4.477978134155273438e+01
4.495867919921875000e+01
4.511613845825195312e+01
4.525165176391601562e+01
4.536480712890625000e+01
4.545477676391601562e+01
4.552148056030273438e+01
4.556443786621093750e+01
4.558300399780273438e+01
4.557732772827148438e+01
4.554710388183593750e+01
4.549212646484375000e+01
4.541222763061523438e+01
4.530794906616210938e+01
4.517890930175781250e+01
4.502577972412109375e+01
4.484863281250000000e+01
4.464815139770507812e+01
4.442495727539062500e+01
4.417955398559570312e+01
4.391299438476562500e+01
4.362607192993164062e+01
4.331985092163085938e+01
4.299554824829101562e+01
4.265452575683593750e+01
4.229806137084960938e+01
4.192753982543945312e+01
4.154449462890625000e+01
4.115051269531250000e+01
4.074727630615234375e+01
4.033658599853515625e+01
3.991973495483398438e+01
3.949876022338867188e+01
3.907521057128906250e+01
3.865085601806640625e+01
3.822710037231445312e+01
3.780558776855468750e+01
3.738774490356445312e+01
