2.471075630187988281e+01
2.521171760559082031e+01
2.569330406188964844e+01
2.615526199340820312e+01
2.659778785705566406e+01
2.702102661132812500e+01
2.742544937133789062e+01
2.781172370910644531e+01
2.818063545227050781e+01
2.853313827514648438e+01
2.887033462524414062e+01
2.919360923767089844e+01
2.950428199768066406e+01
2.980384635925292969e+01
3.009395599365234375e+01
3.037619209289550781e+01
3.065229415893554688e+01
3.092394638061523438e+01
3.119284820556640625e+01
3.146074867248535156e+01
3.172917938232421875e+01
3.199977302551269531e+01
3.227401733398437500e+01
3.255320739746093750e+01
3.283861160278320312e+01
3.313134002685546875e+01
3.343228530883789062e+01
3.374223327636718750e+01
3.406181335449218750e+01
3.439134216308593750e+01
3.473107528686523438e+01
3.508108901977539062e+01
3.544116592407226562e+01
3.581098937988281250e+01
3.619005584716796875e+01
3.657764434814453125e+01
3.697290420532226562e+01
3.737499618530273438e+01
3.778252029418945312e+01
3.819449996948242188e+01
3.860945510864257812e+01
3.902600860595703125e+01
3.944266891479492188e+01
3.985786437988281250e+01
4.027003860473632812e+01
4.067765808105468750e+01
4.107907104492187500e+01
4.147276687622070312e+01
4.185722732543945312e+01
4.223095321655273438e+01
4.259238815307617188e+01
4.294041061401367188e+01
4.327359390258789062e+01
4.359088897705078125e+01
4.389100646972656250e+01
4.417310714721679688e+01
4.443638992309570312e+01
4.467974472045898438e+01
4.490275955200195312e+01
4.510472488403320312e+01
4.528529739379882812e+01
4.544388198852539062e+01
4.558019638061523438e+01
4.569439315795898438e+01
4.578599548339843750e+01
4.585495376586914062e+01
4.590144348144531250e+01
4.592544174194335938e+01
4.592726135253906250e+01
4.590682220458984375e+01
4.586494064331054688e+01
4.580136489868164062e+01
4.571679687500000000e+01
4.561156845092773438e+01
4.548612594604492188e+01
4.534091186523437500e+01
4.517662811279296875e+01
4.499386596679687500e+01
4.479321289062500000e+01
4.457513809204101562e+01
4.434053802490234375e+01
4.408997726440429688e+01
4.382457733154296875e+01
4.354482650756835938e+01
4.325181579589843750e+01
4.294643402099609375e+01
4.262964630126953125e+01
4.230224990844726562e+01
4.196535110473632812e+01
4.162018585205078125e+01
4.126741409301757812e+01
4.090865707397460938e+01
4.054456329345703125e+01
4.017630004882812500e+01
3.980535888671875000e+01
3.943233489990234375e+01
3.905876541137695312e+01
3.868532943725585938e+01
3.831324768066406250e+01
3.794347381591796875e+01
