2.400770568847656250e+01
2.438440322875976562e+01
2.474331092834472656e+01
2.508515548706054688e+01
2.541059494018554688e+01
2.572068405151367188e+01
2.601643180847167969e+01
2.629917144775390625e+01
2.657026672363281250e+01
2.683124351501464844e+01
2.708370780944824219e+01
2.732939147949218750e+01
2.757010841369628906e+01
2.780762481689453125e+01
2.804385375976562500e+01
2.828049659729003906e+01
2.851952934265136719e+01
2.876268196105957031e+01
2.901160812377929688e+01
2.926800346374511719e+01
2.953334045410156250e+01
2.980903434753417969e+01
3.009633827209472656e+01
3.039631271362304688e+01
3.070996665954589844e+01
3.103795623779296875e+01
3.138084793090820312e+01
3.173899650573730469e+01
3.211249923706054688e+01
3.250132751464843750e+01
3.290528869628906250e+01
3.332375717163085938e+01
3.375617980957031250e+01
3.420163726806640625e+01
3.465908813476562500e+01
3.512733459472656250e+01
3.560498428344726562e+01
3.609052658081054688e+01
3.658235549926757812e+01
3.707868194580078125e+01
3.757770919799804688e+01
3.807756805419921875e+01
3.857617950439453125e+01
3.907166290283203125e+01
3.956187438964843750e+01
4.004499053955078125e+01
4.051906204223632812e+01
4.098205947875976562e+01
4.143218612670898438e+01
4.186757278442382812e+01
4.228686141967773438e+01
4.268794250488281250e+01
4.306973266601562500e+01
4.343093490600585938e+01
4.377021026611328125e+01
4.408663940429687500e+01
4.437908554077148438e+01
4.464712142944335938e+01
4.489000701904296875e+01
4.510729598999023438e+01
4.529872512817382812e+01
4.546412277221679688e+01
4.560357666015625000e+01
4.571715545654296875e+01
4.580511856079101562e+01
4.586795043945312500e+01
4.590584564208984375e+01
4.591971969604492188e+01
4.591003417968750000e+01
4.587759780883789062e+01
4.582325363159179688e+01
4.574777221679687500e+01
4.565203094482421875e+01
4.553715896606445312e+01
4.540367889404296875e+01
4.525302124023437500e+01
4.508575439453125000e+01
4.490308380126953125e+01
4.470560455322265625e+01
4.449467468261718750e+01
4.427073669433593750e+01
4.403490066528320312e+01
4.378788757324218750e+01
4.353041458129882812e+01
4.326310729980468750e+01
4.298717498779296875e+01
4.270270538330078125e+01
4.241066741943359375e+01
4.211160659790039062e+01
4.180617904663085938e+01
4.149473190307617188e+01
4.117797088623046875e+01
4.085646057128906250e+01
4.053063583374023438e+01
4.020111465454101562e+01
3.986843490600585938e+01
3.953293609619140625e+01
3.919534683227539062e+01
3.885612487792968750e+01
3.851578140258789062e+01
