2.710334968566894531e+01
2.738585090637207031e+01
2.764665794372558594e+01
2.788683891296386719e+01
2.810776519775390625e+01
2.831108856201171875e+01
2.849836921691894531e+01
2.867152023315429688e+01
2.883239936828613281e+01
2.898318862915039062e+01
2.912591171264648438e+01
2.926278305053710938e+01
2.939600753784179688e+01
2.952785301208496094e+01
2.966044807434082031e+01
2.979599189758300781e+01
2.993670463562011719e+01
3.008442306518554688e+01
3.024128913879394531e+01
3.040895843505859375e+01
3.058908462524414062e+01
3.078330802917480469e+01
3.099288368225097656e+01
3.121896743774414062e+01
3.146261405944824219e+01
3.172444915771484375e+01
3.200513076782226562e+01
3.230501556396484375e+01
3.262414932250976562e+01
3.296256256103515625e+01
3.331997299194335938e+01
3.369576644897460938e+01
3.408944320678710938e+01
3.450000381469726562e+01
3.492644500732421875e+01
3.536761093139648438e+01
3.582205963134765625e+01
3.628838729858398438e+01
3.676477050781250000e+01
3.724961090087890625e+01
3.774116897583007812e+01
3.823730850219726562e+01
3.873607635498046875e+01
3.923567199707031250e+01
3.973380279541015625e+01
4.022842788696289062e+01
4.071765136718750000e+01
4.119929885864257812e+01
4.167147064208984375e+01
4.213214874267578125e+01
4.257938766479492188e+01
4.301169586181640625e+01
4.342697525024414062e+01
4.382385635375976562e+01
4.420079803466796875e+01
4.455630493164062500e+01
4.488942337036132812e+01
4.519887924194335938e+01
4.548371887207031250e+01
4.574314117431640625e+01
4.597660064697265625e+01
4.618351364135742188e+01
4.636353683471679688e+01
4.651643753051757812e+01
4.664229965209960938e+01
4.674115371704101562e+01
4.681308364868164062e+01
4.685883712768554688e+01
4.687860870361328125e+01
4.687302780151367188e+01
4.684275054931640625e+01
4.678892898559570312e+01
4.671217346191406250e+01
4.661345672607421875e+01
4.649402999877929688e+01
4.635476303100585938e+01
4.619670104980468750e+01
4.602129745483398438e+01
4.582940292358398438e+01
4.562243270874023438e+01
4.540116119384765625e+01
4.516716766357421875e+01
4.492117309570312500e+01
4.466445922851562500e+01
4.439792633056640625e+01
4.412239074707031250e+01
4.383920669555664062e+01
4.354877471923828125e+01
4.325230026245117188e+01
4.295008468627929688e+01
4.264304733276367188e+01
4.233176803588867188e+01
4.201679611206054688e+01
4.169869995117187500e+01
4.137787246704101562e+01
4.105476760864257812e+01
4.072970199584960938e+01
4.040300750732421875e+01
4.007498168945312500e+01
3.974595642089843750e+01
