2.581437873840332031e+01
2.619546890258789062e+01
2.656120300292968750e+01
2.691170692443847656e+01
2.724703979492187500e+01
2.756754112243652344e+01
2.787380409240722656e+01
2.816629981994628906e+01
2.844575119018554688e+01
2.871291923522949219e+01
2.896864891052246094e+01
2.921400070190429688e+01
2.944995307922363281e+01
2.967774581909179688e+01
2.989848518371582031e+01
3.011345100402832031e+01
3.032401275634765625e+01
3.053150749206542969e+01
3.073710250854492188e+01
3.094233322143554688e+01
3.114845085144042969e+01
3.135672378540039062e+01
3.156871795654296875e+01
3.178536605834960938e+01
3.200790023803710938e+01
3.223740005493164062e+01
3.247495269775390625e+01
3.272132873535156250e+01
3.297753524780273438e+01
3.324406051635742188e+01
3.352153778076171875e+01
3.381046676635742188e+01
3.411102294921875000e+01
3.442340087890625000e+01
3.474764633178710938e+01
3.508361816406250000e+01
3.543112182617187500e+01
3.578948974609375000e+01
3.615843582153320312e+01
3.653720092773437500e+01
3.692492675781250000e+01
3.732065963745117188e+01
3.772350311279296875e+01
3.813210296630859375e+01
3.854536819458007812e+01
3.896184539794921875e+01
3.938004302978515625e+01
3.979867935180664062e+01
4.021612930297851562e+01
4.063069534301757812e+01
4.104089736938476562e+01
4.144504547119140625e+01
4.184155654907226562e+01
4.222885131835937500e+01
4.260510635375976562e+01
4.296888351440429688e+01
4.331873321533203125e+01
4.365303802490234375e+01
4.397044372558593750e+01
4.426959991455078125e+01
4.454922485351562500e+01
4.480826950073242188e+01
4.504546356201171875e+01
4.526008605957031250e+01
4.545103454589843750e+01
4.561762237548828125e+01
4.575947189331054688e+01
4.587583923339843750e+01
4.596640777587890625e+01
4.603098297119140625e+01
4.606956100463867188e+01
4.608193969726562500e+01
4.606825256347656250e+01
4.602883529663085938e+01
4.596416091918945312e+01
4.587442779541015625e+01
4.576039886474609375e+01
4.562276840209960938e+01
4.546217727661132812e+01
4.527961730957031250e+01
4.507575988769531250e+01
4.485203552246093750e+01
4.460925292968750000e+01
4.434844589233398438e+01
4.407102203369140625e+01
4.377795410156250000e+01
4.347070693969726562e+01
4.315044021606445312e+01
4.281841659545898438e+01
4.247599411010742188e+01
4.212440872192382812e+01
4.176492691040039062e+01
4.139879989624023438e+01
4.102746963500976562e+01
4.065187835693359375e+01
4.027349853515625000e+01
3.989323806762695312e+01
3.951247406005859375e+01
3.913209915161132812e+01
3.875326919555664062e+01
