2.625536537170410156e+01
2.656859207153320312e+01
2.686366462707519531e+01
2.714109420776367188e+01
2.740170669555664062e+01
2.764621734619140625e+01
2.787558937072753906e+01
2.809097099304199219e+01
2.829337501525878906e+01
2.848398208618164062e+01
2.866430854797363281e+01
2.883544349670410156e+01
2.899895477294921875e+01
2.915625000000000000e+01
2.930869865417480469e+01
2.945788574218750000e+01
2.960521316528320312e+01
2.975221061706542969e+01
2.990027618408203125e+01
3.005081939697265625e+01
3.020520973205566406e+01
3.036476516723632812e+01
3.053068733215332031e+01
3.070417404174804688e+01
3.088620567321777344e+01
3.107797050476074219e+01
3.128021049499511719e+01
3.149369812011718750e+01
3.171921539306640625e+01
3.195724487304687500e+01
3.220830154418945312e+01
3.247261428833007812e+01
3.275043106079101562e+01
3.304185485839843750e+01
3.334670639038085938e+01
3.366492080688476562e+01
3.399616241455078125e+01
3.433994293212890625e+01
3.469567871093750000e+01
3.506266021728515625e+01
3.544019317626953125e+01
3.582723236083984375e+01
3.622274017333984375e+01
3.662564086914062500e+01
3.703444671630859375e+01
3.744805526733398438e+01
3.786487960815429688e+01
3.828348159790039062e+01
3.870219039916992188e+01
3.911928558349609375e+01
3.953333282470703125e+01
3.994208908081054688e+01
4.034423065185546875e+01
4.073776626586914062e+01
4.112082672119140625e+01
4.149174880981445312e+01
4.184856796264648438e+01
4.218977355957031250e+01
4.251359176635742188e+01
4.281826782226562500e+01
4.310242462158203125e+01
4.336461639404296875e+01
4.360328674316406250e+01
4.381749725341796875e+01
4.400596618652343750e+01
4.416785049438476562e+01
4.430221557617187500e+01
4.440849304199218750e+01
4.448626708984375000e+01
4.453519821166992188e+01
4.455522155761718750e+01
4.454623413085937500e+01
4.450858306884765625e+01
4.444276809692382812e+01
4.434925460815429688e+01
4.422871398925781250e+01
4.408240509033203125e+01
4.391126251220703125e+01
4.371628952026367188e+01
4.349919128417968750e+01
4.326111602783203125e+01
4.300392150878906250e+01
4.272903823852539062e+01
4.243834304809570312e+01
4.213374710083007812e+01
4.181678009033203125e+01
4.148939895629882812e+01
4.115353393554687500e+01
4.081083297729492188e+01
4.046330642700195312e+01
4.011242675781250000e+01
3.975994491577148438e+01
3.940738677978515625e+01
3.905634307861328125e+01
3.870812225341796875e+01
3.836382675170898438e+01
3.802466201782226562e+01
3.769161987304687500e+01
3.736545944213867188e+01
3.704688644409179688e+01
