2.292286872863769531e+01
2.340831184387207031e+01
2.388238334655761719e+01
2.434492492675781250e+01
2.479617691040039062e+01
2.523626899719238281e+01
2.566554641723632812e+01
2.608439445495605469e+01
2.649341773986816406e+01
2.689309310913085938e+01
2.728420829772949219e+01
2.766742515563964844e+01
2.804354858398437500e+01
2.841351318359375000e+01
2.877817726135253906e+01
2.913840293884277344e+01
2.949507522583007812e+01
2.984921646118164062e+01
3.020164871215820312e+01
3.055331993103027344e+01
3.090496444702148438e+01
3.125745201110839844e+01
3.161152648925781250e+01
3.196787071228027344e+01
3.232702255249023438e+01
3.268953323364257812e+01
3.305576324462890625e+01
3.342619323730468750e+01
3.380090713500976562e+01
3.418010711669921875e+01
3.456380462646484375e+01
3.495188903808593750e+01
3.534415817260742188e+01
3.574047088623046875e+01
3.614019393920898438e+01
3.654307174682617188e+01
3.694824600219726562e+01
3.735538101196289062e+01
3.776326370239257812e+01
3.817148208618164062e+01
3.857893371582031250e+01
3.898461532592773438e+01
3.938753890991210938e+01
3.978661346435546875e+01
4.018082809448242188e+01
4.056889343261718750e+01
4.094976806640625000e+01
4.132220840454101562e+01
4.168500900268554688e+01
4.203723526000976562e+01
4.237760162353515625e+01
4.270503997802734375e+01
4.301852416992187500e+01
4.331697082519531250e+01
4.359949874877929688e+01
4.386531448364257812e+01
4.411352539062500000e+01
4.434344100952148438e+01
4.455429840087890625e+01
4.474567031860351562e+01
4.491701889038085938e+01
4.506798171997070312e+01
4.519835281372070312e+01
4.530801010131835938e+01
4.539669418334960938e+01
4.546467590332031250e+01
4.551168441772460938e+01
4.553818893432617188e+01
4.554454421997070312e+01
4.553100967407226562e+01
4.549797058105468750e+01
4.544612503051757812e+01
4.537600708007812500e+01
4.528819656372070312e+01
4.518332290649414062e+01
4.506229019165039062e+01
4.492562103271484375e+01
4.477431106567382812e+01
4.460903930664062500e+01
4.443045425415039062e+01
4.423949432373046875e+01
4.403693389892578125e+01
4.382349014282226562e+01
4.359983062744140625e+01
4.336669158935546875e+01
4.312468719482421875e+01
4.287457275390625000e+01
4.261670684814453125e+01
4.235168075561523438e+01
4.208026504516601562e+01
4.180254364013671875e+01
4.151897048950195312e+01
4.123031234741210938e+01
4.093651962280273438e+01
4.063802719116210938e+01
4.033530044555664062e+01
4.002841949462890625e+01
3.971765518188476562e+01
3.940360260009765625e+01
3.908622360229492188e+01
