2.700687408447265625e+01
2.734920120239257812e+01
2.767468452453613281e+01
2.798435020446777344e+01
2.827918434143066406e+01
2.856052780151367188e+01
2.882962799072265625e+01
2.908792495727539062e+01
2.933692741394042969e+01
2.957811927795410156e+01
2.981307792663574219e+01
3.004345130920410156e+01
3.027073860168457031e+01
3.049653816223144531e+01
3.072240257263183594e+01
3.094976806640625000e+01
3.118000984191894531e+01
3.141445159912109375e+01
3.165429115295410156e+01
3.190062522888183594e+01
3.215442276000976562e+01
3.241661834716796875e+01
3.268782424926757812e+01
3.296863174438476562e+01
3.325952911376953125e+01
3.356077194213867188e+01
3.387249755859375000e+01
3.419474792480468750e+01
3.452746200561523438e+01
3.487032699584960938e+01
3.522296905517578125e+01
3.558493041992187500e+01
3.595561599731445312e+01
3.633432769775390625e+01
3.672025680541992188e+01
3.711260223388671875e+01
3.751029586791992188e+01
3.791241836547851562e+01
3.831783294677734375e+01
3.872552871704101562e+01
3.913417816162109375e+01
3.954266738891601562e+01
3.994971847534179688e+01
4.035410308837890625e+01
4.075458908081054688e+01
4.114977264404296875e+01
4.153841400146484375e+01
4.191920471191406250e+01
4.229082107543945312e+01
4.265196228027343750e+01
4.300139617919921875e+01
4.333779907226562500e+01
4.365994262695312500e+01
4.396660995483398438e+01
4.425657272338867188e+01
4.452869033813476562e+01
4.478188705444335938e+01
4.501512145996093750e+01
4.522731781005859375e+01
4.541759109497070312e+01
4.558509826660156250e+01
4.572899627685546875e+01
4.584876632690429688e+01
4.594368743896484375e+01
4.601332473754882812e+01
4.605733489990234375e+01
4.607545471191406250e+01
4.606753921508789062e+01
4.603372192382812500e+01
4.597402572631835938e+01
4.588884353637695312e+01
4.577853775024414062e+01
4.564365005493164062e+01
4.548499298095703125e+01
4.530329132080078125e+01
4.509956359863281250e+01
4.487483215332031250e+01
4.463032150268554688e+01
4.436727523803710938e+01
4.408710479736328125e+01
4.379125213623046875e+01
4.348118591308593750e+01
4.315841293334960938e+01
4.282463455200195312e+01
4.248127365112304688e+01
4.212999725341796875e+01
4.177238845825195312e+01
4.140992355346679688e+01
4.104404830932617188e+01
4.067620468139648438e+01
4.030763244628906250e+01
3.993964004516601562e+01
3.957341003417968750e+01
3.920977783203125000e+01
3.884976959228515625e+01
3.849398803710937500e+01
3.814321517944335938e+01
3.779788970947265625e+01
3.745835876464843750e+01
3.712484359741210938e+01
