8.342089615272777792e+01
8.324230810875181419e+01
8.304257811889111451e+01
8.284066069155160505e+01
8.263657885329418207e+01
8.242106488857415059e+01
8.219812387624438088e+01
8.197126935602847198e+01
8.173394542624492942e+01
8.146270826820992284e+01
8.118067586430137794e+01
8.089499790270275525e+01
8.060227468289906483e+01
8.030511304878638157e+01
8.001112034150102659e+01
7.970629763050520467e+01
7.938399568741532164e+01
7.906092520286523495e+01
7.873884492500280885e+01
7.842040066214561023e+01
7.809973940152779903e+01
7.777922914668813803e+01
7.745542409571406495e+01
7.713088241085524999e+01
7.676530258270710760e+01
7.638286146858378345e+01
7.597940586062624391e+01
7.554624666051162762e+01
7.509743471695442452e+01
7.465758128998490406e+01
7.419762555206243348e+01
7.373879805227835504e+01
7.328435327644115205e+01
7.282749962538898103e+01
7.236817181578854274e+01
7.188740433924526485e+01
7.136205988973807735e+01
7.085883274171936819e+01
7.038175861272361544e+01
6.992920468852759086e+01
6.947857532700308525e+01
6.900317905962151599e+01
6.851832652009782976e+01
6.801073804092943931e+01
6.749707640976738787e+01
6.702142083542439366e+01
6.657263909791278422e+01
6.612275514504945306e+01
6.568990219069435454e+01
6.525981197704354031e+01
6.481901049898860379e+01
6.435171536294313910e+01
6.385982695873119752e+01
6.332645813928157708e+01
6.279487111627966556e+01
6.227794464124176699e+01
6.177962462648996933e+01
6.131566167321637550e+01
6.089919988890112990e+01
6.048323745553439323e+01
6.002741598918619559e+01
5.955113687097738051e+01
5.907170882563824676e+01
5.860240391837304941e+01
5.812655566839040233e+01
5.765753995687241940e+01
5.711961908820840250e+01
5.660464135238106564e+01
5.611613828309640439e+01
5.557742666614850435e+01
5.502534322085740115e+01
5.451520473003736811e+01
5.400293548821595380e+01
5.353332401949832331e+01
5.308946317119285396e+01
5.269719619111438647e+01
5.229759069666832261e+01
5.192934231477349982e+01
5.156993524771183246e+01
5.114355820823733012e+01
5.068030638622031603e+01
5.023118324528516609e+01
4.979096620147186059e+01
4.933943442002163238e+01
4.888937018399627732e+01
4.839736813265123772e+01
4.791875657882725648e+01
4.745638457135634525e+01
4.700324458700482211e+01
4.650870239286787466e+01
4.600384127244993238e+01
4.558443227512329798e+01
4.520336094491146639e+01
4.482506927179822753e+01
4.442669257794889859e+01
4.401337155484480945e+01
4.359743156422139521e+01
4.321344382034818210e+01
4.282959930789571956e+01
4.243629414159541113e+01
