8.420425695115881126e+01
8.409510784333099309e+01
8.397451455366011430e+01
8.383742143273153147e+01
8.369055696172704017e+01
8.353769279487185884e+01
8.337165830342262041e+01
8.318778135319223566e+01
8.298190902595970897e+01
8.276595967838142087e+01
8.254360610557635880e+01
8.230928035079172389e+01
8.207091990618397404e+01
8.180947162923452254e+01
8.152171237726328457e+01
8.122793531571420544e+01
8.093678105422624469e+01
8.064136215511057060e+01
8.032690634440220379e+01
8.000932144023792603e+01
7.968307716723103340e+01
7.935588785847212989e+01
7.903554589982199730e+01
7.870128885477132030e+01
7.834902612891333717e+01
7.799245191460492777e+01
7.764882868542309780e+01
7.731519857011205943e+01
7.697070143732479153e+01
7.661800045922358038e+01
7.625203056136189161e+01
7.586872487717066349e+01
7.547340320962696580e+01
7.503592617709236379e+01
7.454785602353071283e+01
7.405261175997090106e+01
7.354570643503396354e+01
7.304187088548280826e+01
7.252743629801544500e+01
7.202446769148195926e+01
7.151483736228634314e+01
7.098346275032228903e+01
7.047245074086295347e+01
6.994295069328103409e+01
6.941444214268200597e+01
6.888729650141685568e+01
6.837924602448373435e+01
6.787542485637575851e+01
6.738261339551424101e+01
6.687958593449606326e+01
6.636391836467210226e+01
6.583540550727136065e+01
6.530530306211606728e+01
6.477836155987534994e+01
6.426599246404531129e+01
6.376118484076186377e+01
6.325461290216699695e+01
6.274218735686437043e+01
6.223218768456062833e+01
6.172202205886588189e+01
6.122355033523459866e+01
6.071990007495206498e+01
6.024382116320484215e+01
5.973340091154681630e+01
5.920090658600940259e+01
5.866151663838235208e+01
5.811779485342672302e+01
5.757170318851486712e+01
5.702233889337579598e+01
5.645906839295480495e+01
5.587823351424790985e+01
5.530246868630454316e+01
5.469843971599684807e+01
5.407967733543225108e+01
5.347979954552954496e+01
5.289199782518099369e+01
5.232968898339584030e+01
5.179218717207673706e+01
5.127089673450570473e+01
5.081521977043050242e+01
5.041272923686710072e+01
5.004625130471589500e+01
4.966292529542508305e+01
4.928932023358592573e+01
4.891597067212089200e+01
4.852237627284427646e+01
4.811389862757183522e+01
4.767446956620700149e+01
4.723311671456047378e+01
4.680568591507510945e+01
4.634314047936287295e+01
4.590458493358072189e+01
4.546286196636180676e+01
4.500855245941028926e+01
4.458446081744547485e+01
4.417047615914874825e+01
4.375375893313940878e+01
4.332871455904255242e+01
4.290977983489787562e+01
4.249629128131198996e+01
