8.464378229540251652e+01
8.442318209675964624e+01
8.419797557102100427e+01
8.396618150481506859e+01
8.372342790769026522e+01
8.347413206438244515e+01
8.321199421995537193e+01
8.293444854658835652e+01
8.264438632150478270e+01
8.233385530952760689e+01
8.200816414784461017e+01
8.167106338058393078e+01
8.132352685498369738e+01
8.097407870800202545e+01
8.062868325618440224e+01
8.027650498271165702e+01
7.992391137276642610e+01
7.957459190631261947e+01
7.923289432412082078e+01
7.888189913512012197e+01
7.854451605753096999e+01
7.820128497498937747e+01
7.785706819311393190e+01
7.750795245463534400e+01
7.716029283632582292e+01
7.680726480295739123e+01
7.644023769882532804e+01
7.604505187397515442e+01
7.562623309751651846e+01
7.520183249523313407e+01
7.477777704289221106e+01
7.430750883565544029e+01
7.383544080110907259e+01
7.335193236244245441e+01
7.286605976566401921e+01
7.239860793008914186e+01
7.193147415348515494e+01
7.147515066581443932e+01
7.100982120829625899e+01
7.055392037392698512e+01
7.010046779801467665e+01
6.962939943643752372e+01
6.915192959926027072e+01
6.868306689059950543e+01
6.820685199238080543e+01
6.773263323885636567e+01
6.724616196859787465e+01
6.674402054269239670e+01
6.622625333700267447e+01
6.568495992116582727e+01
6.512907388823647636e+01
6.455533240656801297e+01
6.396517275411679293e+01
6.338485790905959050e+01
6.281246415576973163e+01
6.224069805570830027e+01
6.170053079169024102e+01
6.116329165061338813e+01
6.064523284518575963e+01
6.013394624260158139e+01
5.962590777052759705e+01
5.913149059158784837e+01
5.866989810077844680e+01
5.821585504273653555e+01
5.773925893175022139e+01
5.728910430415400867e+01
5.683494513835235296e+01
5.635613884856109479e+01
5.591780762425138107e+01
5.547351791829665757e+01
5.501195669367941576e+01
5.454313817325078872e+01
5.402070929020267442e+01
5.349866043268495019e+01
5.299077880230279902e+01
5.251299277642133490e+01
5.203553728078016150e+01
5.161754448665410422e+01
5.121307753131760165e+01
5.080200327968481133e+01
5.042293061577206714e+01
5.007558573994584350e+01
4.970168687117200079e+01
4.932672860371265955e+01
4.897357994443756724e+01
4.866328363135821178e+01
4.834344648114996801e+01
4.798012623306260593e+01
4.754637096154493747e+01
4.707069811267983539e+01
4.658411747100154798e+01
4.610299129037889543e+01
4.565472002843143429e+01
4.522437731404218653e+01
4.480678648277661580e+01
4.434552303009781582e+01
4.388078033018440038e+01
4.343491702917506103e+01
4.297826345370414458e+01
4.249128826762939326e+01
