8.578931173885324313e+01
8.557905490708736806e+01
8.535931982197529067e+01
8.512840189717941541e+01
8.488576242745693889e+01
8.463546810545977905e+01
8.436875828908382857e+01
8.409757295108485664e+01
8.382007475129516649e+01
8.353824765061470714e+01
8.322449087530267775e+01
8.288378166958077031e+01
8.252229663482758326e+01
8.215052544822154346e+01
8.177936489737668069e+01
8.139517681918829339e+01
8.100466596960185939e+01
8.062933208603250534e+01
8.025810541403602372e+01
7.989670700525185509e+01
7.951769077648975781e+01
7.915412359381997476e+01
7.880775120305995074e+01
7.847022625837800547e+01
7.809928884190838971e+01
7.772108787236774674e+01
7.731371337774231733e+01
7.689096724309571584e+01
7.643316111727455109e+01
7.589031591474270044e+01
7.534124657602768593e+01
7.481146670705207669e+01
7.430206198098643711e+01
7.382873859294190311e+01
7.339935201784759045e+01
7.301058300732819362e+01
7.260935801665421252e+01
7.221435671309770044e+01
7.178900085719401147e+01
7.132051063071223496e+01
7.083442991618531437e+01
7.031674742368957709e+01
6.979015528868822571e+01
6.923961079467055413e+01
6.862797867925215201e+01
6.805012643344839773e+01
6.748417303801559797e+01
6.692593744664740996e+01
6.635393541895768976e+01
6.575438318914002878e+01
6.518385004280834494e+01
6.464401792889584897e+01
6.416033620656598657e+01
6.371215985201079945e+01
6.329534252545793294e+01
6.282433265718943005e+01
6.234006134862138282e+01
6.182233534594957547e+01
6.127354883786049555e+01
6.072083333156145102e+01
6.014629981265148473e+01
5.953686379880063129e+01
5.895688091539552289e+01
5.842946775251032676e+01
5.794224317472348673e+01
5.750873386211438287e+01
5.708419962484860832e+01
5.664463943884705088e+01
5.618457564560296191e+01
5.571461083894151756e+01
5.526492056129206532e+01
5.484238032707194321e+01
5.440762155551841062e+01
5.393630022320766670e+01
5.345595786078188638e+01
5.294987427822206172e+01
5.246222084434208455e+01
5.201138176568684912e+01
5.156136639554576107e+01
5.110336215461362031e+01
5.063392910495151966e+01
5.017225940591818301e+01
4.971605779046625173e+01
4.921922380541179365e+01
4.871432037652799352e+01
4.824512966432221361e+01
4.779041852548296987e+01
4.733624485292858708e+01
4.689185966107955750e+01
4.643712646614633854e+01
4.604049091443218344e+01
4.563313439101342794e+01
4.519903931998602786e+01
4.477269846608216142e+01
4.437180010299237409e+01
4.399103595852988491e+01
4.362541428238146324e+01
4.326212859140238010e+01
4.281985765719192472e+01
4.237002309345140816e+01
