8.733583854950131808e+01
8.731935317798556184e+01
8.728213250411324964e+01
8.722424927099794445e+01
8.714624023143586840e+01
8.704580860799916309e+01
8.692437846396720147e+01
8.678250744084014912e+01
8.661237212262366825e+01
8.642098526288847893e+01
8.620952868322795837e+01
8.598248203893463426e+01
8.572817330237823796e+01
8.545460203738397809e+01
8.516157989794093908e+01
8.485374224379359021e+01
8.452668056074061553e+01
8.417848575990298343e+01
8.382030941617153985e+01
8.344769839639783982e+01
8.305987871834159364e+01
8.265364469495902711e+01
8.224487034125321827e+01
8.183723081617694106e+01
8.144175802514517670e+01
8.104803314448048468e+01
8.064465268113868035e+01
8.022441673191471523e+01
7.979200819850875348e+01
7.934960821230092165e+01
7.889468462129519821e+01
7.842238339352840626e+01
7.794274410628560190e+01
7.744683406266011616e+01
7.694887305551256418e+01
7.643589851660802026e+01
7.589889168721154533e+01
7.535358544154846072e+01
7.480075105106389799e+01
7.424358244393604878e+01
7.369680668000719947e+01
7.315499697333396512e+01
7.261189446386471502e+01
7.208208866327628073e+01
7.153363036510592110e+01
7.096059241502612736e+01
7.039006326510963163e+01
6.981703407635029635e+01
6.925391133123450516e+01
6.870169624877000558e+01
6.816354179613833253e+01
6.760046453041580605e+01
6.703626724262846892e+01
6.647343205089903506e+01
6.587036117776689537e+01
6.527668612530405312e+01
6.470481334547474717e+01
6.415675771016357487e+01
6.360280787414647108e+01
6.303346341618791371e+01
6.245985930492108906e+01
6.187094908382496072e+01
6.125082151828969756e+01
6.062928111551713073e+01
6.001353214468307584e+01
5.942475304672280600e+01
5.887876243598242354e+01
5.835149309385243299e+01
5.779166477093872345e+01
5.723917889895484024e+01
5.666617477358487065e+01
5.606130102940356608e+01
5.545923106040493877e+01
5.484114358723079619e+01
5.427222384797010335e+01
5.375765422948397543e+01
5.328355267321061461e+01
5.281984702685735300e+01
5.237498288800355084e+01
5.189900258120604093e+01
5.145930243748815514e+01
5.107344566304094258e+01
5.066777188216115491e+01
5.027719593828970090e+01
4.994472615163878970e+01
4.957611478042621656e+01
4.917744623592169262e+01
4.875678377283045961e+01
4.831359600740182003e+01
4.787216280596555151e+01
4.738548879954007020e+01
4.688744842095721310e+01
4.645657885578079060e+01
4.604897490911872637e+01
4.570941330288804494e+01
4.535848834231519078e+01
4.500108527693356564e+01
4.465043532938933168e+01
4.429980879526809190e+01
4.391073770645655117e+01
