8.247123832846968128e+01
8.232529890195081634e+01
8.217473254875876876e+01
8.202095593666402351e+01
8.185519718919411503e+01
8.167463325557881149e+01
8.148043614938100632e+01
8.126251284444984435e+01
8.102678328289506737e+01
8.078822595792792072e+01
8.055224665272947959e+01
8.031785546998476377e+01
8.008246102692076818e+01
7.984205534462832077e+01
7.959504759474424418e+01
7.933424238084965907e+01
7.905976090674535328e+01
7.874869195188991000e+01
7.842136328545065282e+01
7.808341121469943857e+01
7.775276758036083891e+01
7.741723901100313299e+01
7.707524323321069915e+01
7.671263231858391407e+01
7.635513819820442905e+01
7.600055624330008186e+01
7.564093375074581616e+01
7.527377168789843154e+01
7.491629165847217564e+01
7.457513182964461862e+01
7.423149472066786814e+01
7.388396523266776228e+01
7.352729353875399454e+01
7.313952077854156641e+01
7.274706779032095483e+01
7.235423557672238815e+01
7.196536962103623125e+01
7.157520508217494637e+01
7.119700289105567492e+01
7.077814129305214408e+01
7.032383936497475929e+01
6.985134046568393273e+01
6.936306624778055152e+01
6.886045386757328401e+01
6.833127529722477789e+01
6.781484640816209719e+01
6.727866411367992328e+01
6.673168785927668978e+01
6.619118221209186004e+01
6.565302400535405525e+01
6.512166546225169839e+01
6.459037832857245576e+01
6.408169529952560595e+01
6.360269802098866876e+01
6.313692011373392887e+01
6.266493987680995303e+01
6.220572267487936813e+01
6.174696985681318750e+01
6.125600159286106816e+01
6.075948619463716227e+01
6.023051127010467809e+01
5.970957960300366096e+01
5.919958023404820580e+01
5.868027356872418920e+01
5.812827049673234825e+01
5.758927964037999914e+01
5.705583414985411395e+01
5.650604449053307832e+01
5.598677036155354614e+01
5.548145593009922294e+01
5.499876592091251126e+01
5.456625470460193128e+01
5.414180167185249104e+01
5.375433166721595768e+01
5.336834749876820183e+01
5.298123107141437060e+01
5.260260489868649358e+01
5.224863599603851583e+01
5.188129907515281758e+01
5.146747788320688954e+01
5.101265334720551436e+01
5.052603771640669095e+01
5.001677961109636783e+01
4.948962608979241651e+01
4.898662559684883888e+01
4.850180030719248947e+01
4.807921195106209922e+01
4.767334128055894382e+01
4.729777720434228883e+01
4.690351640757607754e+01
4.651099523321531848e+01
4.612412178955991493e+01
4.575548131252991624e+01
4.545480775734405654e+01
4.514901735210647615e+01
4.483786508347958488e+01
4.449458917727264406e+01
4.414476054199287347e+01
4.376164449058925499e+01
4.333088866135216932e+01
