8.084566090363617263e+01
8.070283727863990464e+01
8.056754473980385001e+01
8.043529387290207922e+01
8.030327147418675793e+01
8.016635613235568769e+01
8.002227584474169930e+01
7.986548072136621101e+01
7.970531006580267785e+01
7.953262166098750185e+01
7.935025022835459652e+01
7.915044652636228761e+01
7.893409939139868925e+01
7.870699549482579016e+01
7.845590780624307570e+01
7.818339858274674725e+01
7.789258946393427152e+01
7.759161426520975624e+01
7.727655797445481767e+01
7.697207975793985213e+01
7.667000901283178393e+01
7.637590388474393421e+01
7.607722286588801808e+01
7.575299805336497627e+01
7.542438719788522405e+01
7.509291938743331229e+01
7.473966882473206397e+01
7.438306691181327324e+01
7.403279061247938841e+01
7.368746562432077951e+01
7.333781148423024376e+01
7.299383256368984974e+01
7.263775561280313298e+01
7.225670631581958503e+01
7.185375933927240055e+01
7.142043422008613618e+01
7.098253776516675373e+01
7.053539771653804280e+01
7.008838909270467354e+01
6.962902612230193711e+01
6.917237154513931330e+01
6.872260838554659301e+01
6.826472368369833532e+01
6.781756353483011424e+01
6.736540240881497255e+01
6.691995581776691893e+01
6.647287315541775854e+01
6.601788225420843048e+01
6.556153477774283544e+01
6.511073869510816792e+01
6.463700336551934811e+01
6.416084322535571971e+01
6.367978146845440790e+01
6.318749385965200105e+01
6.268403445144129904e+01
6.219232322567864202e+01
6.169783631190848183e+01
6.118694911702898054e+01
6.070020181850598107e+01
6.021475722305006428e+01
5.974475438798123150e+01
5.929276336946283266e+01
5.884603116934042077e+01
5.838819027046357490e+01
5.790724111727953982e+01
5.738051249723532266e+01
5.684293775226664991e+01
5.630722820712417587e+01
5.576633584694522483e+01
5.523103262398753088e+01
5.472342389581864808e+01
5.420598083702624592e+01
5.375130101768649382e+01
5.331735177888334931e+01
5.289724481236076059e+01
5.250330547171656548e+01
5.211321293614167161e+01
5.167691634145553792e+01
5.126094572828204576e+01
5.086180102571790940e+01
5.045992724162871923e+01
5.004647041317638667e+01
4.958006908775887922e+01
4.911816203149204796e+01
4.866524882141590780e+01
4.820423783604304191e+01
4.773346240957192776e+01
4.732461643701252285e+01
4.689555513788850760e+01
4.646084813618396936e+01
4.605131612302911748e+01
4.566388059272833289e+01
4.528985558130639788e+01
4.495255912485264105e+01
4.459451531877633101e+01
4.421666659261300936e+01
4.383092876801958226e+01
4.342197149959410041e+01
4.300345641090811455e+01
4.256321312074159380e+01
