6.835867245129415437e+01
6.857949297340259420e+01
6.878492664816862145e+01
6.894269212050066642e+01
6.907476224771360762e+01
6.920063688676177094e+01
6.931965845164850748e+01
6.943040232870824013e+01
6.953336312511321182e+01
6.962941098810735241e+01
6.972210929178787353e+01
6.979734901505196376e+01
6.986043731272724244e+01
6.991526071589559876e+01
6.995788034526222532e+01
6.998918497299435160e+01
7.000113927705960748e+01
6.999049906363696039e+01
6.996355961186846173e+01
6.992437783847100263e+01
6.986345281120217976e+01
6.978851053391015569e+01
6.968930986154741447e+01
6.955570117819237907e+01
6.940970819609134423e+01
6.927726916465267948e+01
6.916012383855513690e+01
6.903312595589589762e+01
6.890395225259032941e+01
6.876509552431895145e+01
6.862476673065428656e+01
6.846379101757008812e+01
6.830398211987863988e+01
6.813302900542987572e+01
6.794928860299745565e+01
6.775850423758930674e+01
6.758109189036265718e+01
6.736362540079574046e+01
6.707467261139113646e+01
6.679217523490254393e+01
6.647733473257699188e+01
6.611933283649442217e+01
6.577764553417999593e+01
6.540756601987961005e+01
6.506864441186709769e+01
6.474766345482804297e+01
6.442788708582824597e+01
6.407267403698291730e+01
6.368513028760388295e+01
6.329401231264126437e+01
6.293141944484545292e+01
6.257595169365236387e+01
6.222248567515057260e+01
6.188287874861443782e+01
6.150965841645038523e+01
6.112162724867197028e+01
6.068393209925247334e+01
6.020732124269358110e+01
5.969964928975992535e+01
5.922744259425647328e+01
5.876279045687077485e+01
5.826930221605925198e+01
5.778665439489643774e+01
5.734556533899063169e+01
5.692487641239273444e+01
5.646364748906703568e+01
5.597806992858145492e+01
5.546493783080681084e+01
5.500681077257394236e+01
5.458536146079678986e+01
5.420335017858001692e+01
5.385856397079516000e+01
5.355359730143334218e+01
5.326759095866127325e+01
5.297797148779665832e+01
5.260621751181827932e+01
5.217769488591947891e+01
5.169986741968132549e+01
5.120792383920835533e+01
5.073644107298747485e+01
5.026744413053327065e+01
4.975349427347231313e+01
4.925292760266322034e+01
4.875385409190674579e+01
4.828109241246545480e+01
4.784592787338991116e+01
4.745229118280909120e+01
4.712947598384297976e+01
4.685125651641639877e+01
4.660897628092943279e+01
4.638530215360945164e+01
4.612124052921726047e+01
4.584633975201036549e+01
4.552849967310569923e+01
4.514090441482690608e+01
4.473565459958700785e+01
4.430246987784124002e+01
4.383534014710819093e+01
4.336777436932233343e+01
4.290479366336922595e+01
