7.717524669938975990e+01
7.711916491063011847e+01
7.705076947013888855e+01
7.695339839031107942e+01
7.685170920095619351e+01
7.674046586495113331e+01
7.662033636905484002e+01
7.648225991282146197e+01
7.635064703773059591e+01
7.621942716027005815e+01
7.608008478206696168e+01
7.595244851911645867e+01
7.583053907379299119e+01
7.571463764972698129e+01
7.557716848254175090e+01
7.542898187788482289e+01
7.525979759392377844e+01
7.509404674658721035e+01
7.490958095159685115e+01
7.472397637743260645e+01
7.452815256708211678e+01
7.431691156619740468e+01
7.409926862106404144e+01
7.387384012603769179e+01
7.363500551979223019e+01
7.340215710354354428e+01
7.318050653439119912e+01
7.295756363285552482e+01
7.273294649617761820e+01
7.247434691668415496e+01
7.222289984127402818e+01
7.198974775566367157e+01
7.171925278194943587e+01
7.144262884513152301e+01
7.117172776373338650e+01
7.083795618904079561e+01
7.046806854812177789e+01
7.009903559645820792e+01
6.971746004495737736e+01
6.931662030041360367e+01
6.887771937765545260e+01
6.842211081016803575e+01
6.797709969568413158e+01
6.753805158371059747e+01
6.706500215649791130e+01
6.658759873902754123e+01
6.613089287844753983e+01
6.566829064474073618e+01
6.519577046833296663e+01
6.473568551786630110e+01
6.430654901133009105e+01
6.386886162298107195e+01
6.341680445022618073e+01
6.295162841509889518e+01
6.246826322839680046e+01
6.196787576238429551e+01
6.147659321611616434e+01
6.101030120812803403e+01
6.055909656586658230e+01
6.009569385730028301e+01
5.962525237203158213e+01
5.915995143997542272e+01
5.872350955135718209e+01
5.825424521379575538e+01
5.777193837934317600e+01
5.730231241183854252e+01
5.681821701685721138e+01
5.629500956979871518e+01
5.576315540291001582e+01
5.530437322606523765e+01
5.486269092609928322e+01
5.442133068241408722e+01
5.396657095844485497e+01
5.349641566301509954e+01
5.302364612642185193e+01
5.258567869990234556e+01
5.214737243672511369e+01
5.170446368709873042e+01
5.124507391541100532e+01
5.074105470859731071e+01
5.027797903202710472e+01
4.979079622402711891e+01
4.932126895117689713e+01
4.884167324728665704e+01
4.835388832606756893e+01
4.793173755757712229e+01
4.751839260604031523e+01
4.713711945008473947e+01
4.678151412079778737e+01
4.644368526643295070e+01
4.608003615815323428e+01
4.572078109557784131e+01
4.539128098770938635e+01
4.503809768317071871e+01
4.467942018843836394e+01
4.433152482346201140e+01
4.396909545893674931e+01
4.361392775741819605e+01
4.326408613508193213e+01
4.288216328378807418e+01
