6.680805644994930503e+01
6.720436398660798716e+01
6.758272392669134376e+01
6.793204669415639785e+01
6.824853033585949902e+01
6.854657969479517021e+01
6.884086354632603388e+01
6.911254475548984999e+01
6.937023784934456216e+01
6.962617979204144092e+01
6.986956563784397645e+01
7.010130676484503454e+01
7.033620153397254171e+01
7.054809807433233004e+01
7.072746065499366352e+01
7.087408265788064909e+01
7.098575019028156419e+01
7.106913539436604310e+01
7.112296133653973129e+01
7.115447885718116083e+01
7.116857303669172552e+01
7.117000907739915760e+01
7.116927010422929811e+01
7.112680050899079731e+01
7.103497727965675779e+01
7.091490184365559912e+01
7.079878345440152998e+01
7.066401171362993239e+01
7.053885629209403874e+01
7.042873537504735282e+01
7.029961818189849510e+01
7.012775764864625216e+01
6.995018664733673575e+01
6.975058472603889470e+01
6.952020376528379586e+01
6.928707821424754343e+01
6.902786363394297098e+01
6.874931128290181448e+01
6.846264673814212642e+01
6.813869866257608976e+01
6.783887764330125947e+01
6.752893624916804072e+01
6.719977548748200036e+01
6.686600791323108695e+01
6.650279392791635757e+01
6.612259389882837013e+01
6.572433640695899726e+01
6.533365448374530615e+01
6.493269061644041074e+01
6.450243746201304873e+01
6.409167634446087902e+01
6.367392396705139390e+01
6.329862192272706523e+01
6.293335404095061136e+01
6.256511412272168826e+01
6.219361049847461231e+01
6.173994110635054966e+01
6.123250458749244984e+01
6.071667496621914495e+01
6.018060159622717009e+01
5.961444637654312118e+01
5.904819843673188018e+01
5.853201746900773372e+01
5.800940754051437409e+01
5.741654064276845304e+01
5.684348624633302904e+01
5.624369930986267008e+01
5.566161030337866578e+01
5.510587608042222740e+01
5.455338816057162887e+01
5.400657020248898732e+01
5.355389056315514296e+01
5.317066864468260690e+01
5.283197790180608422e+01
5.246210900126450127e+01
5.207535514903996443e+01
5.172582374470986366e+01
5.138034561460403893e+01
5.105894645342754501e+01
5.074637204189763651e+01
5.043930657336725432e+01
5.007306798647683621e+01
4.965247928954694601e+01
4.920897750077982380e+01
4.872146879294634658e+01
4.824316927188763060e+01
4.771229720543401953e+01
4.716490176819140601e+01
4.666043176672881287e+01
4.614873166611837974e+01
4.569359396197510392e+01
4.527289141092825986e+01
4.486773704617994696e+01
4.447458025745523713e+01
4.404839312237741922e+01
4.362016672141448481e+01
4.323727481252464599e+01
4.284298441759240461e+01
4.243147762291004454e+01
4.202273472480294458e+01
