5.760245132446289062e+01
5.748701858520507812e+01
5.737237548828125000e+01
5.725833892822265625e+01
5.714500808715820312e+01
5.703218841552734375e+01
5.691989135742187500e+01
5.680819702148437500e+01
5.669702911376953125e+01
5.658625793457031250e+01
5.647584915161132812e+01
5.636588287353515625e+01
5.625646209716796875e+01
5.614746856689453125e+01
5.603884506225585938e+01
5.593048858642578125e+01
5.582238006591796875e+01
5.571443939208984375e+01
5.560674285888671875e+01
5.549925613403320312e+01
5.539200210571289062e+01
5.528496932983398438e+01
5.517816543579101562e+01
5.507159423828125000e+01
5.496509552001953125e+01
5.485867309570312500e+01
5.475238418579101562e+01
5.464621734619140625e+01
5.454012680053710938e+01
5.443405151367187500e+01
5.432792282104492188e+01
5.422172927856445312e+01
5.411545944213867188e+01
5.400909042358398438e+01
5.390250778198242188e+01
5.379564285278320312e+01
5.368842315673828125e+01
5.358080673217773438e+01
5.347276687622070312e+01
5.336425781250000000e+01
5.325517272949218750e+01
5.314546966552734375e+01
5.303520584106445312e+01
5.292446136474609375e+01
5.281312561035156250e+01
5.270097732543945312e+01
5.258816909790039062e+01
5.247466659545898438e+01
5.236028671264648438e+01
5.224460220336914062e+01
5.212731933593750000e+01
5.200829696655273438e+01
5.188726806640625000e+01
5.176423645019531250e+01
5.163888168334960938e+01
5.151074600219726562e+01
5.137992858886718750e+01
5.124694061279296875e+01
5.111212158203125000e+01
5.097560119628906250e+01
5.083738327026367188e+01
5.069754028320312500e+01
5.055646896362304688e+01
5.041422653198242188e+01
5.027071762084960938e+01
5.012504577636718750e+01
4.997375106811523438e+01
4.981443405151367188e+01
4.964599227905273438e+01
4.946985244750976562e+01
4.928719711303710938e+01
4.909309768676757812e+01
4.888417434692382812e+01
4.867387390136718750e+01
4.846211624145507812e+01
4.824866485595703125e+01
4.803340530395507812e+01
4.781640625000000000e+01
4.759790802001953125e+01
4.737830734252929688e+01
4.715776443481445312e+01
4.693637466430664062e+01
4.671411895751953125e+01
4.649085998535156250e+01
4.626718902587890625e+01
4.604296112060546875e+01
4.581821823120117188e+01
4.559360122680664062e+01
4.536915206909179688e+01
4.514495086669921875e+01
4.492145538330078125e+01
4.469870376586914062e+01
4.447693252563476562e+01
4.425646209716796875e+01
4.403704452514648438e+01
4.381880569458007812e+01
4.360223770141601562e+01
4.338743591308593750e+01
4.317428970336914062e+01
4.296316528320312500e+01
