6.290643692016601562e+01
6.263492202758789062e+01
6.236984634399414062e+01
6.211083984375000000e+01
6.185818481445312500e+01
6.161191177368164062e+01
6.137132263183593750e+01
6.113650512695312500e+01
6.090689086914062500e+01
6.068294906616210938e+01
6.046446228027343750e+01
6.025130462646484375e+01
6.004407501220703125e+01
5.984175872802734375e+01
5.964462661743164062e+01
5.945144653320312500e+01
5.926114654541015625e+01
5.907389831542968750e+01
5.888827514648437500e+01
5.870465850830078125e+01
5.852383422851562500e+01
5.834550094604492188e+01
5.817005538940429688e+01
5.799810409545898438e+01
5.783036041259765625e+01
5.766539001464843750e+01
5.750255584716796875e+01
5.734240722656250000e+01
5.718358612060546875e+01
5.702513122558593750e+01
5.686598587036132812e+01
5.670726394653320312e+01
5.654851531982421875e+01
5.638980865478515625e+01
5.623180770874023438e+01
5.607452392578125000e+01
5.591668319702148438e+01
5.575924682617187500e+01
5.560248947143554688e+01
5.544570922851562500e+01
5.528947830200195312e+01
5.513330078125000000e+01
5.497713470458984375e+01
5.482125091552734375e+01
5.466415786743164062e+01
5.450629043579101562e+01
5.434822845458984375e+01
5.418932723999023438e+01
5.402907180786132812e+01
5.386737442016601562e+01
5.370374298095703125e+01
5.353836822509765625e+01
5.337191390991210938e+01
5.320328521728515625e+01
5.303232955932617188e+01
5.285940551757812500e+01
5.268620300292968750e+01
5.251150512695312500e+01
5.233684539794921875e+01
5.216347885131835938e+01
5.199114990234375000e+01
5.182037353515625000e+01
5.165043258666992188e+01
5.148105621337890625e+01
5.131161117553710938e+01
5.114096832275390625e+01
5.096952438354492188e+01
5.079735183715820312e+01
5.062399291992187500e+01
5.044804763793945312e+01
5.026754760742187500e+01
5.008246994018554688e+01
4.989059448242187500e+01
4.969060134887695312e+01
4.948392486572265625e+01
4.927262115478515625e+01
4.905830001831054688e+01
4.884278488159179688e+01
4.862535095214843750e+01
4.840488433837890625e+01
4.818181228637695312e+01
4.795595550537109375e+01
4.772637176513671875e+01
4.749346923828125000e+01
4.725725936889648438e+01
4.701768112182617188e+01
4.677609252929687500e+01
4.653160476684570312e+01
4.628497695922851562e+01
4.603619766235351562e+01
4.578650665283203125e+01
4.553686904907226562e+01
4.528606414794921875e+01
4.503566360473632812e+01
4.478617095947265625e+01
4.453850936889648438e+01
4.429123306274414062e+01
4.404471206665039062e+01
4.379824066162109375e+01
4.355242919921875000e+01
