6.291017532348632812e+01
6.276981735229492188e+01
6.262601470947265625e+01
6.247925186157226562e+01
6.233016204833984375e+01
6.217929840087890625e+01
6.202714157104492188e+01
6.187414169311523438e+01
6.172027969360351562e+01
6.156531524658203125e+01
6.140898895263671875e+01
6.125134277343750000e+01
6.109312438964843750e+01
6.093431854248046875e+01
6.077473068237304688e+01
6.061367797851562500e+01
6.045048904418945312e+01
6.028487777709960938e+01
6.011696624755859375e+01
5.994655609130859375e+01
5.977495193481445312e+01
5.960294342041015625e+01
5.943124771118164062e+01
5.926088714599609375e+01
5.909158706665039062e+01
5.892414093017578125e+01
5.875768661499023438e+01
5.859190750122070312e+01
5.842682647705078125e+01
5.826138305664062500e+01
5.809410095214843750e+01
5.792509460449218750e+01
5.775445938110351562e+01
5.758198547363281250e+01
5.740703964233398438e+01
5.723026657104492188e+01
5.705196762084960938e+01
5.687252044677734375e+01
5.669151306152343750e+01
5.650969314575195312e+01
5.632703399658203125e+01
5.614316558837890625e+01
5.595925140380859375e+01
5.577516555786132812e+01
5.559054565429687500e+01
5.540605545043945312e+01
5.522102355957031250e+01
5.503548812866210938e+01
5.485039138793945312e+01
5.466484451293945312e+01
5.447808456420898438e+01
5.428971481323242188e+01
5.409992218017578125e+01
5.390818786621093750e+01
5.371450805664062500e+01
5.351864242553710938e+01
5.332020950317382812e+01
5.311921691894531250e+01
5.291596984863281250e+01
5.271053314208984375e+01
5.250369644165039062e+01
5.229493331909179688e+01
5.208485031127929688e+01
5.187406158447265625e+01
5.166376495361328125e+01
5.145429611206054688e+01
5.124424362182617188e+01
5.103376388549804688e+01
5.082379531860351562e+01
5.061469650268554688e+01
5.040666580200195312e+01
5.020020294189453125e+01
4.999484634399414062e+01
4.979041290283203125e+01
4.958667373657226562e+01
4.938389968872070312e+01
4.918133544921875000e+01
4.897917938232421875e+01
4.877675628662109375e+01
4.857500839233398438e+01
4.837382888793945312e+01
4.817487716674804688e+01
4.797753906250000000e+01
4.778128433227539062e+01
4.758607101440429688e+01
4.739085006713867188e+01
4.719615936279296875e+01
4.700128936767578125e+01
4.680447006225585938e+01
4.660556793212890625e+01
4.640566253662109375e+01
4.620466232299804688e+01
4.600189590454101562e+01
4.579928207397460938e+01
4.559535217285156250e+01
4.539101409912109375e+01
4.518624877929687500e+01
4.498175430297851562e+01
4.477842330932617188e+01
4.457563781738281250e+01
