5.720085144042968750e+01
5.709583663940429688e+01
5.699203872680664062e+01
5.688902282714843750e+01
5.678539657592773438e+01
5.668217849731445312e+01
5.657932662963867188e+01
5.647638320922851562e+01
5.637399673461914062e+01
5.627208328247070312e+01
5.616949081420898438e+01
5.606487655639648438e+01
5.595688629150390625e+01
5.584525680541992188e+01
5.572985839843750000e+01
5.561200714111328125e+01
5.549246597290039062e+01
5.537245178222656250e+01
5.525196838378906250e+01
5.513223648071289062e+01
5.501309204101562500e+01
5.489451599121093750e+01
5.477659988403320312e+01
5.465777969360351562e+01
5.453738021850585938e+01
5.441588211059570312e+01
5.429386901855468750e+01
5.417055511474609375e+01
5.404574966430664062e+01
5.392047119140625000e+01
5.379463958740234375e+01
5.366790008544921875e+01
5.354079818725585938e+01
5.341287994384765625e+01
5.328489685058593750e+01
5.315666198730468750e+01
5.302796936035156250e+01
5.289905929565429688e+01
5.276992797851562500e+01
5.264011764526367188e+01
5.250902938842773438e+01
5.237655639648437500e+01
5.224277114868164062e+01
5.210606765747070312e+01
5.196647644042968750e+01
5.182343673706054688e+01
5.167746734619140625e+01
5.152874755859375000e+01
5.137880325317382812e+01
5.122786712646484375e+01
5.107541275024414062e+01
5.092143630981445312e+01
5.076702117919921875e+01
5.061170196533203125e+01
5.045501708984375000e+01
5.029715347290039062e+01
5.013700866699218750e+01
4.997350692749023438e+01
4.980640411376953125e+01
4.963671875000000000e+01
4.946452331542968750e+01
4.928945541381835938e+01
4.911148071289062500e+01
4.893075180053710938e+01
4.874733734130859375e+01
4.856156158447265625e+01
4.837332916259765625e+01
4.818239974975585938e+01
4.798822784423828125e+01
4.779140472412109375e+01
4.759152984619140625e+01
4.738879394531250000e+01
4.718287277221679688e+01
4.697423171997070312e+01
4.676299285888671875e+01
4.654893112182617188e+01
4.633199310302734375e+01
4.611348724365234375e+01
4.589349365234375000e+01
4.567216110229492188e+01
4.544942855834960938e+01
4.522613143920898438e+01
4.500174331665039062e+01
4.477708435058593750e+01
4.455240631103515625e+01
4.432765197753906250e+01
4.410268020629882812e+01
4.387792205810546875e+01
4.365336608886718750e+01
4.342950439453125000e+01
4.320671463012695312e+01
4.298450851440429688e+01
4.276329040527343750e+01
4.254318237304687500e+01
4.232439804077148438e+01
4.210684967041015625e+01
4.189109420776367188e+01
4.167735671997070312e+01
4.146549224853515625e+01
4.125568389892578125e+01
