5.637757110595703125e+01
5.639662551879882812e+01
5.641253662109375000e+01
5.642546081542968750e+01
5.643395614624023438e+01
5.643812942504882812e+01
5.643685150146484375e+01
5.643072509765625000e+01
5.642090225219726562e+01
5.640806198120117188e+01
5.639231872558593750e+01
5.637512588500976562e+01
5.635638427734375000e+01
5.633613967895507812e+01
5.631415557861328125e+01
5.628932952880859375e+01
5.626131439208984375e+01
5.622931289672851562e+01
5.619374465942382812e+01
5.615479278564453125e+01
5.611139678955078125e+01
5.606436920166015625e+01
5.601399230957031250e+01
5.596089935302734375e+01
5.590493392944335938e+01
5.584645462036132812e+01
5.578430557250976562e+01
5.571856307983398438e+01
5.564846801757812500e+01
5.557382965087890625e+01
5.549467849731445312e+01
5.541112518310546875e+01
5.532309722900390625e+01
5.523080444335937500e+01
5.513468170166015625e+01
5.503518676757812500e+01
5.493337631225585938e+01
5.482860183715820312e+01
5.472125625610351562e+01
5.461127090454101562e+01
5.449891281127929688e+01
5.438380813598632812e+01
5.426609802246093750e+01
5.414595794677734375e+01
5.402429580688476562e+01
5.390079498291015625e+01
5.377494049072265625e+01
5.364720153808593750e+01
5.351800155639648438e+01
5.338720703125000000e+01
5.325483703613281250e+01
5.312005996704101562e+01
5.298335266113281250e+01
5.284493637084960938e+01
5.270507812500000000e+01
5.256355285644531250e+01
5.242081069946289062e+01
5.227705383300781250e+01
5.213166427612304688e+01
5.198521804809570312e+01
5.183770751953125000e+01
5.168910217285156250e+01
5.153967285156250000e+01
5.138998413085937500e+01
5.123973464965820312e+01
5.108914566040039062e+01
5.093810653686523438e+01
5.078572845458984375e+01
5.062935256958007812e+01
5.046674346923828125e+01
5.029903411865234375e+01
5.012577438354492188e+01
4.994606399536132812e+01
4.976065063476562500e+01
4.957034683227539062e+01
4.937601470947265625e+01
4.917758941650390625e+01
4.897574234008789062e+01
4.876895904541015625e+01
4.855624389648437500e+01
4.833760070800781250e+01
4.811349105834960938e+01
4.788462448120117188e+01
4.765177154541015625e+01
4.741456222534179688e+01
4.717207717895507812e+01
4.692589187622070312e+01
4.667620086669921875e+01
4.642329025268554688e+01
4.616717529296875000e+01
4.590825653076171875e+01
4.564647674560546875e+01
4.538288879394531250e+01
4.511796188354492188e+01
4.485094451904296875e+01
4.458353042602539062e+01
4.431597900390625000e+01
4.404803848266601562e+01
4.377954483032226562e+01
4.351170730590820312e+01
