5.768290710449218750e+01
5.756530380249023438e+01
5.744924926757812500e+01
5.733478927612304688e+01
5.722213363647460938e+01
5.711113739013671875e+01
5.700189208984375000e+01
5.689469146728515625e+01
5.678942108154296875e+01
5.668633651733398438e+01
5.658517074584960938e+01
5.648605728149414062e+01
5.638846206665039062e+01
5.629208374023437500e+01
5.619681549072265625e+01
5.610265350341796875e+01
5.600986480712890625e+01
5.591810226440429688e+01
5.582741546630859375e+01
5.573740005493164062e+01
5.564806365966796875e+01
5.555956268310546875e+01
5.547163009643554688e+01
5.538424301147460938e+01
5.529745101928710938e+01
5.521123886108398438e+01
5.512553405761718750e+01
5.504014205932617188e+01
5.495501708984375000e+01
5.486999511718750000e+01
5.478509902954101562e+01
5.470021438598632812e+01
5.461524200439453125e+01
5.453012847900390625e+01
5.444466018676757812e+01
5.435863876342773438e+01
5.427199172973632812e+01
5.418424224853515625e+01
5.409524154663085938e+01
5.400491333007812500e+01
5.391307067871093750e+01
5.381943130493164062e+01
5.372379684448242188e+01
5.362624359130859375e+01
5.352654647827148438e+01
5.342455291748046875e+01
5.332001495361328125e+01
5.321267318725585938e+01
5.310235214233398438e+01
5.298918914794921875e+01
5.287306213378906250e+01
5.275360107421875000e+01
5.263047027587890625e+01
5.250354003906250000e+01
5.237262344360351562e+01
5.223681640625000000e+01
5.209624481201171875e+01
5.195067214965820312e+01
5.180083847045898438e+01
5.164598464965820312e+01
5.148634338378906250e+01
5.132285308837890625e+01
5.115553665161132812e+01
5.098412704467773438e+01
5.080940628051757812e+01
5.063227844238281250e+01
5.045372390747070312e+01
5.027302551269531250e+01
5.009054565429687500e+01
4.990689468383789062e+01
4.972182846069335938e+01
4.953427505493164062e+01
4.934463882446289062e+01
4.915288543701171875e+01
4.895859527587890625e+01
4.876122283935546875e+01
4.856175613403320312e+01
4.836149215698242188e+01
4.815975189208984375e+01
4.795606231689453125e+01
4.775053405761718750e+01
4.754252243041992188e+01
4.733309936523437500e+01
4.712304687500000000e+01
4.691196441650390625e+01
4.670017242431640625e+01
4.648772811889648438e+01
4.627436447143554688e+01
4.606085586547851562e+01
4.584689712524414062e+01
4.563296127319335938e+01
4.541931915283203125e+01
4.520611572265625000e+01
4.499404525756835938e+01
4.478291320800781250e+01
4.457223892211914062e+01
4.436297607421875000e+01
4.415446853637695312e+01
4.394717025756835938e+01
4.374145126342773438e+01
