5.720131301879882812e+01
5.708787536621093750e+01
5.697484970092773438e+01
5.686273956298828125e+01
5.675175094604492188e+01
5.664195251464843750e+01
5.653359985351562500e+01
5.642670440673828125e+01
5.632122802734375000e+01
5.621717834472656250e+01
5.611423110961914062e+01
5.601338195800781250e+01
5.591373443603515625e+01
5.581515502929687500e+01
5.571799087524414062e+01
5.562195587158203125e+01
5.552695083618164062e+01
5.543276214599609375e+01
5.533973312377929688e+01
5.524792098999023438e+01
5.515757369995117188e+01
5.506851577758789062e+01
5.498058700561523438e+01
5.489414215087890625e+01
5.480870437622070312e+01
5.472376632690429688e+01
5.463963317871093750e+01
5.455621719360351562e+01
5.447340774536132812e+01
5.439000320434570312e+01
5.430575180053710938e+01
5.421986389160156250e+01
5.413217926025390625e+01
5.404316329956054688e+01
5.395265197753906250e+01
5.385998916625976562e+01
5.376523590087890625e+01
5.366829299926757812e+01
5.356872558593750000e+01
5.346661376953125000e+01
5.336285781860351562e+01
5.325773620605468750e+01
5.315169525146484375e+01
5.304441452026367188e+01
5.293653106689453125e+01
5.282788467407226562e+01
5.271831893920898438e+01
5.260736846923828125e+01
5.249534988403320312e+01
5.238228225708007812e+01
5.226643371582031250e+01
5.214715576171875000e+01
5.202280426025390625e+01
5.189151382446289062e+01
5.175221252441406250e+01
5.160412979125976562e+01
5.144830322265625000e+01
5.128722763061523438e+01
5.112305450439453125e+01
5.095734786987304688e+01
5.079010772705078125e+01
5.062284469604492188e+01
5.045428848266601562e+01
5.028414154052734375e+01
5.011111831665039062e+01
4.993600082397460938e+01
4.975806808471679688e+01
4.957747650146484375e+01
4.939387512207031250e+01
4.920814132690429688e+01
4.902009201049804688e+01
4.883031463623046875e+01
4.863789749145507812e+01
4.844361877441406250e+01
4.824772644042968750e+01
4.804980087280273438e+01
4.784510803222656250e+01
4.763387680053710938e+01
4.741618728637695312e+01
4.719376373291015625e+01
4.696783447265625000e+01
4.673891448974609375e+01
4.650639724731445312e+01
4.627091217041015625e+01
4.603259277343750000e+01
4.579126739501953125e+01
4.554875946044921875e+01
4.530591583251953125e+01
4.506182861328125000e+01
4.481620788574218750e+01
4.456977462768554688e+01
4.432295227050781250e+01
4.407523345947265625e+01
4.382653808593750000e+01
4.357547760009765625e+01
4.332357025146484375e+01
4.307126235961914062e+01
4.281776046752929688e+01
4.256404876708984375e+01
4.231025695800781250e+01
