4.830711746215820312e+01
4.871634292602539062e+01
4.910690689086914062e+01
4.947613143920898438e+01
4.982301712036132812e+01
5.014600372314453125e+01
5.044218826293945312e+01
5.071045684814453125e+01
5.095328140258789062e+01
5.117282867431640625e+01
5.137103652954101562e+01
5.155068969726562500e+01
5.171429061889648438e+01
5.186186599731445312e+01
5.199286651611328125e+01
5.210850143432617188e+01
5.221177673339843750e+01
5.230370712280273438e+01
5.238368606567382812e+01
5.245245742797851562e+01
5.251077270507812500e+01
5.255928802490234375e+01
5.259809494018554688e+01
5.262863159179687500e+01
5.265008926391601562e+01
5.266346740722656250e+01
5.266891479492187500e+01
5.266707992553710938e+01
5.265826416015625000e+01
5.264268112182617188e+01
5.262056350708007812e+01
5.259252166748046875e+01
5.255894470214843750e+01
5.251963806152343750e+01
5.247494888305664062e+01
5.242604827880859375e+01
5.237326431274414062e+01
5.231685256958007812e+01
5.225729751586914062e+01
5.219505310058593750e+01
5.213021850585937500e+01
5.206336593627929688e+01
5.199480056762695312e+01
5.192478179931640625e+01
5.185351562500000000e+01
5.178044509887695312e+01
5.170572662353515625e+01
5.162924575805664062e+01
5.155088424682617188e+01
5.147053909301757812e+01
5.138795471191406250e+01
5.130315780639648438e+01
5.121548843383789062e+01
5.112515640258789062e+01
5.103284454345703125e+01
5.093801498413085938e+01
5.084097290039062500e+01
5.074162673950195312e+01
5.063955307006835938e+01
5.053537368774414062e+01
5.042966461181640625e+01
5.032225799560546875e+01
5.021331405639648438e+01
5.010262298583984375e+01
4.998983764648437500e+01
4.987489700317382812e+01
4.975812911987304688e+01
4.963923263549804688e+01
4.951887512207031250e+01
4.939693832397460938e+01
4.927316284179687500e+01
4.914712142944335938e+01
4.901854705810546875e+01
4.888680648803710938e+01
4.875201416015625000e+01
4.861353302001953125e+01
4.847092437744140625e+01
4.832409667968750000e+01
4.817357635498046875e+01
4.801922988891601562e+01
4.786258697509765625e+01
4.770308685302734375e+01
4.754129791259765625e+01
4.737791442871093750e+01
4.721205520629882812e+01
4.704427337646484375e+01
4.687545394897460938e+01
4.670518875122070312e+01
4.653353118896484375e+01
4.636083984375000000e+01
4.618686676025390625e+01
4.601171875000000000e+01
4.583541488647460938e+01
4.565772628784179688e+01
4.547895431518554688e+01
4.529931259155273438e+01
4.511951446533203125e+01
4.493872833251953125e+01
4.475696563720703125e+01
4.457458114624023438e+01
