5.825320434570312500e+01
5.813304519653320312e+01
5.801519393920898438e+01
5.789966583251953125e+01
5.778631210327148438e+01
5.767465209960937500e+01
5.756331253051757812e+01
5.745155715942382812e+01
5.733906173706054688e+01
5.722591018676757812e+01
5.711264801025390625e+01
5.699948883056640625e+01
5.688620376586914062e+01
5.677274322509765625e+01
5.665930175781250000e+01
5.654584503173828125e+01
5.643249130249023438e+01
5.631922149658203125e+01
5.620655441284179688e+01
5.609443664550781250e+01
5.598320388793945312e+01
5.587291336059570312e+01
5.576312637329101562e+01
5.565436172485351562e+01
5.554666137695312500e+01
5.543976593017578125e+01
5.533319473266601562e+01
5.522698593139648438e+01
5.512148284912109375e+01
5.501674270629882812e+01
5.491258621215820312e+01
5.480889129638671875e+01
5.470527267456054688e+01
5.460163497924804688e+01
5.449798965454101562e+01
5.439410018920898438e+01
5.428983306884765625e+01
5.418500137329101562e+01
5.407962417602539062e+01
5.397342300415039062e+01
5.386563873291015625e+01
5.375507736206054688e+01
5.364167404174804688e+01
5.352536010742187500e+01
5.340592956542968750e+01
5.328324127197265625e+01
5.315768814086914062e+01
5.302946472167968750e+01
5.289898300170898438e+01
5.276593017578125000e+01
5.263143920898437500e+01
5.249561691284179688e+01
5.235890579223632812e+01
5.222105407714843750e+01
5.208198547363281250e+01
5.194174575805664062e+01
5.180028915405273438e+01
5.165716934204101562e+01
5.151238250732421875e+01
5.136558532714843750e+01
5.121656417846679688e+01
5.106520080566406250e+01
5.091225814819335938e+01
5.075728988647460938e+01
5.060029602050781250e+01
5.044104003906250000e+01
5.028010940551757812e+01
5.011775207519531250e+01
4.995391464233398438e+01
4.978919982910156250e+01
4.962466430664062500e+01
4.945976638793945312e+01
4.929402160644531250e+01
4.912774276733398438e+01
4.896123504638671875e+01
4.879520797729492188e+01
4.862931060791015625e+01
4.846342468261718750e+01
4.829710769653320312e+01
4.812987518310546875e+01
4.796126174926757812e+01
4.779207611083984375e+01
4.762138366699218750e+01
4.744774246215820312e+01
4.727161026000976562e+01
4.709243774414062500e+01
4.691007995605468750e+01
4.672424697875976562e+01
4.653549957275390625e+01
4.634453964233398438e+01
4.615143966674804688e+01
4.595644378662109375e+01
4.576103973388671875e+01
4.556536865234375000e+01
4.536963272094726562e+01
4.517432403564453125e+01
4.497954559326171875e+01
4.478583526611328125e+01
4.459266281127929688e+01
4.439919662475585938e+01
