6.189856338500976562e+01
6.162723541259765625e+01
6.136080932617187500e+01
6.109909439086914062e+01
6.084121704101562500e+01
6.058753585815429688e+01
6.033778762817382812e+01
6.009203720092773438e+01
5.985004043579101562e+01
5.961249923706054688e+01
5.938018035888671875e+01
5.915418624877929688e+01
5.893456649780273438e+01
5.872120285034179688e+01
5.851362609863281250e+01
5.831211853027343750e+01
5.811669540405273438e+01
5.792675781250000000e+01
5.774221038818359375e+01
5.756282424926757812e+01
5.738798522949218750e+01
5.721710205078125000e+01
5.705007171630859375e+01
5.688755035400390625e+01
5.672925186157226562e+01
5.657493591308593750e+01
5.642428207397460938e+01
5.627682113647460938e+01
5.613273620605468750e+01
5.599121856689453125e+01
5.585178756713867188e+01
5.571384811401367188e+01
5.557682800292968750e+01
5.544025802612304688e+01
5.530349349975585938e+01
5.516640853881835938e+01
5.502891540527343750e+01
5.489079666137695312e+01
5.475233078002929688e+01
5.461292266845703125e+01
5.447171783447265625e+01
5.432830429077148438e+01
5.418202209472656250e+01
5.403351211547851562e+01
5.388259506225585938e+01
5.372898483276367188e+01
5.357242202758789062e+01
5.341208267211914062e+01
5.324705505371093750e+01
5.307805633544921875e+01
5.290529251098632812e+01
5.272842025756835938e+01
5.254759216308593750e+01
5.236320495605468750e+01
5.217528915405273438e+01
5.198489761352539062e+01
5.179119491577148438e+01
5.159460067749023438e+01
5.139479064941406250e+01
5.119271087646484375e+01
5.098896026611328125e+01
5.078380584716796875e+01
5.057653808593750000e+01
5.036711120605468750e+01
5.015576171875000000e+01
4.994260787963867188e+01
4.972841262817382812e+01
4.951283645629882812e+01
4.929595947265625000e+01
4.907769012451171875e+01
4.885836410522460938e+01
4.863803482055664062e+01
4.841654586791992188e+01
4.819402313232421875e+01
4.797017288208007812e+01
4.774560928344726562e+01
4.752032852172851562e+01
4.729424285888671875e+01
4.706786727905273438e+01
4.684149932861328125e+01
4.661514663696289062e+01
4.638848876953125000e+01
4.616192626953125000e+01
4.593592071533203125e+01
4.571109390258789062e+01
4.548686599731445312e+01
4.526417922973632812e+01
4.504273605346679688e+01
4.482309341430664062e+01
4.460514450073242188e+01
4.438872146606445312e+01
4.417378234863281250e+01
4.396001434326171875e+01
4.374768066406250000e+01
4.353702163696289062e+01
4.332867050170898438e+01
4.312226486206054688e+01
4.291760253906250000e+01
4.271457290649414062e+01
4.251300811767578125e+01
