5.610459518432617188e+01
5.601840591430664062e+01
5.593550872802734375e+01
5.585573959350585938e+01
5.577981567382812500e+01
5.570821762084960938e+01
5.564031600952148438e+01
5.557554626464843750e+01
5.551152801513671875e+01
5.544714355468750000e+01
5.538159561157226562e+01
5.531474304199218750e+01
5.524792098999023438e+01
5.518132019042968750e+01
5.511568069458007812e+01
5.504947662353515625e+01
5.498393249511718750e+01
5.491865539550781250e+01
5.485318756103515625e+01
5.478752136230468750e+01
5.472148895263671875e+01
5.465494537353515625e+01
5.458786010742187500e+01
5.452093887329101562e+01
5.445404052734375000e+01
5.438759231567382812e+01
5.432100677490234375e+01
5.425478744506835938e+01
5.418814849853515625e+01
5.412186813354492188e+01
5.405582046508789062e+01
5.398998260498046875e+01
5.392425537109375000e+01
5.385878753662109375e+01
5.379374313354492188e+01
5.372889709472656250e+01
5.366445159912109375e+01
5.359981155395507812e+01
5.353560256958007812e+01
5.347167587280273438e+01
5.340780258178710938e+01
5.334397888183593750e+01
5.327986907958984375e+01
5.321568298339843750e+01
5.315159225463867188e+01
5.308692550659179688e+01
5.302135848999023438e+01
5.295401382446289062e+01
5.288439178466796875e+01
5.281284332275390625e+01
5.273860168457031250e+01
5.266052246093750000e+01
5.257793426513671875e+01
5.249058532714843750e+01
5.239757156372070312e+01
5.229876708984375000e+01
5.219566345214843750e+01
5.208879470825195312e+01
5.197857666015625000e+01
5.186631393432617188e+01
5.175307846069335938e+01
5.163793563842773438e+01
5.152095413208007812e+01
5.140240478515625000e+01
5.128087997436523438e+01
5.115723800659179688e+01
5.103194046020507812e+01
5.090248870849609375e+01
5.076836776733398438e+01
5.062984848022460938e+01
5.048591232299804688e+01
5.033638381958007812e+01
5.018129730224609375e+01
5.002120208740234375e+01
4.985613250732421875e+01
4.968694686889648438e+01
4.951429367065429688e+01
4.933891296386718750e+01
4.916025161743164062e+01
4.897801589965820312e+01
4.879306411743164062e+01
4.860565185546875000e+01
4.841550445556640625e+01
4.822358703613281250e+01
4.802979660034179688e+01
4.783354187011718750e+01
4.763588333129882812e+01
4.743667984008789062e+01
4.723589324951171875e+01
4.703488540649414062e+01
4.683250808715820312e+01
4.662971115112304688e+01
4.642611694335937500e+01
4.622226333618164062e+01
4.601766586303710938e+01
4.581291198730468750e+01
4.560889816284179688e+01
4.540494537353515625e+01
4.520097732543945312e+01
4.499769210815429688e+01
