6.858013153076171875e+01
6.823566436767578125e+01
6.789393615722656250e+01
6.755518341064453125e+01
6.722069549560546875e+01
6.689042663574218750e+01
6.656349182128906250e+01
6.623991394042968750e+01
6.591957855224609375e+01
6.560271453857421875e+01
6.528968811035156250e+01
6.498126220703125000e+01
6.467781066894531250e+01
6.437982177734375000e+01
6.408716583251953125e+01
6.380064773559570312e+01
6.351948547363281250e+01
6.324342346191406250e+01
6.297252273559570312e+01
6.270631790161132812e+01
6.244460296630859375e+01
6.218712615966796875e+01
6.193399429321289062e+01
6.168497467041015625e+01
6.143971252441406250e+01
6.119836425781250000e+01
6.096048355102539062e+01
6.072592926025390625e+01
6.049462509155273438e+01
6.026633453369140625e+01
6.004094696044921875e+01
5.981805419921875000e+01
5.959746170043945312e+01
5.937912750244140625e+01
5.916276550292968750e+01
5.894826507568359375e+01
5.873575210571289062e+01
5.852491760253906250e+01
5.831593322753906250e+01
5.810880279541015625e+01
5.790365219116210938e+01
5.770015716552734375e+01
5.749850463867187500e+01
5.729863357543945312e+01
5.710050964355468750e+01
5.690430831909179688e+01
5.670995712280273438e+01
5.651752471923828125e+01
5.632668685913085938e+01
5.613738250732421875e+01
5.594963455200195312e+01
5.576338958740234375e+01
5.557845687866210938e+01
5.539467239379882812e+01
5.521162796020507812e+01
5.502929306030273438e+01
5.484766387939453125e+01
5.466677093505859375e+01
5.448642349243164062e+01
5.430654144287109375e+01
5.412720489501953125e+01
5.394826507568359375e+01
5.376979064941406250e+01
5.359193038940429688e+01
5.341464996337890625e+01
5.323786544799804688e+01
5.306155014038085938e+01
5.288581085205078125e+01
5.271066284179687500e+01
5.253622055053710938e+01
5.236262512207031250e+01
5.218973922729492188e+01
5.201760482788085938e+01
5.184638595581054688e+01
5.167610549926757812e+01
5.150697708129882812e+01
5.133889770507812500e+01
5.117220306396484375e+01
5.100682830810546875e+01
5.084272384643554688e+01
5.067975997924804688e+01
5.051792907714843750e+01
5.035749816894531250e+01
5.019868087768554688e+01
5.004143142700195312e+01
4.988574981689453125e+01
4.973154067993164062e+01
4.957571792602539062e+01
4.940555572509765625e+01
4.922147750854492188e+01
4.901522445678710938e+01
4.878819656372070312e+01
4.855014801025390625e+01
4.830532073974609375e+01
4.805173492431640625e+01
4.779411315917968750e+01
4.753869628906250000e+01
4.728550720214843750e+01
4.703430557250976562e+01
4.678517150878906250e+01
