5.398170471191406250e+01
5.389066314697265625e+01
5.380207061767578125e+01
5.371464920043945312e+01
5.362848663330078125e+01
5.354261016845703125e+01
5.345988845825195312e+01
5.337783050537109375e+01
5.329634475708007812e+01
5.321733093261718750e+01
5.314310836791992188e+01
5.307295989990234375e+01
5.300566482543945312e+01
5.293984603881835938e+01
5.287528991699218750e+01
5.281202316284179688e+01
5.275035858154296875e+01
5.269134521484375000e+01
5.263407897949218750e+01
5.257830429077148438e+01
5.252483749389648438e+01
5.247527694702148438e+01
5.242715454101562500e+01
5.238073348999023438e+01
5.233636093139648438e+01
5.229415893554687500e+01
5.225342178344726562e+01
5.221348571777343750e+01
5.217470932006835938e+01
5.213674545288085938e+01
5.209827804565429688e+01
5.205933761596679688e+01
5.202100372314453125e+01
5.198135757446289062e+01
5.193989181518554688e+01
5.189675903320312500e+01
5.185161590576171875e+01
5.180414581298828125e+01
5.175496673583984375e+01
5.170436859130859375e+01
5.165354919433593750e+01
5.160242843627929688e+01
5.155008316040039062e+01
5.149621200561523438e+01
5.143963623046875000e+01
5.138017272949218750e+01
5.131765747070312500e+01
5.125190734863281250e+01
5.118217086791992188e+01
5.110737609863281250e+01
5.102820968627929688e+01
5.094529342651367188e+01
5.085792922973632812e+01
5.076715087890625000e+01
5.067262268066406250e+01
5.057456207275390625e+01
5.047280502319335938e+01
5.036774826049804688e+01
5.025906372070312500e+01
5.014823532104492188e+01
5.003593063354492188e+01
4.992156982421875000e+01
4.980582046508789062e+01
4.968838119506835938e+01
4.956894683837890625e+01
4.944717788696289062e+01
4.932394409179687500e+01
4.919901275634765625e+01
4.907163619995117188e+01
4.894169998168945312e+01
4.880909347534179688e+01
4.867412185668945312e+01
4.853669357299804688e+01
4.839725494384765625e+01
4.825604629516601562e+01
4.811311721801757812e+01
4.796850967407226562e+01
4.782250595092773438e+01
4.767511749267578125e+01
4.752524185180664062e+01
4.737347793579101562e+01
4.722046279907226562e+01
4.706660079956054688e+01
4.691223526000976562e+01
4.675703811645507812e+01
4.660123443603515625e+01
4.644488143920898438e+01
4.628848266601562500e+01
4.613231658935546875e+01
4.597624969482421875e+01
4.582036590576171875e+01
4.566503143310546875e+01
4.550973129272460938e+01
4.535491180419921875e+01
4.520007705688476562e+01
4.504559326171875000e+01
4.489111709594726562e+01
4.473707199096679688e+01
4.458381271362304688e+01
4.443115615844726562e+01
