5.518290710449218750e+01
5.543597793579101562e+01
5.567579650878906250e+01
5.590390777587890625e+01
5.611924362182617188e+01
5.632270431518554688e+01
5.651382064819335938e+01
5.669181060791015625e+01
5.685593795776367188e+01
5.700487899780273438e+01
5.713974761962890625e+01
5.726186370849609375e+01
5.737050247192382812e+01
5.746765518188476562e+01
5.755256271362304688e+01
5.762579727172851562e+01
5.768778610229492188e+01
5.773943710327148438e+01
5.778059005737304688e+01
5.781261444091796875e+01
5.783587265014648438e+01
5.785183334350585938e+01
5.786112213134765625e+01
5.786412811279296875e+01
5.786085128784179688e+01
5.785163116455078125e+01
5.783689117431640625e+01
5.781712341308593750e+01
5.779287719726562500e+01
5.776389694213867188e+01
5.773060989379882812e+01
5.769288253784179688e+01
5.765119552612304688e+01
5.760501098632812500e+01
5.755471038818359375e+01
5.750004577636718750e+01
5.744144821166992188e+01
5.737806701660156250e+01
5.730960845947265625e+01
5.723653030395507812e+01
5.715905761718750000e+01
5.707777023315429688e+01
5.699282455444335938e+01
5.690421295166015625e+01
5.681227493286132812e+01
5.671700286865234375e+01
5.661853027343750000e+01
5.651708602905273438e+01
5.641330718994140625e+01
5.630717086791992188e+01
5.619878005981445312e+01
5.608813095092773438e+01
5.597553253173828125e+01
5.586120223999023438e+01
5.574494171142578125e+01
5.562681961059570312e+01
5.550685119628906250e+01
5.538483810424804688e+01
5.526050186157226562e+01
5.513302993774414062e+01
5.500135421752929688e+01
5.486470413208007812e+01
5.472304916381835938e+01
5.457513046264648438e+01
5.442030334472656250e+01
5.425966262817382812e+01
5.409454727172851562e+01
5.392628860473632812e+01
5.375607299804687500e+01
5.358401489257812500e+01
5.340999984741210938e+01
5.323401260375976562e+01
5.305617141723632812e+01
5.287611007690429688e+01
5.269248199462890625e+01
5.250428009033203125e+01
5.230982971191406250e+01
5.210939407348632812e+01
5.190278625488281250e+01
5.168878936767578125e+01
5.146833419799804688e+01
5.124349212646484375e+01
5.101432037353515625e+01
5.078108215332031250e+01
5.054468154907226562e+01
5.030518722534179688e+01
5.006299972534179688e+01
4.981764984130859375e+01
4.956971359252929688e+01
4.932003402709960938e+01
4.906813812255859375e+01
4.881478118896484375e+01
4.856020355224609375e+01
4.830440521240234375e+01
4.804706954956054688e+01
4.778879547119140625e+01
4.752975082397460938e+01
4.726988983154296875e+01
4.700981140136718750e+01
4.674890518188476562e+01
