6.575245666503906250e+01
6.546059417724609375e+01
6.517109680175781250e+01
6.488416290283203125e+01
6.459965515136718750e+01
6.431801605224609375e+01
6.403839874267578125e+01
6.376041793823242188e+01
6.348470306396484375e+01
6.321140289306640625e+01
6.294092559814453125e+01
6.267340469360351562e+01
6.240811920166015625e+01
6.214537429809570312e+01
6.188544845581054688e+01
6.162828063964843750e+01
6.137434387207031250e+01
6.112358093261718750e+01
6.087651443481445312e+01
6.063304519653320312e+01
6.039327621459960938e+01
6.015755844116210938e+01
5.992620468139648438e+01
5.969939804077148438e+01
5.947714233398437500e+01
5.925967788696289062e+01
5.904621505737304688e+01
5.883648300170898438e+01
5.863034057617187500e+01
5.842772293090820312e+01
5.822803878784179688e+01
5.803095245361328125e+01
5.783597564697265625e+01
5.764234161376953125e+01
5.744998550415039062e+01
5.725871276855468750e+01
5.706777572631835938e+01
5.687675476074218750e+01
5.668560791015625000e+01
5.649377822875976562e+01
5.630218887329101562e+01
5.611106109619140625e+01
5.592028427124023438e+01
5.573015975952148438e+01
5.554132843017578125e+01
5.535367965698242188e+01
5.516726684570312500e+01
5.498160552978515625e+01
5.479675674438476562e+01
5.461301422119140625e+01
5.443056869506835938e+01
5.424958419799804688e+01
5.406949996948242188e+01
5.389014434814453125e+01
5.371081161499023438e+01
5.353066253662109375e+01
5.335000610351562500e+01
5.316856384277343750e+01
5.298633193969726562e+01
5.280271530151367188e+01
5.261696243286132812e+01
5.242877197265625000e+01
5.223755645751953125e+01
5.204482269287109375e+01
5.185017013549804688e+01
5.165403747558593750e+01
5.145626449584960938e+01
5.125802612304687500e+01
5.105913543701171875e+01
5.085942077636718750e+01
5.065962600708007812e+01
5.046035003662109375e+01
5.026086807250976562e+01
5.005840682983398438e+01
4.985169601440429688e+01
4.964215469360351562e+01
4.943042373657226562e+01
4.921754074096679688e+01
4.900180816650390625e+01
4.878400039672851562e+01
4.856410217285156250e+01
4.834223937988281250e+01
4.811821746826171875e+01
4.789231109619140625e+01
4.766421127319335938e+01
4.743493652343750000e+01
4.720447540283203125e+01
4.697324752807617188e+01
4.674091339111328125e+01
4.650744628906250000e+01
4.627253341674804688e+01
4.603539657592773438e+01
4.579588699340820312e+01
4.555565261840820312e+01
4.531479644775390625e+01
4.507461929321289062e+01
4.483536148071289062e+01
4.459744262695312500e+01
4.436118698120117188e+01
4.412657165527343750e+01
