6.305564117431640625e+01
6.276475143432617188e+01
6.248427200317382812e+01
6.221347427368164062e+01
6.195213317871093750e+01
6.169920349121093750e+01
6.145381164550781250e+01
6.121531295776367188e+01
6.098336029052734375e+01
6.075758743286132812e+01
6.053794097900390625e+01
6.032561874389648438e+01
6.012130737304687500e+01
5.992421340942382812e+01
5.973541259765625000e+01
5.955459976196289062e+01
5.938123321533203125e+01
5.921409606933593750e+01
5.905350494384765625e+01
5.889794158935546875e+01
5.874784469604492188e+01
5.860282135009765625e+01
5.846260833740234375e+01
5.832661819458007812e+01
5.819510269165039062e+01
5.806693649291992188e+01
5.794268417358398438e+01
5.782226562500000000e+01
5.770432662963867188e+01
5.758896636962890625e+01
5.747600936889648438e+01
5.736439132690429688e+01
5.725331878662109375e+01
5.714302062988281250e+01
5.703207778930664062e+01
5.692129516601562500e+01
5.680842971801757812e+01
5.669391250610351562e+01
5.657789993286132812e+01
5.645995712280273438e+01
5.634017181396484375e+01
5.621901702880859375e+01
5.609683609008789062e+01
5.597387313842773438e+01
5.585013198852539062e+01
5.572515487670898438e+01
5.559807586669921875e+01
5.546849060058593750e+01
5.533631515502929688e+01
5.520142364501953125e+01
5.506311035156250000e+01
5.492221450805664062e+01
5.477837371826171875e+01
5.463092803955078125e+01
5.448183059692382812e+01
5.433139801025390625e+01
5.417839050292968750e+01
5.402441787719726562e+01
5.386990737915039062e+01
5.371491241455078125e+01
5.355932235717773438e+01
5.340421295166015625e+01
5.324921035766601562e+01
5.309360122680664062e+01
5.293568420410156250e+01
5.277540588378906250e+01
5.261223220825195312e+01
5.244537353515625000e+01
5.227421188354492188e+01
5.209784317016601562e+01
5.191687774658203125e+01
5.173015594482421875e+01
5.153804779052734375e+01
5.134112167358398438e+01
5.114039230346679688e+01
5.093556213378906250e+01
5.072707366943359375e+01
5.051620864868164062e+01
5.030272293090820312e+01
5.008689880371093750e+01
4.986951446533203125e+01
4.965096282958984375e+01
4.943188095092773438e+01
4.921193695068359375e+01
4.899059295654296875e+01
4.876853942871093750e+01
4.854565811157226562e+01
4.832209777832031250e+01
4.809799194335937500e+01
4.787439727783203125e+01
4.764987564086914062e+01
4.742416381835937500e+01
4.719758605957031250e+01
4.696972656250000000e+01
4.674106597900390625e+01
4.651351547241210938e+01
4.628776931762695312e+01
4.606203460693359375e+01
4.583628082275390625e+01
4.561099243164062500e+01
