6.587226104736328125e+01
6.572354888916015625e+01
6.557701110839843750e+01
6.543184661865234375e+01
6.528688812255859375e+01
6.513993072509765625e+01
6.498997497558593750e+01
6.483569335937500000e+01
6.467674255371093750e+01
6.451377868652343750e+01
6.434871673583984375e+01
6.418215179443359375e+01
6.401410675048828125e+01
6.384485244750976562e+01
6.367486953735351562e+01
6.350379943847656250e+01
6.333151626586914062e+01
6.315777206420898438e+01
6.298387527465820312e+01
6.281048583984375000e+01
6.263755416870117188e+01
6.246488952636718750e+01
6.229204940795898438e+01
6.211879348754882812e+01
6.194552993774414062e+01
6.177207183837890625e+01
6.159873580932617188e+01
6.142590332031250000e+01
6.125358581542968750e+01
6.108232116699218750e+01
6.091160964965820312e+01
6.074160003662109375e+01
6.057340240478515625e+01
6.040706253051757812e+01
6.024237442016601562e+01
6.007886123657226562e+01
5.991633605957031250e+01
5.975440216064453125e+01
5.959314727783203125e+01
5.943270492553710938e+01
5.927269363403320312e+01
5.911310958862304688e+01
5.895370483398437500e+01
5.879483413696289062e+01
5.863629150390625000e+01
5.847774124145507812e+01
5.831938171386718750e+01
5.816115570068359375e+01
5.800336837768554688e+01
5.784471130371093750e+01
5.768523788452148438e+01
5.752462005615234375e+01
5.736270141601562500e+01
5.719956970214843750e+01
5.703493881225585938e+01
5.686887741088867188e+01
5.670228195190429688e+01
5.653552246093750000e+01
5.636838150024414062e+01
5.620139694213867188e+01
5.603455352783203125e+01
5.586777114868164062e+01
5.570067214965820312e+01
5.553319549560546875e+01
5.536621856689453125e+01
5.519931793212890625e+01
5.503281021118164062e+01
5.486667633056640625e+01
5.470093917846679688e+01
5.453565979003906250e+01
5.437087249755859375e+01
5.420656204223632812e+01
5.404340744018554688e+01
5.388155364990234375e+01
5.372075653076171875e+01
5.356158447265625000e+01
5.340322875976562500e+01
5.324182128906250000e+01
5.307489395141601562e+01
5.290098571777343750e+01
5.271803665161132812e+01
5.252656173706054688e+01
5.233012390136718750e+01
5.213018035888671875e+01
5.192647171020507812e+01
5.171939086914062500e+01
5.150910949707031250e+01
5.129432296752929688e+01
5.107448196411132812e+01
5.085002136230468750e+01
5.062294387817382812e+01
5.039295578002929688e+01
5.015926742553710938e+01
4.992229843139648438e+01
4.968143081665039062e+01
4.943752670288085938e+01
4.919184112548828125e+01
4.894481277465820312e+01
4.869679641723632812e+01
4.844836807250976562e+01
