6.002489852905273438e+01
5.990786743164062500e+01
5.979239654541015625e+01
5.967847061157226562e+01
5.956603622436523438e+01
5.945490646362304688e+01
5.934516525268554688e+01
5.923686599731445312e+01
5.912987136840820312e+01
5.902423477172851562e+01
5.891968917846679688e+01
5.881621932983398438e+01
5.871374130249023438e+01
5.861229705810546875e+01
5.851190567016601562e+01
5.841259384155273438e+01
5.831417083740234375e+01
5.821652221679687500e+01
5.811941528320312500e+01
5.802300643920898438e+01
5.792723464965820312e+01
5.783208847045898438e+01
5.773770523071289062e+01
5.764406204223632812e+01
5.755111694335937500e+01
5.745879745483398438e+01
5.736717987060546875e+01
5.727624893188476562e+01
5.718600082397460938e+01
5.709669494628906250e+01
5.700812911987304688e+01
5.692010116577148438e+01
5.683271789550781250e+01
5.674599838256835938e+01
5.665959548950195312e+01
5.657214736938476562e+01
5.648318481445312500e+01
5.639243698120117188e+01
5.629919815063476562e+01
5.620263671875000000e+01
5.610152053833007812e+01
5.599730300903320312e+01
5.589035797119140625e+01
5.578022384643554688e+01
5.566646957397460938e+01
5.555026626586914062e+01
5.543231201171875000e+01
5.531197738647460938e+01
5.518954086303710938e+01
5.506566238403320312e+01
5.494015884399414062e+01
5.481360626220703125e+01
5.468589782714843750e+01
5.455651473999023438e+01
5.442527389526367188e+01
5.429287338256835938e+01
5.415914154052734375e+01
5.402445602416992188e+01
5.388886642456054688e+01
5.375276565551757812e+01
5.361553955078125000e+01
5.347736740112304688e+01
5.333898925781250000e+01
5.320035171508789062e+01
5.306110000610351562e+01
5.292192840576171875e+01
5.278167724609375000e+01
5.264121246337890625e+01
5.250028610229492188e+01
5.235803222656250000e+01
5.221393203735351562e+01
5.206862640380859375e+01
5.192189025878906250e+01
5.177426910400390625e+01
5.162602996826171875e+01
5.147565460205078125e+01
5.132124328613281250e+01
5.115707015991210938e+01
5.098320388793945312e+01
5.080424880981445312e+01
5.061207962036132812e+01
5.040906906127929688e+01
5.020028686523437500e+01
4.998868179321289062e+01
4.977442932128906250e+01
4.955761337280273438e+01
4.933822631835937500e+01
4.911746215820312500e+01
4.889596557617187500e+01
4.867400360107421875e+01
4.845050811767578125e+01
4.822583770751953125e+01
4.799945449829101562e+01
4.777210998535156250e+01
4.754454421997070312e+01
4.731660842895507812e+01
4.708840179443359375e+01
4.686002349853515625e+01
4.663212585449218750e+01
4.640430831909179688e+01
