5.807805633544921875e+01
5.789464950561523438e+01
5.771130752563476562e+01
5.752874374389648438e+01
5.734667968750000000e+01
5.716556549072265625e+01
5.698615646362304688e+01
5.680813217163085938e+01
5.663155364990234375e+01
5.645707702636718750e+01
5.628504562377929688e+01
5.611520385742187500e+01
5.594850921630859375e+01
5.578527450561523438e+01
5.562535858154296875e+01
5.546903991699218750e+01
5.531637191772460938e+01
5.516692352294921875e+01
5.502086639404296875e+01
5.487807464599609375e+01
5.473819351196289062e+01
5.460107040405273438e+01
5.446678924560546875e+01
5.433566284179687500e+01
5.420721435546875000e+01
5.408169937133789062e+01
5.395944595336914062e+01
5.384005737304687500e+01
5.372319412231445312e+01
5.360862350463867188e+01
5.349690246582031250e+01
5.338788223266601562e+01
5.328132629394531250e+01
5.317740631103515625e+01
5.307585144042968750e+01
5.297603988647460938e+01
5.287777328491210938e+01
5.278072738647460938e+01
5.268457412719726562e+01
5.258893203735351562e+01
5.249286651611328125e+01
5.239545440673828125e+01
5.229633712768554688e+01
5.219512557983398438e+01
5.209196853637695312e+01
5.198667144775390625e+01
5.187823486328125000e+01
5.176664733886718750e+01
5.165248107910156250e+01
5.153585052490234375e+01
5.141685867309570312e+01
5.129598617553710938e+01
5.115546035766601562e+01
5.100296783447265625e+01
5.084938430786132812e+01
5.069463729858398438e+01
5.053958511352539062e+01
5.038399124145507812e+01
5.022753143310546875e+01
5.007022857666015625e+01
4.991162490844726562e+01
4.975180435180664062e+01
4.959115982055664062e+01
4.942934417724609375e+01
4.926064300537109375e+01
4.907234954833984375e+01
4.886326599121093750e+01
4.864231491088867188e+01
4.841263198852539062e+01
4.816910552978515625e+01
4.790979766845703125e+01
4.763750076293945312e+01
4.734584426879882812e+01
4.704980468750000000e+01
4.675288391113281250e+01
4.645610046386718750e+01
4.615913009643554688e+01
4.586309051513671875e+01
4.556877517700195312e+01
4.527664947509765625e+01
4.498641204833984375e+01
4.469776535034179688e+01
4.441038894653320312e+01
4.412428665161132812e+01
4.383932113647460938e+01
4.355537796020507812e+01
4.327215194702148438e+01
4.298937606811523438e+01
4.270757293701171875e+01
4.242686843872070312e+01
4.214706420898437500e+01
4.186783981323242188e+01
4.158997726440429688e+01
4.131318664550781250e+01
4.103764724731445312e+01
4.076335906982421875e+01
4.049025726318359375e+01
4.021775817871093750e+01
3.994710922241210938e+01
3.967939758300781250e+01
