6.068645858764648438e+01
6.065026473999023438e+01
6.061193847656250000e+01
6.057177734375000000e+01
6.053052139282226562e+01
6.048871994018554688e+01
6.044586563110351562e+01
6.040258026123046875e+01
6.035902786254882812e+01
6.031603622436523438e+01
6.027436447143554688e+01
6.023458862304687500e+01
6.019657897949218750e+01
6.016045379638671875e+01
6.012588882446289062e+01
6.009277343750000000e+01
6.006077957153320312e+01
6.002713394165039062e+01
5.999048233032226562e+01
5.994865798950195312e+01
5.989891052246093750e+01
5.984098815917968750e+01
5.977571487426757812e+01
5.970338058471679688e+01
5.962465286254882812e+01
5.954152297973632812e+01
5.945461273193359375e+01
5.936573791503906250e+01
5.927511215209960938e+01
5.918194580078125000e+01
5.908546829223632812e+01
5.898441314697265625e+01
5.887877655029296875e+01
5.876750946044921875e+01
5.865110778808593750e+01
5.852978897094726562e+01
5.840351486206054688e+01
5.827299880981445312e+01
5.813772964477539062e+01
5.799881362915039062e+01
5.785663223266601562e+01
5.771237945556640625e+01
5.756595611572265625e+01
5.741628265380859375e+01
5.726422882080078125e+01
5.710940551757812500e+01
5.695206069946289062e+01
5.679286575317382812e+01
5.663217163085937500e+01
5.647006225585937500e+01
5.630800628662109375e+01
5.614575958251953125e+01
5.598207092285156250e+01
5.581797027587890625e+01
5.565267944335937500e+01
5.548620605468750000e+01
5.531829071044921875e+01
5.514960861206054688e+01
5.498024749755859375e+01
5.481025695800781250e+01
5.464006423950195312e+01
5.446965789794921875e+01
5.429893875122070312e+01
5.412781906127929688e+01
5.395612335205078125e+01
5.378347015380859375e+01
5.361066436767578125e+01
5.343738937377929688e+01
5.326409149169921875e+01
5.309145355224609375e+01
5.291963195800781250e+01
5.274839019775390625e+01
5.257782745361328125e+01
5.240789031982421875e+01
5.223896789550781250e+01
5.207079315185546875e+01
5.190358734130859375e+01
5.173763656616210938e+01
5.157239151000976562e+01
5.140846252441406250e+01
5.124525070190429688e+01
5.108277511596679688e+01
5.092090606689453125e+01
5.070533752441406250e+01
5.045232009887695312e+01
5.018238449096679688e+01
4.989799118041992188e+01
4.960054397583007812e+01
4.929407119750976562e+01
4.898222732543945312e+01
4.866363143920898438e+01
4.833985137939453125e+01
4.801125717163085938e+01
4.767948532104492188e+01
4.734753036499023438e+01
4.701633453369140625e+01
4.668635940551757812e+01
4.635789871215820312e+01
4.603151321411132812e+01
4.570764160156250000e+01
