7.395915222167968750e+01
7.360731506347656250e+01
7.325549316406250000e+01
7.290366363525390625e+01
7.255181884765625000e+01
7.219999694824218750e+01
7.184815216064453125e+01
7.149632263183593750e+01
7.114451599121093750e+01
7.079266357421875000e+01
7.044082641601562500e+01
7.008900451660156250e+01
6.973715972900390625e+01
6.938532257080078125e+01
6.903350830078125000e+01
6.868166351318359375e+01
6.832982635498046875e+01
6.797799682617187500e+01
6.762615966796875000e+01
6.727433776855468750e+01
6.692250061035156250e+01
6.657066345214843750e+01
6.621884155273437500e+01
6.586700439453125000e+01
6.551516723632812500e+01
6.516333007812500000e+01
6.481150817871093750e+01
6.445966339111328125e+01
6.410786437988281250e+01
6.375600433349609375e+01
6.340412902832031250e+01
6.305232238769531250e+01
6.270051574707031250e+01
6.234866333007812500e+01
6.199684143066406250e+01
6.164499664306640625e+01
6.129315948486328125e+01
6.094134521484375000e+01
6.058952331542968750e+01
6.023767089843750000e+01
5.988587188720703125e+01
5.953401947021484375e+01
5.918217468261718750e+01
5.883034515380859375e+01
5.847853088378906250e+01
5.812667083740234375e+01
5.777486419677734375e+01
5.742300415039062500e+01
5.707118225097656250e+01
5.671931457519531250e+01
5.636752319335937500e+01
5.601567077636718750e+01
5.566380310058593750e+01
5.531199645996093750e+01
5.496017456054687500e+01
5.460838317871093750e+01
5.425650024414062500e+01
5.390467834472656250e+01
5.355284118652343750e+01
5.320103454589843750e+01
5.284918212890625000e+01
5.249734497070312500e+01
5.214550781250000000e+01
5.179367065429687500e+01
5.144183349609375000e+01
5.108999633789062500e+01
5.073812866210937500e+01
5.038632202148437500e+01
5.003453063964843750e+01
4.968269348144531250e+01
4.933088684082031250e+01
4.897904968261718750e+01
4.862719726562500000e+01
4.827532958984375000e+01
4.792350769042968750e+01
4.757171630859375000e+01
4.721987915039062500e+01
4.686798095703125000e+01
4.651618957519531250e+01
4.616432189941406250e+01
4.581251525878906250e+01
4.546069335937500000e+01
4.510884094238281250e+01
4.475701904296875000e+01
4.440518188476562500e+01
4.405335998535156250e+01
4.370153808593750000e+01
4.334968566894531250e+01
4.299786376953125000e+01
4.264605712890625000e+01
4.229418945312500000e+01
4.194235229492187500e+01
4.159053039550781250e+01
4.123869323730468750e+01
4.088688659667968750e+01
4.053501892089843750e+01
4.018319702148437500e+01
3.983137512207031250e+01
3.947950744628906250e+01
3.912774658203125000e+01
