7.328965759277343750e+01
7.297479248046875000e+01
7.265994262695312500e+01
7.234506988525390625e+01
7.203025054931640625e+01
7.171539306640625000e+01
7.140053558349609375e+01
7.108570861816406250e+01
7.077084350585937500e+01
7.045600128173828125e+01
7.014118957519531250e+01
6.982630920410156250e+01
6.951145935058593750e+01
6.919660949707031250e+01
6.888175964355468750e+01
6.856691741943359375e+01
6.825206756591796875e+01
6.793725585937500000e+01
6.762238311767578125e+01
6.730754089355468750e+01
6.699270629882812500e+01
6.667784118652343750e+01
6.636299896240234375e+01
6.604811859130859375e+01
6.573329925537109375e+01
6.541846466064453125e+01
6.510362243652343750e+01
6.478878784179687500e+01
6.447389221191406250e+01
6.415904235839843750e+01
6.384421157836914062e+01
6.352935409545898438e+01
6.321449661254882812e+01
6.289966583251953125e+01
6.258481979370117188e+01
6.226998138427734375e+01
6.195510864257812500e+01
6.164023971557617188e+01
6.132542037963867188e+01
6.101058959960937500e+01
6.069573593139648438e+01
6.038091278076171875e+01
6.006601715087890625e+01
5.975115966796875000e+01
5.943630981445312500e+01
5.912146759033203125e+01
5.880667114257812500e+01
5.849179840087890625e+01
5.817699050903320312e+01
5.786207199096679688e+01
5.754721069335937500e+01
5.723239135742187500e+01
5.691756820678710938e+01
5.660272216796875000e+01
5.628791046142578125e+01
5.597303390502929688e+01
5.565819549560546875e+01
5.534333038330078125e+01
5.502845764160156250e+01
5.471362304687500000e+01
5.439880371093750000e+01
5.408391189575195312e+01
5.376912689208984375e+01
5.345428848266601562e+01
5.313932800292968750e+01
5.282453155517578125e+01
5.250975418090820312e+01
5.219488525390625000e+01
5.188001632690429688e+01
5.156515121459960938e+01
5.125033569335937500e+01
5.094944763183593750e+01
5.065576934814453125e+01
5.036204910278320312e+01
5.006848144531250000e+01
4.977477264404296875e+01
4.948109054565429688e+01
4.918746185302734375e+01
4.889374160766601562e+01
4.860007858276367188e+01
4.830640792846679688e+01
4.801271820068359375e+01
4.771907424926757812e+01
4.742542648315429688e+01
4.713169860839843750e+01
4.683808517456054688e+01
4.654487228393554688e+01
4.625264358520507812e+01
4.596049880981445312e+01
4.566823196411132812e+01
4.537601470947265625e+01
4.508378982543945312e+01
4.479155731201171875e+01
4.449944686889648438e+01
4.420717620849609375e+01
4.391493225097656250e+01
4.362273406982421875e+01
4.333052062988281250e+01
4.303840637207031250e+01
4.274613189697265625e+01
