7.201502990722656250e+01
7.171261596679687500e+01
7.141021728515625000e+01
7.110781860351562500e+01
7.080541229248046875e+01
7.050300598144531250e+01
7.020060729980468750e+01
6.989821624755859375e+01
6.959580993652343750e+01
6.929338836669921875e+01
6.899098968505859375e+01
6.868858337402343750e+01
6.838619232177734375e+01
6.808379364013671875e+01
6.778137969970703125e+01
6.747898101806640625e+01
6.717656707763671875e+01
6.687417602539062500e+01
6.657177734375000000e+01
6.626935577392578125e+01
6.596695709228515625e+01
6.566456604003906250e+01
6.536215209960937500e+01
6.505975341796875000e+01
6.475733947753906250e+01
6.445494842529296875e+01
6.415253448486328125e+01
6.385013198852539062e+01
6.354772949218750000e+01
6.324532318115234375e+01
6.294293212890625000e+01
6.264051818847656250e+01
6.233812713623046875e+01
6.203572082519531250e+01
6.173332214355468750e+01
6.143090820312500000e+01
6.112850952148437500e+01
6.082610321044921875e+01
6.052369689941406250e+01
6.022129058837890625e+01
5.991889953613281250e+01
5.961648941040039062e+01
5.931409072875976562e+01
5.901168441772460938e+01
5.870928573608398438e+01
5.840687561035156250e+01
5.810447692871093750e+01
5.780206680297851562e+01
5.749967575073242188e+01
5.719726181030273438e+01
5.689487457275390625e+01
5.659246063232421875e+01
5.629005432128906250e+01
5.598766326904296875e+01
5.568525695800781250e+01
5.538285064697265625e+01
5.508044433593750000e+01
5.477804183959960938e+01
5.447563552856445312e+01
5.417323684692382812e+01
5.387083816528320312e+01
5.356842803955078125e+01
5.326602172851562500e+01
5.296361160278320312e+01
5.266122817993164062e+01
5.235881805419921875e+01
5.205639648437500000e+01
5.175401306152343750e+01
5.145160675048828125e+01
5.114920425415039062e+01
5.084680175781250000e+01
5.054438400268554688e+01
5.024199676513671875e+01
4.993958282470703125e+01
4.963719177246093750e+01
4.933477783203125000e+01
4.903236389160156250e+01
4.872996520996093750e+01
4.842757415771484375e+01
4.812517547607421875e+01
4.782276916503906250e+01
4.752036285400390625e+01
4.721796798706054688e+01
4.691554641723632812e+01
4.661316680908203125e+01
4.631075286865234375e+01
4.600833892822265625e+01
4.570593643188476562e+01
4.540352630615234375e+01
4.510114669799804688e+01
4.479873657226562500e+01
4.449634552001953125e+01
4.419391250610351562e+01
4.389152908325195312e+01
4.358912658691406250e+01
4.328673171997070312e+01
4.298432159423828125e+01
4.268191528320312500e+01
4.237951278686523438e+01
4.207710266113281250e+01
