7.376712799072265625e+01
7.341822052001953125e+01
7.306933593750000000e+01
7.272042846679687500e+01
7.237153625488281250e+01
7.202263641357421875e+01
7.167373657226562500e+01
7.132483673095703125e+01
7.097593688964843750e+01
7.062702941894531250e+01
7.027813720703125000e+01
6.992924499511718750e+01
6.958033752441406250e+01
6.923143768310546875e+01
6.888254547119140625e+01
6.853363800048828125e+01
6.818473815917968750e+01
6.783583068847656250e+01
6.748693847656250000e+01
6.713804626464843750e+01
6.678913879394531250e+01
6.644024658203125000e+01
6.609133911132812500e+01
6.574244689941406250e+01
6.539353942871093750e+01
6.504463958740234375e+01
6.469574737548828125e+01
6.434684753417968750e+01
6.399795150756835938e+01
6.364904403686523438e+01
6.330013656616210938e+01
6.295124816894531250e+01
6.260234069824218750e+01
6.225345993041992188e+01
6.190454864501953125e+01
6.155564880371093750e+01
6.120674896240234375e+01
6.085784912109375000e+01
6.050894546508789062e+01
6.016005325317382812e+01
5.981114959716796875e+01
5.946225738525390625e+01
5.911336135864257812e+01
5.876445007324218750e+01
5.841555786132812500e+01
5.806665039062500000e+01
5.771775054931640625e+01
5.736884307861328125e+01
5.701995086669921875e+01
5.667105484008789062e+01
5.632215881347656250e+01
5.597325515747070312e+01
5.562435150146484375e+01
5.527545928955078125e+01
5.492656326293945312e+01
5.457765579223632812e+01
5.422875976562500000e+01
5.387986755371093750e+01
5.353097152709960938e+01
5.318206024169921875e+01
5.283316421508789062e+01
5.248425292968750000e+01
5.213536453247070312e+01
5.178647613525390625e+01
5.143754959106445312e+01
5.108866119384765625e+01
5.073976135253906250e+01
5.039086914062500000e+01
5.004195404052734375e+01
4.969306945800781250e+01
4.934417343139648438e+01
4.899526977539062500e+01
4.863831329345703125e+01
4.828099441528320312e+01
4.792366790771484375e+01
4.756633758544921875e+01
4.720901489257812500e+01
4.685167312622070312e+01
4.649435806274414062e+01
4.613703536987304688e+01
4.577970504760742188e+01
4.542238235473632812e+01
4.506505584716796875e+01
4.470772552490234375e+01
4.435039520263671875e+01
4.399308013916015625e+01
4.363573455810546875e+01
4.327841949462890625e+01
4.292107772827148438e+01
4.256376266479492188e+01
4.220643234252929688e+01
4.184909820556640625e+01
4.149178695678710938e+01
4.113446807861328125e+01
4.077710723876953125e+01
4.041979980468750000e+01
4.006247711181640625e+01
3.970515441894531250e+01
3.934781646728515625e+01
3.899048614501953125e+01
