7.341586303710937500e+01
7.310113525390625000e+01
7.278639221191406250e+01
7.247165679931640625e+01
7.215692138671875000e+01
7.184219360351562500e+01
7.152947235107421875e+01
7.122579956054687500e+01
7.092212677001953125e+01
7.061844635009765625e+01
7.031477355957031250e+01
7.001110076904296875e+01
6.970742797851562500e+01
6.940374755859375000e+01
6.910008239746093750e+01
6.879640197753906250e+01
6.849272155761718750e+01
6.818904876708984375e+01
6.788537597656250000e+01
6.758169555664062500e+01
6.727802276611328125e+01
6.697434997558593750e+01
6.667066955566406250e+01
6.636700439453125000e+01
6.606331634521484375e+01
6.575965118408203125e+01
6.545597076416015625e+01
6.515229797363281250e+01
6.484862518310546875e+01
6.454494476318359375e+01
6.424127960205078125e+01
6.393759155273437500e+01
6.363391876220703125e+01
6.333023834228515625e+01
6.302656555175781250e+01
6.272289276123046875e+01
6.241921997070312500e+01
6.211555099487304688e+01
6.181187057495117188e+01
6.150818634033203125e+01
6.120452117919921875e+01
6.090084075927734375e+01
6.059717178344726562e+01
6.029349517822265625e+01
5.998980712890625000e+01
5.968614196777343750e+01
5.938246536254882812e+01
5.907878494262695312e+01
5.877511596679687500e+01
5.847143554687500000e+01
5.817396545410156250e+01
5.787923049926757812e+01
5.758450317382812500e+01
5.728976440429687500e+01
5.699504089355468750e+01
5.670030212402343750e+01
5.640556335449218750e+01
5.611082839965820312e+01
5.581610488891601562e+01
5.552137374877929688e+01
5.522663879394531250e+01
5.493190002441406250e+01
5.463717269897460938e+01
5.434243774414062500e+01
5.404769897460937500e+01
5.375296401977539062e+01
5.345823287963867188e+01
5.316349411010742188e+01
5.286877059936523438e+01
5.257403182983398438e+01
5.227931213378906250e+01
5.198456192016601562e+01
5.168983840942382812e+01
5.139510726928710938e+01
5.110037231445312500e+01
5.080564498901367188e+01
5.051089859008789062e+01
5.021617126464843750e+01
4.992143249511718750e+01
4.962668991088867188e+01
4.933195495605468750e+01
4.903723907470703125e+01
4.874249267578125000e+01
4.844776535034179688e+01
4.815303802490234375e+01
4.785828781127929688e+01
4.756356048583984375e+01
4.726884078979492188e+01
4.697410202026367188e+01
4.667936706542968750e+01
4.638463973999023438e+01
4.608988952636718750e+01
4.579517745971679688e+01
4.550043869018554688e+01
4.520569229125976562e+01
4.491095733642578125e+01
4.461623764038085938e+01
4.432150650024414062e+01
4.402676391601562500e+01
4.373203277587890625e+01
