7.693536376953125000e+01
7.655003356933593750e+01
7.616468811035156250e+01
7.577935791015625000e+01
7.539402008056640625e+01
7.500868225097656250e+01
7.462335205078125000e+01
7.423802185058593750e+01
7.385269165039062500e+01
7.346733856201171875e+01
7.308201599121093750e+01
7.269667816162109375e+01
7.231134033203125000e+01
7.192600250244140625e+01
7.154066467285156250e+01
7.115534210205078125e+01
7.077000427246093750e+01
7.038466644287109375e+01
6.999932861328125000e+01
6.961399078369140625e+01
6.922866058349609375e+01
6.884333038330078125e+01
6.845798492431640625e+01
6.807266235351562500e+01
6.768731689453125000e+01
6.730198669433593750e+01
6.691665649414062500e+01
6.653132629394531250e+01
6.614598083496093750e+01
6.576065063476562500e+01
6.537532043457031250e+01
6.498997497558593750e+01
6.460463714599609375e+01
6.421929168701171875e+01
6.383397674560546875e+01
6.344863128662109375e+01
6.306330108642578125e+01
6.267797851562500000e+01
6.229262161254882812e+01
6.190729522705078125e+01
6.152194976806640625e+01
6.113661575317382812e+01
6.075129699707031250e+01
6.036595535278320312e+01
5.998062515258789062e+01
5.959527206420898438e+01
5.920994567871093750e+01
5.882461166381835938e+01
5.843927383422851562e+01
5.805394363403320312e+01
5.766858673095703125e+01
5.728327178955078125e+01
5.689793777465820312e+01
5.651259994506835938e+01
5.612726211547851562e+01
5.574194335937500000e+01
5.535660934448242188e+01
5.497126388549804688e+01
5.458592987060546875e+01
5.420060348510742188e+01
5.381526947021484375e+01
5.342992401123046875e+01
5.304457473754882812e+01
5.265926742553710938e+01
5.227391433715820312e+01
5.188858413696289062e+01
5.150325393676757812e+01
5.111789703369140625e+01
5.073259735107421875e+01
5.034724426269531250e+01
4.996189117431640625e+01
4.957656097412109375e+01
4.919125366210937500e+01
4.880591583251953125e+01
4.842057037353515625e+01
4.803523254394531250e+01
4.764988708496093750e+01
4.726456451416015625e+01
4.687924957275390625e+01
4.649388122558593750e+01
4.610856628417968750e+01
4.572322082519531250e+01
4.533789062500000000e+01
4.495256042480468750e+01
4.456719970703125000e+01
4.418186950683593750e+01
4.379653930664062500e+01
4.341121673583984375e+01
4.302588653564453125e+01
4.264052581787109375e+01
4.225521087646484375e+01
4.186985778808593750e+01
4.148456573486328125e+01
4.109920501708984375e+01
4.071385955810546875e+01
4.032853698730468750e+01
3.994319915771484375e+01
3.955788421630859375e+01
3.917252349853515625e+01
3.878719329833984375e+01
