7.748714447021484375e+01
7.712518310546875000e+01
7.676322937011718750e+01
7.640128326416015625e+01
7.603931427001953125e+01
7.567735290527343750e+01
7.531541442871093750e+01
7.495346832275390625e+01
7.459152221679687500e+01
7.422955322265625000e+01
7.386760711669921875e+01
7.350566101074218750e+01
7.314370727539062500e+01
7.278175354003906250e+01
7.241980743408203125e+01
7.205784606933593750e+01
7.169588470458984375e+01
7.133393096923828125e+01
7.097197723388671875e+01
7.061003112792968750e+01
7.024806976318359375e+01
6.988612365722656250e+01
6.952417755126953125e+01
6.916221618652343750e+01
6.880027008056640625e+01
6.843829345703125000e+01
6.807636260986328125e+01
6.771440887451171875e+01
6.735244750976562500e+01
6.699048614501953125e+01
6.662854003906250000e+01
6.626659393310546875e+01
6.590463256835937500e+01
6.554267883300781250e+01
6.518072509765625000e+01
6.481877136230468750e+01
6.445680999755859375e+01
6.409486389160156250e+01
6.373291778564453125e+01
6.337095260620117188e+01
6.300899505615234375e+01
6.264705657958984375e+01
6.228510284423828125e+01
6.192313003540039062e+01
6.156119537353515625e+01
6.119925308227539062e+01
6.083728790283203125e+01
6.047534179687500000e+01
6.011337661743164062e+01
5.975141906738281250e+01
5.938948822021484375e+01
5.907200622558593750e+01
5.877100372314453125e+01
5.846999740600585938e+01
5.816901016235351562e+01
5.786801910400390625e+01
5.756703948974609375e+01
5.726603698730468750e+01
5.696504974365234375e+01
5.666405487060546875e+01
5.636306762695312500e+01
5.606206512451171875e+01
5.576108551025390625e+01
5.546007537841796875e+01
5.515909576416015625e+01
5.485810089111328125e+01
5.455708312988281250e+01
5.425610733032226562e+01
5.395511627197265625e+01
5.365411376953125000e+01
5.335313034057617188e+01
5.305211639404296875e+01
5.275112152099609375e+01
5.245015716552734375e+01
5.214916992187500000e+01
5.184816741943359375e+01
5.154716491699218750e+01
5.124617004394531250e+01
5.094518280029296875e+01
5.064418411254882812e+01
5.034319686889648438e+01
5.004219436645507812e+01
4.974122238159179688e+01
4.944020462036132812e+01
4.913924026489257812e+01
4.883822631835937500e+01
4.853723144531250000e+01
4.823625564575195312e+01
4.793524932861328125e+01
4.763425445556640625e+01
4.733324813842773438e+01
4.703226852416992188e+01
4.673128509521484375e+01
4.643029785156250000e+01
4.612928771972656250e+01
4.582829284667968750e+01
4.552731704711914062e+01
4.522632598876953125e+01
4.492530059814453125e+01
4.462430953979492188e+01
