7.531712341308593750e+01
7.495345306396484375e+01
7.459031677246093750e+01
7.422745513916015625e+01
7.386459350585937500e+01
7.350172424316406250e+01
7.313885498046875000e+01
7.277598571777343750e+01
7.241313171386718750e+01
7.205027008056640625e+01
7.168740844726562500e+01
7.132453918457031250e+01
7.096167755126953125e+01
7.059880828857421875e+01
7.023594665527343750e+01
6.987309265136718750e+01
6.951022338867187500e+01
6.914735412597656250e+01
6.878450012207031250e+01
6.842163085937500000e+01
6.805876922607421875e+01
6.769589996337890625e+01
6.733303070068359375e+01
6.697017669677734375e+01
6.660731506347656250e+01
6.624444580078125000e+01
6.588157653808593750e+01
6.551871490478515625e+01
6.515585327148437500e+01
6.479298400878906250e+01
6.443013000488281250e+01
6.406726074218750000e+01
6.370439147949218750e+01
6.334153366088867188e+01
6.297867202758789062e+01
6.261580657958984375e+01
6.225294113159179688e+01
6.189007568359375000e+01
6.152721405029296875e+01
6.116435241699218750e+01
6.080149078369140625e+01
6.043862152099609375e+01
6.007576751708984375e+01
5.971288681030273438e+01
5.935002517700195312e+01
5.898715591430664062e+01
5.862430572509765625e+01
5.826143264770507812e+01
5.789857864379882812e+01
5.753570556640625000e+01
5.717284393310546875e+01
5.680998992919921875e+01
5.644711303710937500e+01
5.608426284790039062e+01
5.572138214111328125e+01
5.535853195190429688e+01
5.499567031860351562e+01
5.463280105590820312e+01
5.426993179321289062e+01
5.390707397460937500e+01
5.354420471191406250e+01
5.318135070800781250e+01
5.281848144531250000e+01
5.245561981201171875e+01
5.209275817871093750e+01
5.172988891601562500e+01
5.136701965332031250e+01
5.100416564941406250e+01
5.064129638671875000e+01
5.027843475341796875e+01
4.991558074951171875e+01
4.955270385742187500e+01
4.918984985351562500e+01
4.882698059082031250e+01
4.846411895751953125e+01
4.810124206542968750e+01
4.773838806152343750e+01
4.737551879882812500e+01
4.701265716552734375e+01
4.664980316162109375e+01
4.628692626953125000e+01
4.592407226562500000e+01
4.556118774414062500e+01
4.519833374023437500e+01
4.483547973632812500e+01
4.447261047363281250e+01
4.410974884033203125e+01
4.374687957763671875e+01
4.338402557373046875e+01
4.302116394042968750e+01
4.265830230712890625e+01
4.229542541503906250e+01
4.193256378173828125e+01
4.156970214843750000e+01
4.120683288574218750e+01
4.084397888183593750e+01
4.048110961914062500e+01
4.011825561523437500e+01
3.975537872314453125e+01
3.939253234863281250e+01
