4.067566680908203125e+01
4.068577575683593750e+01
4.069587707519531250e+01
4.070598602294921875e+01
4.071609497070312500e+01
4.072619628906250000e+01
4.073630523681640625e+01
4.074641418457031250e+01
4.075651550292968750e+01
4.076661682128906250e+01
4.077672958374023438e+01
4.078683471679687500e+01
4.079693984985351562e+01
4.080704498291015625e+01
4.081715393066406250e+01
4.082726287841796875e+01
4.083736801147460938e+01
4.084747314453125000e+01
4.085757827758789062e+01
4.086768341064453125e+01
4.087778854370117188e+01
4.088790130615234375e+01
4.089800643920898438e+01
4.090811157226562500e+01
4.091822052001953125e+01
4.092832183837890625e+01
4.093843078613281250e+01
4.094853973388671875e+01
4.095864105224609375e+01
4.096874618530273438e+01
4.097885894775390625e+01
4.098896408081054688e+01
4.099906921386718750e+01
4.100917816162109375e+01
4.101928329467773438e+01
4.102938842773437500e+01
4.103948974609375000e+01
4.104959869384765625e+01
4.105970764160156250e+01
4.106981277465820312e+01
4.107991790771484375e+01
4.109002685546875000e+01
4.110012817382812500e+01
4.111023712158203125e+01
4.112034225463867188e+01
4.113044738769531250e+01
4.114055633544921875e+01
4.115066528320312500e+01
4.116077423095703125e+01
4.117087554931640625e+01
4.118098449707031250e+01
4.119109344482421875e+01
4.120119476318359375e+01
4.121130371093750000e+01
4.122140502929687500e+01
4.123151779174804688e+01
4.124162292480468750e+01
4.125173187255859375e+01
4.126183700561523438e+01
4.127193450927734375e+01
4.128204345703125000e+01
4.129214477539062500e+01
4.130225372314453125e+01
4.131236267089843750e+01
4.132247161865234375e+01
4.133257293701171875e+01
4.134267807006835938e+01
4.135278701782226562e+01
4.136289215087890625e+01
4.137299728393554688e+01
4.138310241699218750e+01
4.139321136474609375e+01
4.140332031250000000e+01
4.141342926025390625e+01
4.142353057861328125e+01
4.143363952636718750e+01
4.144374465942382812e+01
4.145384979248046875e+01
4.146395874023437500e+01
4.147406387329101562e+01
4.148416900634765625e+01
4.149427795410156250e+01
4.150437927246093750e+01
4.151448822021484375e+01
4.152460098266601562e+01
4.153470230102539062e+01
4.154480743408203125e+01
4.155491638183593750e+01
4.156501770019531250e+01
4.157512664794921875e+01
4.158523178100585938e+01
4.159533691406250000e+01
4.160544586181640625e+01
4.161555480957031250e+01
4.162565994262695312e+01
4.163576507568359375e+01
4.164587402343750000e+01
4.165597534179687500e+01
4.166608428955078125e+01
4.167618942260742188e+01
