7.687023925781250000e+01
7.654618835449218750e+01
7.622212219238281250e+01
7.589805603027343750e+01
7.557398986816406250e+01
7.524993896484375000e+01
7.492585754394531250e+01
7.460180664062500000e+01
7.423609924316406250e+01
7.384283447265625000e+01
7.344958496093750000e+01
7.305636596679687500e+01
7.266310119628906250e+01
7.226984405517578125e+01
7.187660217285156250e+01
7.148332977294921875e+01
7.109008026123046875e+01
7.069683837890625000e+01
7.030358123779296875e+01
6.991034698486328125e+01
6.951708984375000000e+01
6.912384033203125000e+01
6.873059082031250000e+01
6.833734130859375000e+01
6.794409179687500000e+01
6.755084228515625000e+01
6.715760040283203125e+01
6.676435852050781250e+01
6.637109375000000000e+01
6.597782897949218750e+01
6.558460998535156250e+01
6.519132232666015625e+01
6.479810333251953125e+01
6.440483093261718750e+01
6.401158905029296875e+01
6.361833953857421875e+01
6.322508621215820312e+01
6.283183288574218750e+01
6.243857574462890625e+01
6.204534149169921875e+01
6.165208435058593750e+01
6.125884246826171875e+01
6.086562347412109375e+01
6.047235107421875000e+01
6.007908630371093750e+01
5.968585968017578125e+01
5.929260253906250000e+01
5.889935302734375000e+01
5.850611114501953125e+01
5.811286926269531250e+01
5.771961593627929688e+01
5.732634353637695312e+01
5.693309402465820312e+01
5.653979110717773438e+01
5.614657974243164062e+01
5.575335311889648438e+01
5.536010360717773438e+01
5.496685409545898438e+01
5.457358932495117188e+01
5.418033981323242188e+01
5.378709793090820312e+01
5.339385604858398438e+01
5.300060653686523438e+01
5.260733413696289062e+01
5.221407699584960938e+01
5.182083511352539062e+01
5.142757034301757812e+01
5.103432083129882812e+01
5.064113998413085938e+01
5.024783706665039062e+01
4.985459518432617188e+01
4.946135330200195312e+01
4.906807327270507812e+01
4.867480850219726562e+01
4.828160476684570312e+01
4.788836288452148438e+01
4.749509048461914062e+01
4.710183334350585938e+01
4.670860671997070312e+01
4.631531906127929688e+01
4.592208480834960938e+01
4.552882003784179688e+01
4.513560104370117188e+01
4.474233627319335938e+01
4.434909439086914062e+01
4.395585250854492188e+01
4.356258010864257812e+01
4.316934585571289062e+01
4.277608489990234375e+01
4.238287353515625000e+01
4.198957061767578125e+01
4.159638214111328125e+01
4.120304870605468750e+01
4.080982208251953125e+01
4.041658020019531250e+01
4.002335357666015625e+01
3.963011932373046875e+01
3.923688507080078125e+01
3.884358978271484375e+01
3.845034027099609375e+01
