7.331186676025390625e+01
7.296358489990234375e+01
7.261530303955078125e+01
7.226702880859375000e+01
7.191874694824218750e+01
7.157046508789062500e+01
7.122218322753906250e+01
7.087390899658203125e+01
7.052562713623046875e+01
7.017735290527343750e+01
6.982907867431640625e+01
6.948079681396484375e+01
6.913252258300781250e+01
6.878424072265625000e+01
6.843595886230468750e+01
6.808769226074218750e+01
6.773941040039062500e+01
6.739112854003906250e+01
6.704285430908203125e+01
6.669457244873046875e+01
6.634629058837890625e+01
6.599802398681640625e+01
6.564973449707031250e+01
6.530146026611328125e+01
6.495318603515625000e+01
6.460490417480468750e+01
6.425662994384765625e+01
6.390835189819335938e+01
6.356006622314453125e+01
6.321178817749023438e+01
6.286350631713867188e+01
6.251523590087890625e+01
6.216695785522460938e+01
6.181867980957031250e+01
6.147039794921875000e+01
6.112211990356445312e+01
6.077383804321289062e+01
6.042557144165039062e+01
6.007728958129882812e+01
5.972900772094726562e+01
5.938072967529296875e+01
5.903246307373046875e+01
5.868417358398437500e+01
5.833589553833007812e+01
5.798761749267578125e+01
5.763933563232421875e+01
5.729106140136718750e+01
5.694278717041015625e+01
5.659450149536132812e+01
5.624623107910156250e+01
5.589794540405273438e+01
5.554966735839843750e+01
5.520139312744140625e+01
5.485310745239257812e+01
5.450482940673828125e+01
5.415655517578125000e+01
5.380827713012695312e+01
5.345999908447265625e+01
5.311172103881835938e+01
5.276344680786132812e+01
5.241516876220703125e+01
5.206688690185546875e+01
5.171860504150390625e+01
5.137033081054687500e+01
5.102205276489257812e+01
5.067377471923828125e+01
5.032549285888671875e+01
4.997721481323242188e+01
4.962894439697265625e+01
4.928066253662109375e+01
4.893238067626953125e+01
4.858410644531250000e+01
4.823582458496093750e+01
4.788755416870117188e+01
4.753926849365234375e+01
4.719098663330078125e+01
4.684271240234375000e+01
4.649444198608398438e+01
4.614615249633789062e+01
4.579787826538085938e+01
4.544960784912109375e+01
4.510131835937500000e+01
4.475304794311523438e+01
4.440475845336914062e+01
4.405648803710937500e+01
4.370821762084960938e+01
4.335993957519531250e+01
4.301165008544921875e+01
4.266337966918945312e+01
4.231509399414062500e+01
4.196682357788085938e+01
4.161854553222656250e+01
4.127025985717773438e+01
4.092198944091796875e+01
4.057369613647460938e+01
4.022542190551757812e+01
3.987715530395507812e+01
3.952887344360351562e+01
3.918059158325195312e+01
3.883231353759765625e+01
