5.346882629394531250e+01
5.337366485595703125e+01
5.327851104736328125e+01
5.318334960937500000e+01
5.308819198608398438e+01
5.299303436279296875e+01
5.289788055419921875e+01
5.280271911621093750e+01
5.270756530761718750e+01
5.261240005493164062e+01
5.251724624633789062e+01
5.242208862304687500e+01
5.232692718505859375e+01
5.223177337646484375e+01
5.213661575317382812e+01
5.204145431518554688e+01
5.194630432128906250e+01
5.185131072998046875e+01
5.175743865966796875e+01
5.166357421875000000e+01
5.156969451904296875e+01
5.147583007812500000e+01
5.138195419311523438e+01
5.128808593750000000e+01
5.119421386718750000e+01
5.110033798217773438e+01
5.100646972656250000e+01
5.091259765625000000e+01
5.081872940063476562e+01
5.072485351562500000e+01
5.063098144531250000e+01
5.053711700439453125e+01
5.044324111938476562e+01
5.034937286376953125e+01
5.025550079345703125e+01
5.016162109375000000e+01
5.006775665283203125e+01
4.997388076782226562e+01
4.988001251220703125e+01
4.978614044189453125e+01
4.969226837158203125e+01
4.959839630126953125e+01
4.950453186035156250e+01
4.941065216064453125e+01
4.931678771972656250e+01
4.922291564941406250e+01
4.912904357910156250e+01
4.903517532348632812e+01
4.894130325317382812e+01
4.884742736816406250e+01
4.875356292724609375e+01
4.865968704223632812e+01
4.856581878662109375e+01
4.847194671630859375e+01
4.837807464599609375e+01
4.828420639038085938e+01
4.819033050537109375e+01
4.809645843505859375e+01
4.800259017944335938e+01
4.790871429443359375e+01
4.781484985351562500e+01
4.772097778320312500e+01
4.762710571289062500e+01
4.753322982788085938e+01
4.743936538696289062e+01
4.734549331665039062e+01
4.725161361694335938e+01
4.715774536132812500e+01
4.706387329101562500e+01
4.697000503540039062e+01
4.687613296508789062e+01
4.678226470947265625e+01
4.668839645385742188e+01
4.659452819824218750e+01
4.650064849853515625e+01
4.640678405761718750e+01
4.631290054321289062e+01
4.621903991699218750e+01
4.612516403198242188e+01
4.603129577636718750e+01
4.593741607666015625e+01
4.584354782104492188e+01
4.574967193603515625e+01
4.565580749511718750e+01
4.556193923950195312e+01
4.546805572509765625e+01
4.537419509887695312e+01
4.528032302856445312e+01
4.518644714355468750e+01
4.509257507324218750e+01
4.499871063232421875e+01
4.490483474731445312e+01
4.481096649169921875e+01
4.471709823608398438e+01
4.462321853637695312e+01
4.452935028076171875e+01
4.443547821044921875e+01
4.434160995483398438e+01
4.424774551391601562e+01
4.415387725830078125e+01
