7.450747680664062500e+01
7.413832855224609375e+01
7.376918792724609375e+01
7.340003967285156250e+01
7.303089141845703125e+01
7.266172790527343750e+01
7.229259490966796875e+01
7.192344665527343750e+01
7.155429840087890625e+01
7.118515014648437500e+01
7.081600189208984375e+01
7.044685363769531250e+01
7.007770538330078125e+01
6.970854949951171875e+01
6.933940887451171875e+01
6.897026062011718750e+01
6.860110473632812500e+01
6.823196411132812500e+01
6.786280822753906250e+01
6.749366760253906250e+01
6.712451171875000000e+01
6.675537109375000000e+01
6.638622283935546875e+01
6.601707458496093750e+01
6.564792633056640625e+01
6.527879333496093750e+01
6.490962982177734375e+01
6.454048919677734375e+01
6.417134094238281250e+01
6.380218505859375000e+01
6.343303680419921875e+01
6.306390380859375000e+01
6.269474029541015625e+01
6.232559967041015625e+01
6.195644760131835938e+01
6.158730316162109375e+01
6.121814727783203125e+01
6.084901046752929688e+01
6.047985839843750000e+01
6.011071395874023438e+01
5.974156188964843750e+01
5.937241363525390625e+01
5.900325775146484375e+01
5.863411712646484375e+01
5.826497650146484375e+01
5.789582061767578125e+01
5.752666473388671875e+01
5.715752792358398438e+01
5.678838729858398438e+01
5.641922760009765625e+01
5.605007934570312500e+01
5.568095397949218750e+01
5.531179809570312500e+01
5.494263458251953125e+01
5.457349395751953125e+01
5.420434951782226562e+01
5.383518981933593750e+01
5.346604537963867188e+01
5.309689712524414062e+01
5.272774505615234375e+01
5.235860443115234375e+01
5.198944091796875000e+01
5.162030410766601562e+01
5.125116348266601562e+01
5.088201904296875000e+01
5.051286315917968750e+01
5.014370727539062500e+01
4.977457046508789062e+01
4.940541076660156250e+01
4.903626251220703125e+01
4.866712188720703125e+01
4.829795837402343750e+01
4.792881393432617188e+01
4.755968475341796875e+01
4.719052505493164062e+01
4.682137298583984375e+01
4.645223236083984375e+01
4.608309173583984375e+01
4.571393585205078125e+01
4.534479522705078125e+01
4.497563934326171875e+01
4.460647583007812500e+01
4.423735046386718750e+01
4.386819076538085938e+01
4.349905395507812500e+01
4.312990570068359375e+01
4.276074981689453125e+01
4.239162063598632812e+01
4.202244949340820312e+01
4.165331649780273438e+01
4.128416824340820312e+01
4.091501235961914062e+01
4.054586791992187500e+01
4.017673492431640625e+01
3.980757522583007812e+01
3.943842315673828125e+01
3.906928253173828125e+01
3.870013046264648438e+01
3.833099365234375000e+01
3.796182632446289062e+01
