7.728952789306640625e+01
7.689785766601562500e+01
7.650618743896484375e+01
7.611450195312500000e+01
7.572283172607421875e+01
7.533116149902343750e+01
7.493949127197265625e+01
7.454781341552734375e+01
7.415615844726562500e+01
7.376446533203125000e+01
7.337279510498046875e+01
7.298111724853515625e+01
7.258945465087890625e+01
7.219778442382812500e+01
7.180610656738281250e+01
7.141442871093750000e+01
7.102276611328125000e+01
7.063108062744140625e+01
7.023941040039062500e+01
6.984774780273437500e+01
6.945607757568359375e+01
6.906439208984375000e+01
6.867271423339843750e+01
6.828105926513671875e+01
6.788938140869140625e+01
6.749769592285156250e+01
6.710602569580078125e+01
6.671435546875000000e+01
6.632268524169921875e+01
6.593101501464843750e+01
6.553932952880859375e+01
6.514766693115234375e+01
6.475598907470703125e+01
6.436433410644531250e+01
6.397263336181640625e+01
6.358097076416015625e+01
6.318930435180664062e+01
6.279761886596679688e+01
6.240595626831054688e+01
6.201428222656250000e+01
6.162260055541992188e+01
6.123093032836914062e+01
6.083926010131835938e+01
6.044758987426757812e+01
6.005591964721679688e+01
5.966423416137695312e+01
5.927257537841796875e+01
5.888088989257812500e+01
5.848922729492187500e+01
5.809754943847656250e+01
5.770586776733398438e+01
5.731420516967773438e+01
5.692253112792968750e+01
5.653086471557617188e+01
5.613917541503906250e+01
5.574750518798828125e+01
5.536322402954101562e+01
5.497921752929687500e+01
5.459519958496093750e+01
5.421118164062500000e+01
5.382716751098632812e+01
5.344315338134765625e+01
5.305914306640625000e+01
5.267512512207031250e+01
5.229113388061523438e+01
5.190710449218750000e+01
5.152309417724609375e+01
5.113907623291015625e+01
5.075505828857421875e+01
5.037104797363281250e+01
4.998703002929687500e+01
4.960302352905273438e+01
4.921900939941406250e+01
4.883498001098632812e+01
4.845098114013671875e+01
4.806695938110351562e+01
4.768295288085937500e+01
4.729893112182617188e+01
4.691491317749023438e+01
4.653088378906250000e+01
4.614689636230468750e+01
4.576287078857421875e+01
4.537885284423828125e+01
4.499484634399414062e+01
4.461083221435546875e+01
4.422681045532226562e+01
4.384279251098632812e+01
4.345878601074218750e+01
4.307476425170898438e+01
4.269076156616210938e+01
4.230674362182617188e+01
4.192272949218750000e+01
4.153871917724609375e+01
4.115471267700195312e+01
4.077069854736328125e+01
4.038668060302734375e+01
4.000266647338867188e+01
3.961864471435546875e+01
3.923463439941406250e+01
3.885062408447265625e+01
