7.456835937500000000e+01
7.420043945312500000e+01
7.383253479003906250e+01
7.346461486816406250e+01
7.309669494628906250e+01
7.272879028320312500e+01
7.236087036132812500e+01
7.199296569824218750e+01
7.162504577636718750e+01
7.125712585449218750e+01
7.088922119140625000e+01
7.052130126953125000e+01
7.015479278564453125e+01
6.980206298828125000e+01
6.944934844970703125e+01
6.909663391113281250e+01
6.874391174316406250e+01
6.839118957519531250e+01
6.803847503662109375e+01
6.768574523925781250e+01
6.733302307128906250e+01
6.698031616210937500e+01
6.662759399414062500e+01
6.627487182617187500e+01
6.592215728759765625e+01
6.556943511962890625e+01
6.521671295166015625e+01
6.486399841308593750e+01
6.451126861572265625e+01
6.415855407714843750e+01
6.380583953857421875e+01
6.345311737060546875e+01
6.310039520263671875e+01
6.274768066406250000e+01
6.239495468139648438e+01
6.204223251342773438e+01
6.168951797485351562e+01
6.133679962158203125e+01
6.098408508300781250e+01
6.063136291503906250e+01
6.027864074707031250e+01
5.992592620849609375e+01
5.957320022583007812e+01
5.922047424316406250e+01
5.886775970458984375e+01
5.851504135131835938e+01
5.816231918334960938e+01
5.780960083007812500e+01
5.745688247680664062e+01
5.710415649414062500e+01
5.675144577026367188e+01
5.639872741699218750e+01
5.604600524902343750e+01
5.569327926635742188e+01
5.534057235717773438e+01
5.498785400390625000e+01
5.463513183593750000e+01
5.428240203857421875e+01
5.392968750000000000e+01
5.357696533203125000e+01
5.322425079345703125e+01
5.287152862548828125e+01
5.251880264282226562e+01
5.216609573364257812e+01
5.181337738037109375e+01
5.146065521240234375e+01
5.110794067382812500e+01
5.075522232055664062e+01
5.040249252319335938e+01
5.004977416992187500e+01
4.969705963134765625e+01
4.934434127807617188e+01
4.899161529541015625e+01
4.863888931274414062e+01
4.828617477416992188e+01
4.793346023559570312e+01
4.758074188232421875e+01
4.722801971435546875e+01
4.687530517578125000e+01
4.652258682250976562e+01
4.616986083984375000e+01
4.581715393066406250e+01
4.546442031860351562e+01
4.511170578002929688e+01
4.475898742675781250e+01
4.440626525878906250e+01
4.405353927612304688e+01
4.370082855224609375e+01
4.334810256958007812e+01
4.299538421630859375e+01
4.264265823364257812e+01
4.228995132446289062e+01
4.193723297119140625e+01
4.158451843261718750e+01
4.123179244995117188e+01
4.087907409667968750e+01
4.052635574340820312e+01
4.017362976074218750e+01
3.982091522216796875e+01
3.946818542480468750e+01
