7.609608459472656250e+01
7.572315979003906250e+01
7.535023498535156250e+01
7.497731781005859375e+01
7.460440063476562500e+01
7.423148345947265625e+01
7.385856628417968750e+01
7.348564147949218750e+01
7.311272430419921875e+01
7.273980712890625000e+01
7.236688232421875000e+01
7.199396514892578125e+01
7.162104797363281250e+01
7.124812316894531250e+01
7.087519836425781250e+01
7.050228118896484375e+01
7.012935638427734375e+01
6.975643920898437500e+01
6.938351440429687500e+01
6.901059722900390625e+01
6.863767242431640625e+01
6.826475524902343750e+01
6.789183044433593750e+01
6.751891326904296875e+01
6.714599609375000000e+01
6.677307128906250000e+01
6.640015411376953125e+01
6.602723693847656250e+01
6.565431213378906250e+01
6.528138732910156250e+01
6.490847015380859375e+01
6.453662109375000000e+01
6.416845703125000000e+01
6.380030059814453125e+01
6.343214416503906250e+01
6.306398010253906250e+01
6.269583129882812500e+01
6.232767486572265625e+01
6.195951080322265625e+01
6.159135437011718750e+01
6.122319793701171875e+01
6.085504150390625000e+01
6.048688125610351562e+01
6.011872482299804688e+01
5.975056838989257812e+01
5.938240051269531250e+01
5.901425170898437500e+01
5.864609527587890625e+01
5.827793884277343750e+01
5.790976715087890625e+01
5.754161071777343750e+01
5.717344665527343750e+01
5.680529785156250000e+01
5.643714904785156250e+01
5.606898498535156250e+01
5.570082092285156250e+01
5.533266448974609375e+01
5.496450042724609375e+01
5.459634399414062500e+01
5.422818756103515625e+01
5.386003112792968750e+01
5.349187469482421875e+01
5.312371826171875000e+01
5.275554656982421875e+01
5.238739776611328125e+01
5.201924896240234375e+01
5.165107727050781250e+01
5.128292083740234375e+01
5.091476440429687500e+01
5.054660797119140625e+01
5.017844772338867188e+01
4.981028747558593750e+01
4.944213104248046875e+01
4.907398223876953125e+01
4.870581436157226562e+01
4.833766555786132812e+01
4.796949768066406250e+01
4.760134887695312500e+01
4.723318481445312500e+01
4.686502838134765625e+01
4.649686431884765625e+01
4.612871170043945312e+01
4.576055908203125000e+01
4.539239120483398438e+01
4.502423095703125000e+01
4.465606689453125000e+01
4.428792953491210938e+01
4.391976547241210938e+01
4.355161285400390625e+01
4.318344116210937500e+01
4.281527709960937500e+01
4.244712829589843750e+01
4.207898712158203125e+01
4.171081924438476562e+01
4.134265518188476562e+01
4.097449493408203125e+01
4.060633468627929688e+01
4.023818206787109375e+01
3.987002944946289062e+01
3.950186538696289062e+01
