7.251300048828125000e+01
7.217663574218750000e+01
7.184030151367187500e+01
7.150395202636718750e+01
7.116760253906250000e+01
7.083126068115234375e+01
7.049491119384765625e+01
7.015858459472656250e+01
6.982221984863281250e+01
6.948588562011718750e+01
6.914953613281250000e+01
6.881318664550781250e+01
6.847685241699218750e+01
6.814050292968750000e+01
6.780416107177734375e+01
6.746780395507812500e+01
6.713146209716796875e+01
6.679512023925781250e+01
6.645877075195312500e+01
6.612242889404296875e+01
6.578606414794921875e+01
6.544973754882812500e+01
6.511338043212890625e+01
6.477703857421875000e+01
6.444069671630859375e+01
6.410435485839843750e+01
6.376800537109375000e+01
6.343165969848632812e+01
6.309532546997070312e+01
6.275896835327148438e+01
6.242263031005859375e+01
6.208628463745117188e+01
6.174991989135742188e+01
6.141358566284179688e+01
6.107724380493164062e+01
6.074089431762695312e+01
6.040455627441406250e+01
6.006819915771484375e+01
5.973184967041015625e+01
5.939550781250000000e+01
5.905915069580078125e+01
5.872282409667968750e+01
5.838648223876953125e+01
5.805012512207031250e+01
5.771378326416015625e+01
5.737744140625000000e+01
5.704110717773437500e+01
5.670475006103515625e+01
5.636840057373046875e+01
5.603207397460937500e+01
5.569570922851562500e+01
5.535937500000000000e+01
5.502302551269531250e+01
5.468668365478515625e+01
5.435034179687500000e+01
5.401399230957031250e+01
5.367762756347656250e+01
5.334129333496093750e+01
5.300495910644531250e+01
5.266860961914062500e+01
5.233227539062500000e+01
5.199613952636718750e+01
5.166026306152343750e+01
5.132437133789062500e+01
5.098851013183593750e+01
5.065261840820312500e+01
5.031674194335937500e+01
4.998086547851562500e+01
4.964497375488281250e+01
4.930911254882812500e+01
4.897322082519531250e+01
4.863734436035156250e+01
4.830149841308593750e+01
4.796562194824218750e+01
4.762969970703125000e+01
4.729383850097656250e+01
4.695794677734375000e+01
4.662207031250000000e+01
4.628619384765625000e+01
4.595033264160156250e+01
4.561442565917968750e+01
4.527854919433593750e+01
4.495069885253906250e+01
4.465240478515625000e+01
4.436013793945312500e+01
4.406785583496093750e+01
4.377560424804687500e+01
4.348335266113281250e+01
4.319108581542968750e+01
4.289884948730468750e+01
4.260655212402343750e+01
4.231430053710937500e+01
4.202204895019531250e+01
4.172979736328125000e+01
4.143753051757812500e+01
4.114526367187500000e+01
4.085299682617187500e+01
4.056072998046875000e+01
4.026847839355468750e+01
3.997624206542968750e+01
