7.688890075683593750e+01
7.649501800537109375e+01
7.610115051269531250e+01
7.570726013183593750e+01
7.531339263916015625e+01
7.491950988769531250e+01
7.452533721923828125e+01
7.413104248046875000e+01
7.373676300048828125e+01
7.334246826171875000e+01
7.293849945068359375e+01
7.252383422851562500e+01
7.210916900634765625e+01
7.169450378417968750e+01
7.127983856201171875e+01
7.086516571044921875e+01
7.046066284179687500e+01
7.006423187255859375e+01
6.966778564453125000e+01
6.927135467529296875e+01
6.887490844726562500e+01
6.847848510742187500e+01
6.808204650878906250e+01
6.768560028076171875e+01
6.728916168212890625e+01
6.689273071289062500e+01
6.649629974365234375e+01
6.609986114501953125e+01
6.570342254638671875e+01
6.530698394775390625e+01
6.491055297851562500e+01
6.451410675048828125e+01
6.411766815185546875e+01
6.372123718261718750e+01
6.332479476928710938e+01
6.292836380004882812e+01
6.253192138671875000e+01
6.213548660278320312e+01
6.173905563354492188e+01
6.134262084960937500e+01
6.094617080688476562e+01
6.054973983764648438e+01
6.015329742431640625e+01
5.975686264038085938e+01
5.936041641235351562e+01
5.896398544311523438e+01
5.856755065917968750e+01
5.817111968994140625e+01
5.777467346191406250e+01
5.737824249267578125e+01
5.698180770874023438e+01
5.658536911010742188e+01
5.618893051147460938e+01
5.579248809814453125e+01
5.539605712890625000e+01
5.499962234497070312e+01
5.460317611694335938e+01
5.420674133300781250e+01
5.381031036376953125e+01
5.341387176513671875e+01
5.301743316650390625e+01
5.262099075317382812e+01
5.222455978393554688e+01
5.182811737060546875e+01
5.143168258666992188e+01
5.103525161743164062e+01
5.063880538940429688e+01
5.024237442016601562e+01
4.984593963623046875e+01
4.944948959350585938e+01
4.905305862426757812e+01
4.865661621093750000e+01
4.826018524169921875e+01
4.786375045776367188e+01
4.746731185913085938e+01
4.707086944580078125e+01
4.667443847656250000e+01
4.627799987792968750e+01
4.588156127929687500e+01
4.548512649536132812e+01
4.508868789672851562e+01
4.469224929809570312e+01
4.429581069946289062e+01
4.392124557495117188e+01
4.356842041015625000e+01
4.321559143066406250e+01
4.286275100708007812e+01
4.250992202758789062e+01
4.215708923339843750e+01
4.180426406860351562e+01
4.145142745971679688e+01
4.109860229492187500e+01
4.074576187133789062e+01
4.039293670654296875e+01
4.004010772705078125e+01
3.968727111816406250e+01
3.933444595336914062e+01
3.898160934448242188e+01
3.862878417968750000e+01
3.827595138549804688e+01
