7.144524383544921875e+01
7.112329864501953125e+01
7.080135345458984375e+01
7.047940063476562500e+01
7.015747070312500000e+01
6.983551788330078125e+01
6.951358032226562500e+01
6.919163513183593750e+01
6.886968231201171875e+01
6.854774475097656250e+01
6.822579956054687500e+01
6.790385437011718750e+01
6.758190917968750000e+01
6.725997161865234375e+01
6.693802642822265625e+01
6.661608123779296875e+01
6.629412841796875000e+01
6.597218322753906250e+01
6.565024566650390625e+01
6.532830810546875000e+01
6.500636291503906250e+01
6.468440246582031250e+01
6.436245727539062500e+01
6.404051971435546875e+01
6.371857452392578125e+01
6.339662933349609375e+01
6.307469558715820312e+01
6.275273895263671875e+01
6.243080902099609375e+01
6.210885238647460938e+01
6.178691101074218750e+01
6.146497344970703125e+01
6.114302062988281250e+01
6.082107543945312500e+01
6.049912261962890625e+01
6.017718505859375000e+01
5.985524749755859375e+01
5.953330230712890625e+01
5.921134567260742188e+01
5.888940048217773438e+01
5.856747436523437500e+01
5.824552536010742188e+01
5.792358016967773438e+01
5.760162734985351562e+01
5.727968215942382812e+01
5.695774841308593750e+01
5.663580322265625000e+01
5.631385803222656250e+01
5.599190521240234375e+01
5.566995239257812500e+01
5.534802627563476562e+01
5.502607345581054688e+01
5.470413970947265625e+01
5.438218688964843750e+01
5.406025314331054688e+01
5.373830413818359375e+01
5.341635894775390625e+01
5.309439849853515625e+01
5.277246093750000000e+01
5.245050811767578125e+01
5.212857437133789062e+01
5.180664062500000000e+01
5.148466873168945312e+01
5.116273498535156250e+01
5.084078979492187500e+01
5.051885986328125000e+01
5.019689941406250000e+01
4.987495803833007812e+01
4.955303573608398438e+01
4.923108291625976562e+01
4.890913772583007812e+01
4.858718872070312500e+01
4.826524734497070312e+01
4.794329452514648438e+01
4.762136077880859375e+01
4.729941558837890625e+01
4.697747039794921875e+01
4.665552520751953125e+01
4.633357238769531250e+01
4.601161956787109375e+01
4.568969726562500000e+01
4.536775207519531250e+01
4.504580688476562500e+01
4.472384643554687500e+01
4.440192031860351562e+01
4.407995986938476562e+01
4.375803375244140625e+01
4.343608474731445312e+01
4.311413192749023438e+01
4.279219055175781250e+01
4.247024536132812500e+01
4.214829254150390625e+01
4.182636260986328125e+01
4.150440216064453125e+01
4.118246078491210938e+01
4.086052703857421875e+01
4.053858947753906250e+01
4.021664428710937500e+01
3.989469146728515625e+01
3.957275009155273438e+01
