7.247423553466796875e+01
7.220472717285156250e+01
7.193521118164062500e+01
7.166567993164062500e+01
7.137452697753906250e+01
7.104962158203125000e+01
7.072472381591796875e+01
7.039981079101562500e+01
7.007492065429687500e+01
6.975003814697265625e+01
6.942513275146484375e+01
6.910023498535156250e+01
6.877534484863281250e+01
6.845043945312500000e+01
6.812554168701171875e+01
6.780064392089843750e+01
6.747574615478515625e+01
6.715084838867187500e+01
6.682595062255859375e+01
6.650105285644531250e+01
6.617614746093750000e+01
6.585125732421875000e+01
6.552635955810546875e+01
6.520146179199218750e+01
6.487655639648437500e+01
6.455166625976562500e+01
6.422676086425781250e+01
6.390187835693359375e+01
6.357696151733398438e+01
6.325206375122070312e+01
6.292717361450195312e+01
6.260227203369140625e+01
6.227736282348632812e+01
6.195247650146484375e+01
6.162757873535156250e+01
6.130267333984375000e+01
6.097779464721679688e+01
6.065288162231445312e+01
6.032799148559570312e+01
6.000308990478515625e+01
5.967819213867187500e+01
5.935329818725585938e+01
5.902839279174804688e+01
5.870348739624023438e+01
5.837860107421875000e+01
5.805369186401367188e+01
5.772880554199218750e+01
5.740390014648437500e+01
5.707899475097656250e+01
5.675410079956054688e+01
5.642920684814453125e+01
5.610429382324218750e+01
5.577940368652343750e+01
5.545452117919921875e+01
5.510103988647460938e+01
5.474559402465820312e+01
5.439012527465820312e+01
5.403466415405273438e+01
5.367920303344726562e+01
5.332374572753906250e+01
5.296827697753906250e+01
5.261282348632812500e+01
5.225734710693359375e+01
5.190188980102539062e+01
5.154642868041992188e+01
5.119097137451171875e+01
5.083549499511718750e+01
5.048004913330078125e+01
5.012457275390625000e+01
4.976911926269531250e+01
4.941365814208984375e+01
4.905819702148437500e+01
4.870272827148437500e+01
4.834725952148437500e+01
4.799180603027343750e+01
4.763632202148437500e+01
4.728086853027343750e+01
4.692541503906250000e+01
4.656995391845703125e+01
4.621448516845703125e+01
4.585901641845703125e+01
4.550356292724609375e+01
4.514808654785156250e+01
4.479264068603515625e+01
4.443717956542968750e+01
4.408171081542968750e+01
4.372624206542968750e+01
4.337078857421875000e+01
4.301531982421875000e+01
4.265984344482421875e+01
4.230439758300781250e+01
4.194894409179687500e+01
4.159349060058593750e+01
4.123800659179687500e+01
4.088255310058593750e+01
4.052709197998046875e+01
4.017161560058593750e+01
3.981615447998046875e+01
3.946070861816406250e+01
3.910523986816406250e+01
