6.649360656738281250e+01
6.629566955566406250e+01
6.609772491455078125e+01
6.589978790283203125e+01
6.570184326171875000e+01
6.550389862060546875e+01
6.530596160888671875e+01
6.510801696777343750e+01
6.491007995605468750e+01
6.471213531494140625e+01
6.451419067382812500e+01
6.431625366210937500e+01
6.411831665039062500e+01
6.392037963867187500e+01
6.372243118286132812e+01
6.352449035644531250e+01
6.332654953002929688e+01
6.312860870361328125e+01
6.293066787719726562e+01
6.273273086547851562e+01
6.253477478027343750e+01
6.233677673339843750e+01
6.213873291015625000e+01
6.194063186645507812e+01
6.174244689941406250e+01
6.154425430297851562e+01
6.134600448608398438e+01
6.114749526977539062e+01
6.094849014282226562e+01
6.074876022338867188e+01
6.054792404174804688e+01
6.034564590454101562e+01
6.014117431640625000e+01
5.993417739868164062e+01
5.972469711303710938e+01
5.951281738281250000e+01
5.929817962646484375e+01
5.908042907714843750e+01
5.886086273193359375e+01
5.863908767700195312e+01
5.841543960571289062e+01
5.819012069702148438e+01
5.796279525756835938e+01
5.773545837402343750e+01
5.750859069824218750e+01
5.728213500976562500e+01
5.705549621582031250e+01
5.682936096191406250e+01
5.660436630249023438e+01
5.637943267822265625e+01
5.615539932250976562e+01
5.593091583251953125e+01
5.570568084716796875e+01
5.547690582275390625e+01
5.524058914184570312e+01
5.499841690063476562e+01
5.475112915039062500e+01
5.449627304077148438e+01
5.423322296142578125e+01
5.396488571166992188e+01
5.369343566894531250e+01
5.342009735107421875e+01
5.314455032348632812e+01
5.286428451538085938e+01
5.258061218261718750e+01
5.229617309570312500e+01
5.200951004028320312e+01
5.171755599975585938e+01
5.142057418823242188e+01
5.111841583251953125e+01
5.080970001220703125e+01
5.049188613891601562e+01
5.016403579711914062e+01
4.982617568969726562e+01
4.947673797607421875e+01
4.912003707885742188e+01
4.875780105590820312e+01
4.838985443115234375e+01
4.801709747314453125e+01
4.764045715332031250e+01
4.726221847534179688e+01
4.688198089599609375e+01
4.650143814086914062e+01
4.612361145019531250e+01
4.574857330322265625e+01
4.537730789184570312e+01
4.500978469848632812e+01
4.464543533325195312e+01
4.428632354736328125e+01
4.393383026123046875e+01
4.358697891235351562e+01
4.324729156494140625e+01
4.290896987915039062e+01
4.257314300537109375e+01
4.224095153808593750e+01
4.191107177734375000e+01
4.158481597900390625e+01
4.126080322265625000e+01
4.094000244140625000e+01
4.062103271484375000e+01
