7.157445526123046875e+01
7.119712829589843750e+01
7.082106018066406250e+01
7.044699096679687500e+01
7.007536315917968750e+01
6.970645904541015625e+01
6.934069061279296875e+01
6.897892761230468750e+01
6.862081909179687500e+01
6.826595306396484375e+01
6.791401672363281250e+01
6.756530761718750000e+01
6.721983337402343750e+01
6.687735748291015625e+01
6.653781890869140625e+01
6.620039367675781250e+01
6.586560058593750000e+01
6.553359985351562500e+01
6.520475006103515625e+01
6.487937164306640625e+01
6.455706787109375000e+01
6.423792266845703125e+01
6.392214965820312500e+01
6.360958862304687500e+01
6.330030822753906250e+01
6.299370193481445312e+01
6.268948745727539062e+01
6.238780593872070312e+01
6.208855819702148438e+01
6.179186248779296875e+01
6.149735260009765625e+01
6.120449066162109375e+01
6.091316223144531250e+01
6.062360382080078125e+01
6.033587646484375000e+01
6.004966735839843750e+01
5.976465225219726562e+01
5.948079299926757812e+01
5.919828796386718750e+01
5.891696166992187500e+01
5.863683700561523438e+01
5.835817337036132812e+01
5.808095550537109375e+01
5.780506515502929688e+01
5.753082656860351562e+01
5.725720596313476562e+01
5.698444366455078125e+01
5.671265411376953125e+01
5.644112777709960938e+01
5.616905975341796875e+01
5.589608001708984375e+01
5.562306594848632812e+01
5.534901046752929688e+01
5.507377624511718750e+01
5.479508209228515625e+01
5.451190948486328125e+01
5.422455215454101562e+01
5.393266677856445312e+01
5.363737487792968750e+01
5.333785247802734375e+01
5.303466796875000000e+01
5.272937774658203125e+01
5.242063522338867188e+01
5.210992431640625000e+01
5.179685974121093750e+01
5.148165512084960938e+01
5.116537094116210938e+01
5.084460830688476562e+01
5.051696777343750000e+01
5.018485260009765625e+01
4.984718704223632812e+01
4.950377655029296875e+01
4.915376663208007812e+01
4.879790496826171875e+01
4.843815994262695312e+01
4.807408142089843750e+01
4.770578384399414062e+01
4.733450317382812500e+01
4.696072769165039062e+01
4.658544921875000000e+01
4.620774841308593750e+01
4.582796478271484375e+01
4.544819641113281250e+01
4.506829452514648438e+01
4.468919754028320312e+01
4.431097793579101562e+01
4.393325042724609375e+01
4.355727386474609375e+01
4.318350982666015625e+01
4.281193161010742188e+01
4.244347000122070312e+01
4.207933807373046875e+01
4.171966934204101562e+01
4.136616516113281250e+01
4.101827621459960938e+01
4.067728042602539062e+01
4.034189224243164062e+01
4.001280593872070312e+01
3.968922042846679688e+01
3.936968231201171875e+01
