6.541179656982421875e+01
6.522563934326171875e+01
6.503770446777343750e+01
6.484825134277343750e+01
6.465697479248046875e+01
6.446363830566406250e+01
6.426753234863281250e+01
6.406914520263671875e+01
6.386854171752929688e+01
6.366570281982421875e+01
6.346118164062500000e+01
6.325547027587890625e+01
6.304884719848632812e+01
6.284143829345703125e+01
6.263375473022460938e+01
6.242531585693359375e+01
6.221576690673828125e+01
6.200513458251953125e+01
6.179362869262695312e+01
6.158174514770507812e+01
6.136930847167968750e+01
6.115628433227539062e+01
6.094267654418945312e+01
6.072856903076171875e+01
6.051445007324218750e+01
6.030024719238281250e+01
6.008620452880859375e+01
5.987258148193359375e+01
5.965944671630859375e+01
5.944683837890625000e+01
5.923460769653320312e+01
5.902302551269531250e+01
5.881198501586914062e+01
5.860128784179687500e+01
5.839042282104492188e+01
5.817939376831054688e+01
5.796762847900390625e+01
5.775538635253906250e+01
5.754222106933593750e+01
5.732716751098632812e+01
5.710920333862304688e+01
5.688832473754882812e+01
5.666276931762695312e+01
5.643203735351562500e+01
5.619596481323242188e+01
5.595537948608398438e+01
5.571237564086914062e+01
5.546715545654296875e+01
5.522037506103515625e+01
5.497224044799804688e+01
5.472314453125000000e+01
5.447380447387695312e+01
5.422588348388671875e+01
5.397891616821289062e+01
5.373151779174804688e+01
5.348268890380859375e+01
5.322875213623046875e+01
5.296686935424804688e+01
5.269523620605468750e+01
5.241509628295898438e+01
5.212892532348632812e+01
5.183649444580078125e+01
5.153729248046875000e+01
5.123136138916015625e+01
5.092077636718750000e+01
5.060418319702148438e+01
5.028276062011718750e+01
4.995561599731445312e+01
4.962383651733398438e+01
4.928650283813476562e+01
4.894479751586914062e+01
4.859589385986328125e+01
4.824080657958984375e+01
4.787932968139648438e+01
4.751254272460937500e+01
4.714262008666992188e+01
4.676846694946289062e+01
4.638957214355468750e+01
4.600926971435546875e+01
4.562620925903320312e+01
4.524071121215820312e+01
4.485422897338867188e+01
4.446797943115234375e+01
4.407844161987304688e+01
4.368453598022460938e+01
4.328855514526367188e+01
4.289051818847656250e+01
4.249066543579101562e+01
4.208956909179687500e+01
4.168724441528320312e+01
4.128586196899414062e+01
4.088603973388671875e+01
4.048946380615234375e+01
4.009494018554687500e+01
3.970351028442382812e+01
3.931482696533203125e+01
3.892776107788085938e+01
3.854159927368164062e+01
3.815690994262695312e+01
3.777338409423828125e+01
