6.240612792968750000e+01
6.230911636352539062e+01
6.221081924438476562e+01
6.211124038696289062e+01
6.201073837280273438e+01
6.190965270996093750e+01
6.180801391601562500e+01
6.170586395263671875e+01
6.160304260253906250e+01
6.149953842163085938e+01
6.139525985717773438e+01
6.129027557373046875e+01
6.118452835083007812e+01
6.107815170288085938e+01
6.097117996215820312e+01
6.086385345458984375e+01
6.075605010986328125e+01
6.064783096313476562e+01
6.053877258300781250e+01
6.042787551879882812e+01
6.031512069702148438e+01
6.020187759399414062e+01
6.008797836303710938e+01
5.997294235229492188e+01
5.985673904418945312e+01
5.973975372314453125e+01
5.962371444702148438e+01
5.951166152954101562e+01
5.940351867675781250e+01
5.929494094848632812e+01
5.917989730834960938e+01
5.905821228027343750e+01
5.892967605590820312e+01
5.879445266723632812e+01
5.865275192260742188e+01
5.850520324707031250e+01
5.835242462158203125e+01
5.819483184814453125e+01
5.803359603881835938e+01
5.786905670166015625e+01
5.770141983032226562e+01
5.753111267089843750e+01
5.735815048217773438e+01
5.718215942382812500e+01
5.700294876098632812e+01
5.682034301757812500e+01
5.663444900512695312e+01
5.644527053833007812e+01
5.625293350219726562e+01
5.605756378173828125e+01
5.585848236083984375e+01
5.565489959716796875e+01
5.544651031494140625e+01
5.523240280151367188e+01
5.500976562500000000e+01
5.477696990966796875e+01
5.453086853027343750e+01
5.427294921875000000e+01
5.400139617919921875e+01
5.372074508666992188e+01
5.343397521972656250e+01
5.314493179321289062e+01
5.285569000244140625e+01
5.256666183471679688e+01
5.227976989746093750e+01
5.199364089965820312e+01
5.171083068847656250e+01
5.143416213989257812e+01
5.115992355346679688e+01
5.088349533081054688e+01
5.060350418090820312e+01
5.031436920166015625e+01
5.001188278198242188e+01
4.969483184814453125e+01
4.936415100097656250e+01
4.902326202392578125e+01
4.867378234863281250e+01
4.831609725952148438e+01
4.795223999023437500e+01
4.758544921875000000e+01
4.721379852294921875e+01
4.683776092529296875e+01
4.645749282836914062e+01
4.607578277587890625e+01
4.568822860717773438e+01
4.529967498779296875e+01
4.491189193725585938e+01
4.452372360229492188e+01
4.413243103027343750e+01
4.374235153198242188e+01
4.335333633422851562e+01
4.296804809570312500e+01
4.258437728881835938e+01
4.220306777954101562e+01
4.182333755493164062e+01
4.144467163085937500e+01
4.106765747070312500e+01
4.069247055053710938e+01
4.031949615478515625e+01
3.994934463500976562e+01
