6.712542724609375000e+01
6.694676208496093750e+01
6.676871490478515625e+01
6.659109497070312500e+01
6.641392517089843750e+01
6.623703765869140625e+01
6.606033325195312500e+01
6.588368988037109375e+01
6.570713043212890625e+01
6.553062438964843750e+01
6.535416412353515625e+01
6.517771148681640625e+01
6.500126647949218750e+01
6.482480621337890625e+01
6.464835357666015625e+01
6.447186279296875000e+01
6.429534912109375000e+01
6.411881256103515625e+01
6.394219207763671875e+01
6.376542282104492188e+01
6.358845901489257812e+01
6.341111373901367188e+01
6.323336410522460938e+01
6.305505752563476562e+01
6.287613677978515625e+01
6.269661712646484375e+01
6.251649475097656250e+01
6.233560562133789062e+01
6.215404891967773438e+01
6.197210693359375000e+01
6.179001998901367188e+01
6.160789489746093750e+01
6.142580795288085938e+01
6.124435424804687500e+01
6.106281661987304688e+01
6.087771224975585938e+01
6.068419647216796875e+01
6.048277664184570312e+01
6.027396392822265625e+01
6.005707931518554688e+01
5.983301925659179688e+01
5.960206604003906250e+01
5.936391067504882812e+01
5.912079238891601562e+01
5.887549591064453125e+01
5.862884521484375000e+01
5.838078689575195312e+01
5.813228225708007812e+01
5.788546752929687500e+01
5.763474655151367188e+01
5.738076019287109375e+01
5.712133407592773438e+01
5.685535812377929688e+01
5.658078384399414062e+01
5.629930496215820312e+01
5.601264190673828125e+01
5.571735382080078125e+01
5.541620635986328125e+01
5.510919570922851562e+01
5.479634475708007812e+01
5.447922134399414062e+01
5.416210556030273438e+01
5.384357452392578125e+01
5.352283859252929688e+01
5.319745254516601562e+01
5.286786270141601562e+01
5.253610229492187500e+01
5.220341110229492188e+01
5.187032318115234375e+01
5.153856658935546875e+01
5.120607376098632812e+01
5.086982345581054688e+01
5.051296997070312500e+01
5.014194869995117188e+01
4.976507949829101562e+01
4.938430023193359375e+01
4.900179290771484375e+01
4.861732864379882812e+01
4.823220825195312500e+01
4.784490585327148438e+01
4.745814132690429688e+01
4.707002258300781250e+01
4.668008422851562500e+01
4.628584671020507812e+01
4.588798141479492188e+01
4.548536682128906250e+01
4.507875823974609375e+01
4.467176818847656250e+01
4.426563644409179688e+01
4.386056137084960938e+01
4.346162414550781250e+01
4.307025146484375000e+01
4.268900680541992188e+01
4.231587600708007812e+01
4.195341491699218750e+01
4.160246658325195312e+01
4.126508331298828125e+01
4.093865966796875000e+01
4.062524414062500000e+01
4.032355880737304688e+01
