6.594656372070312500e+01
6.574211120605468750e+01
6.553898620605468750e+01
6.533689117431640625e+01
6.513569641113281250e+01
6.493530273437500000e+01
6.473567962646484375e+01
6.453691101074218750e+01
6.433911132812500000e+01
6.414238739013671875e+01
6.394664764404296875e+01
6.375194931030273438e+01
6.355835342407226562e+01
6.336561203002929688e+01
6.317355728149414062e+01
6.298198699951171875e+01
6.279077911376953125e+01
6.259957504272460938e+01
6.240825271606445312e+01
6.221675109863281250e+01
6.202486419677734375e+01
6.183264541625976562e+01
6.164004898071289062e+01
6.144711685180664062e+01
6.125397872924804688e+01
6.106052398681640625e+01
6.086651229858398438e+01
6.067172241210937500e+01
6.047597503662109375e+01
6.027911376953125000e+01
6.008083343505859375e+01
5.988106536865234375e+01
5.967988586425781250e+01
5.947703552246093750e+01
5.927265930175781250e+01
5.906689071655273438e+01
5.885961914062500000e+01
5.865078735351562500e+01
5.844046401977539062e+01
5.822855758666992188e+01
5.801485061645507812e+01
5.779970550537109375e+01
5.758293533325195312e+01
5.736489486694335938e+01
5.714553070068359375e+01
5.692480087280273438e+01
5.670246887207031250e+01
5.647799301147460938e+01
5.625173568725585938e+01
5.602455902099609375e+01
5.579521560668945312e+01
5.556262588500976562e+01
5.532599639892578125e+01
5.508435440063476562e+01
5.483844757080078125e+01
5.458819961547851562e+01
5.433514022827148438e+01
5.407862472534179688e+01
5.382002639770507812e+01
5.355936813354492188e+01
5.329670715332031250e+01
5.303395462036132812e+01
5.277084350585937500e+01
5.250702667236328125e+01
5.223706436157226562e+01
5.195090484619140625e+01
5.165522003173828125e+01
5.135511016845703125e+01
5.104847335815429688e+01
5.073686218261718750e+01
5.041658782958984375e+01
5.009094619750976562e+01
4.975851058959960938e+01
4.941786956787109375e+01
4.907284164428710938e+01
4.872080612182617188e+01
4.836073684692382812e+01
4.799459075927734375e+01
4.762768936157226562e+01
4.725839233398437500e+01
4.688739395141601562e+01
4.651465606689453125e+01
4.614074707031250000e+01
4.576633071899414062e+01
4.539239883422851562e+01
4.501832962036132812e+01
4.464504241943359375e+01
4.427251052856445312e+01
4.390151214599609375e+01
4.353121948242187500e+01
4.316012191772460938e+01
4.278850173950195312e+01
4.241508865356445312e+01
4.203895950317382812e+01
4.166073226928710938e+01
4.128014373779296875e+01
4.089513015747070312e+01
4.050465011596679688e+01
4.010994338989257812e+01
3.971080017089843750e+01
