6.539063262939453125e+01
6.528784179687500000e+01
6.518300628662109375e+01
6.507407379150390625e+01
6.495915222167968750e+01
6.483824157714843750e+01
6.471212005615234375e+01
6.458245849609375000e+01
6.444892120361328125e+01
6.431247711181640625e+01
6.417257690429687500e+01
6.402811431884765625e+01
6.387764739990234375e+01
6.372220230102539062e+01
6.356213378906250000e+01
6.339735031127929688e+01
6.322864532470703125e+01
6.305631637573242188e+01
6.288074493408203125e+01
6.270276641845703125e+01
6.252292633056640625e+01
6.234074783325195312e+01
6.215668869018554688e+01
6.197071838378906250e+01
6.178302383422851562e+01
6.159392929077148438e+01
6.140301895141601562e+01
6.121061325073242188e+01
6.101626205444335938e+01
6.081981658935546875e+01
6.062103271484375000e+01
6.042027664184570312e+01
6.021722793579101562e+01
6.001132965087890625e+01
5.980235290527343750e+01
5.959028244018554688e+01
5.937462615966796875e+01
5.915536880493164062e+01
5.893266296386718750e+01
5.870672225952148438e+01
5.847787094116210938e+01
5.824635314941406250e+01
5.801297760009765625e+01
5.777816390991210938e+01
5.754211044311523438e+01
5.730478286743164062e+01
5.706685256958007812e+01
5.682885742187500000e+01
5.659167480468750000e+01
5.635548019409179688e+01
5.612032318115234375e+01
5.588610076904296875e+01
5.565346527099609375e+01
5.542207717895507812e+01
5.519158935546875000e+01
5.496229934692382812e+01
5.473425292968750000e+01
5.450487136840820312e+01
5.425529861450195312e+01
5.398288726806640625e+01
5.369940948486328125e+01
5.341046524047851562e+01
5.311436843872070312e+01
5.281263351440429688e+01
5.250655746459960938e+01
5.219783782958984375e+01
5.188629531860351562e+01
5.156719589233398438e+01
5.123954010009765625e+01
5.090330886840820312e+01
5.055469894409179688e+01
5.019442367553710938e+01
4.982705688476562500e+01
4.945249176025390625e+01
4.907385635375976562e+01
4.869218826293945312e+01
4.830871963500976562e+01
4.792151641845703125e+01
4.753137588500976562e+01
4.713779830932617188e+01
4.674622344970703125e+01
4.635323715209960938e+01
4.595882415771484375e+01
4.556663513183593750e+01
4.517422866821289062e+01
4.478347778320312500e+01
4.439783096313476562e+01
4.401532363891601562e+01
4.363011932373046875e+01
4.324197006225585938e+01
4.285084915161132812e+01
4.245579910278320312e+01
4.205673599243164062e+01
4.165519332885742188e+01
4.124861145019531250e+01
4.083706665039062500e+01
4.042238235473632812e+01
4.000436401367187500e+01
3.957728195190429688e+01
3.914426803588867188e+01
