6.698660278320312500e+01
6.678147125244140625e+01
6.657524108886718750e+01
6.636800384521484375e+01
6.615995788574218750e+01
6.595130920410156250e+01
6.574197387695312500e+01
6.553205871582031250e+01
6.532173156738281250e+01
6.511101531982421875e+01
6.489991760253906250e+01
6.468846130371093750e+01
6.447667694091796875e+01
6.426458740234375000e+01
6.405220031738281250e+01
6.383948135375976562e+01
6.362649536132812500e+01
6.341322326660156250e+01
6.319968414306640625e+01
6.298598480224609375e+01
6.277207183837890625e+01
6.255797958374023438e+01
6.234375000000000000e+01
6.212941360473632812e+01
6.191493225097656250e+01
6.170028686523437500e+01
6.148551177978515625e+01
6.127048873901367188e+01
6.105524826049804688e+01
6.083975982666015625e+01
6.062394714355468750e+01
6.040758895874023438e+01
6.019072341918945312e+01
5.997338485717773438e+01
5.975538635253906250e+01
5.953622817993164062e+01
5.931632232666015625e+01
5.909610748291015625e+01
5.887450027465820312e+01
5.865137100219726562e+01
5.842692947387695312e+01
5.820014953613281250e+01
5.796942520141601562e+01
5.773520660400390625e+01
5.749749374389648438e+01
5.725625991821289062e+01
5.701276779174804688e+01
5.676862716674804688e+01
5.652443313598632812e+01
5.628055572509765625e+01
5.603837966918945312e+01
5.579779052734375000e+01
5.555887603759765625e+01
5.531954193115234375e+01
5.508055877685546875e+01
5.483826828002929688e+01
5.458840942382812500e+01
5.432971191406250000e+01
5.406199645996093750e+01
5.378459548950195312e+01
5.349898910522460938e+01
5.320550537109375000e+01
5.290478515625000000e+01
5.259825134277343750e+01
5.228600311279296875e+01
5.196758651733398438e+01
5.164323806762695312e+01
5.131230545043945312e+01
5.097560501098632812e+01
5.063344955444335938e+01
5.028754043579101562e+01
4.993857955932617188e+01
4.958609008789062500e+01
4.922979736328125000e+01
4.887040710449218750e+01
4.850697326660156250e+01
4.814167404174804688e+01
4.777433776855468750e+01
4.740569686889648438e+01
4.703617477416992188e+01
4.666623687744140625e+01
4.629707336425781250e+01
4.592888641357421875e+01
4.556068038940429688e+01
4.519205856323242188e+01
4.482305526733398438e+01
4.445438766479492188e+01
4.408832931518554688e+01
4.372441101074218750e+01
4.336265945434570312e+01
4.300191116333007812e+01
4.264305496215820312e+01
4.228574371337890625e+01
4.193012619018554688e+01
4.157619094848632812e+01
4.122442626953125000e+01
4.087585830688476562e+01
4.053003311157226562e+01
4.018834304809570312e+01
3.984947586059570312e+01
