6.754134368896484375e+01
6.737749481201171875e+01
6.720439147949218750e+01
6.702253723144531250e+01
6.683290100097656250e+01
6.663729858398437500e+01
6.643694305419921875e+01
6.623237609863281250e+01
6.602344512939453125e+01
6.581018829345703125e+01
6.559173583984375000e+01
6.536863708496093750e+01
6.513998413085937500e+01
6.490753173828125000e+01
6.467192077636718750e+01
6.443420410156250000e+01
6.419460296630859375e+01
6.395284271240234375e+01
6.370944213867187500e+01
6.346358108520507812e+01
6.321625137329101562e+01
6.296783065795898438e+01
6.271892929077148438e+01
6.247003555297851562e+01
6.222208023071289062e+01
6.197474670410156250e+01
6.172817993164062500e+01
6.148270416259765625e+01
6.123796844482421875e+01
6.099417877197265625e+01
6.075109481811523438e+01
6.050825881958007812e+01
6.026604843139648438e+01
6.002495574951171875e+01
5.978423309326171875e+01
5.954406356811523438e+01
5.930410385131835938e+01
5.906400680541992188e+01
5.882324600219726562e+01
5.858140945434570312e+01
5.833810424804687500e+01
5.809405899047851562e+01
5.784874725341796875e+01
5.760130691528320312e+01
5.735033035278320312e+01
5.709509277343750000e+01
5.683597183227539062e+01
5.657284545898437500e+01
5.630540084838867188e+01
5.603387832641601562e+01
5.575810241699218750e+01
5.547794723510742188e+01
5.519311141967773438e+01
5.490464782714843750e+01
5.461242294311523438e+01
5.431622314453125000e+01
5.401642227172851562e+01
5.371270751953125000e+01
5.340562057495117188e+01
5.309514236450195312e+01
5.278041839599609375e+01
5.246150588989257812e+01
5.213853454589843750e+01
5.181282424926757812e+01
5.148458480834960938e+01
5.115298843383789062e+01
5.081808090209960938e+01
5.048022079467773438e+01
5.013908386230468750e+01
4.979570388793945312e+01
4.944897842407226562e+01
4.909952545166015625e+01
4.874810791015625000e+01
4.839506530761718750e+01
4.804126739501953125e+01
4.768721389770507812e+01
4.733272933959960938e+01
4.697822952270507812e+01
4.662356567382812500e+01
4.626900100708007812e+01
4.591506195068359375e+01
4.556081008911132812e+01
4.520751953125000000e+01
4.485571670532226562e+01
4.450498580932617188e+01
4.415568923950195312e+01
4.380847930908203125e+01
4.346350097656250000e+01
4.312070465087890625e+01
4.278068923950195312e+01
4.244346618652343750e+01
4.210855484008789062e+01
4.177633666992187500e+01
4.144729614257812500e+01
4.112127304077148438e+01
4.079890823364257812e+01
4.047982406616210938e+01
4.016304779052734375e+01
3.984901809692382812e+01
3.953808593750000000e+01
