6.687700653076171875e+01
6.664494323730468750e+01
6.641210937500000000e+01
6.617913818359375000e+01
6.594633483886718750e+01
6.571383666992187500e+01
6.548141479492187500e+01
6.524912261962890625e+01
6.501690673828125000e+01
6.478493499755859375e+01
6.455334472656250000e+01
6.432256317138671875e+01
6.409249114990234375e+01
6.386340713500976562e+01
6.363518142700195312e+01
6.340781402587890625e+01
6.318132400512695312e+01
6.295570755004882812e+01
6.273097229003906250e+01
6.250705337524414062e+01
6.228427886962890625e+01
6.206250381469726562e+01
6.184183120727539062e+01
6.162212753295898438e+01
6.140340423583984375e+01
6.118552780151367188e+01
6.096856689453125000e+01
6.075263595581054688e+01
6.053765106201171875e+01
6.032359695434570312e+01
6.011029434204101562e+01
5.989764022827148438e+01
5.968542480468750000e+01
5.947352981567382812e+01
5.926184082031250000e+01
5.905024337768554688e+01
5.883842468261718750e+01
5.862602996826171875e+01
5.841299438476562500e+01
5.819890594482421875e+01
5.798339462280273438e+01
5.776614379882812500e+01
5.754686355590820312e+01
5.732460784912109375e+01
5.710032272338867188e+01
5.687354278564453125e+01
5.664385986328125000e+01
5.641106033325195312e+01
5.617456054687500000e+01
5.593347167968750000e+01
5.568586730957031250e+01
5.543164825439453125e+01
5.517003631591796875e+01
5.490097808837890625e+01
5.462557983398437500e+01
5.434401702880859375e+01
5.405752563476562500e+01
5.376758956909179688e+01
5.347424316406250000e+01
5.317748260498046875e+01
5.287594604492187500e+01
5.257102203369140625e+01
5.226270675659179688e+01
5.194739151000976562e+01
5.162632369995117188e+01
5.129901123046875000e+01
5.096481323242187500e+01
5.062411117553710938e+01
5.027798843383789062e+01
4.992768859863281250e+01
4.957257080078125000e+01
4.921357345581054688e+01
4.885051345825195312e+01
4.848411941528320312e+01
4.811468124389648438e+01
4.774336624145507812e+01
4.737185287475585938e+01
4.699927139282226562e+01
4.662640762329101562e+01
4.625330352783203125e+01
4.588064956665039062e+01
4.550799560546875000e+01
4.513539886474609375e+01
4.476299285888671875e+01
4.439025878906250000e+01
4.401810455322265625e+01
4.364651870727539062e+01
4.327405929565429688e+01
4.290296173095703125e+01
4.253256988525390625e+01
4.216287994384765625e+01
4.179534149169921875e+01
4.142957687377929688e+01
4.106579208374023438e+01
4.070517730712890625e+01
4.034805679321289062e+01
3.999581527709960938e+01
3.964794921875000000e+01
3.930448150634765625e+01
3.896612167358398438e+01
