6.976950073242187500e+01
6.949636077880859375e+01
6.922405242919921875e+01
6.895288085937500000e+01
6.868308258056640625e+01
6.841478729248046875e+01
6.814793395996093750e+01
6.788278198242187500e+01
6.761954498291015625e+01
6.735823059082031250e+01
6.709861755371093750e+01
6.684080505371093750e+01
6.658470916748046875e+01
6.633013153076171875e+01
6.607734680175781250e+01
6.582619476318359375e+01
6.557659912109375000e+01
6.532846069335937500e+01
6.508208465576171875e+01
6.483724212646484375e+01
6.459399414062500000e+01
6.435240936279296875e+01
6.411225891113281250e+01
6.387351226806640625e+01
6.363637161254882812e+01
6.340105056762695312e+01
6.316723632812500000e+01
6.293487167358398438e+01
6.270388412475585938e+01
6.247412872314453125e+01
6.224535369873046875e+01
6.201736068725585938e+01
6.179012680053710938e+01
6.156338500976562500e+01
6.133664321899414062e+01
6.110927200317382812e+01
6.088061523437500000e+01
6.065025329589843750e+01
6.041759109497070312e+01
6.018251037597656250e+01
5.994530868530273438e+01
5.970600891113281250e+01
5.946434020996093750e+01
5.922029113769531250e+01
5.897420501708984375e+01
5.872700119018554688e+01
5.847878265380859375e+01
5.822942352294921875e+01
5.797955703735351562e+01
5.772854614257812500e+01
5.747545242309570312e+01
5.722091293334960938e+01
5.696534729003906250e+01
5.670973205566406250e+01
5.645277786254882812e+01
5.619411087036132812e+01
5.593486404418945312e+01
5.567580795288085938e+01
5.541773986816406250e+01
5.516018295288085938e+01
5.490348815917968750e+01
5.464815902709960938e+01
5.438846969604492188e+01
5.412247848510742188e+01
5.384915924072265625e+01
5.356735229492187500e+01
5.328106689453125000e+01
5.298764419555664062e+01
5.268742370605468750e+01
5.238114547729492188e+01
5.206518936157226562e+01
5.173901748657226562e+01
5.140203857421875000e+01
5.105795288085937500e+01
5.070412063598632812e+01
5.034268569946289062e+01
4.997248077392578125e+01
4.959607315063476562e+01
4.921516036987304688e+01
4.882573318481445312e+01
4.843342590332031250e+01
4.803700256347656250e+01
4.763978195190429688e+01
4.724139404296875000e+01
4.684225845336914062e+01
4.644573593139648438e+01
4.605452346801757812e+01
4.567302703857421875e+01
4.530046844482421875e+01
4.493880844116210938e+01
4.458266830444335938e+01
4.423457336425781250e+01
4.389626312255859375e+01
4.356974411010742188e+01
4.325358200073242188e+01
4.294837570190429688e+01
4.265340042114257812e+01
4.236710357666015625e+01
4.209222030639648438e+01
4.182693099975585938e+01
