6.500125122070312500e+01
6.487245941162109375e+01
6.474359130859375000e+01
6.461466217041015625e+01
6.448565673828125000e+01
6.435659027099609375e+01
6.422745513916015625e+01
6.409825897216796875e+01
6.396901702880859375e+01
6.383971786499023438e+01
6.371034240722656250e+01
6.358088684082031250e+01
6.345134735107421875e+01
6.332170867919921875e+01
6.319197463989257812e+01
6.306208801269531250e+01
6.293204498291015625e+01
6.280175399780273438e+01
6.267108154296875000e+01
6.253984832763671875e+01
6.240791320800781250e+01
6.227525329589843750e+01
6.214171981811523438e+01
6.200741577148437500e+01
6.187218475341796875e+01
6.173609542846679688e+01
6.159890365600585938e+01
6.146025466918945312e+01
6.131938552856445312e+01
6.117539978027343750e+01
6.102780532836914062e+01
6.087563705444335938e+01
6.071874618530273438e+01
6.055686187744140625e+01
6.038850784301757812e+01
6.021536254882812500e+01
6.003678512573242188e+01
5.985402679443359375e+01
5.966776657104492188e+01
5.947872924804687500e+01
5.928654479980468750e+01
5.909167861938476562e+01
5.889409637451171875e+01
5.869377517700195312e+01
5.849091720581054688e+01
5.828548049926757812e+01
5.807739639282226562e+01
5.786671829223632812e+01
5.765350341796875000e+01
5.743808746337890625e+01
5.722100067138671875e+01
5.700279235839843750e+01
5.678265762329101562e+01
5.656043243408203125e+01
5.633375549316406250e+01
5.610068130493164062e+01
5.585972213745117188e+01
5.561244964599609375e+01
5.535819244384765625e+01
5.509713363647460938e+01
5.482586288452148438e+01
5.454862594604492188e+01
5.426602554321289062e+01
5.398083877563476562e+01
5.369249343872070312e+01
5.339959335327148438e+01
5.310009002685546875e+01
5.279526138305664062e+01
5.248437118530273438e+01
5.216711807250976562e+01
5.184453201293945312e+01
5.151686096191406250e+01
5.118408203125000000e+01
5.084685516357421875e+01
5.050464248657226562e+01
5.015694046020507812e+01
4.980478668212890625e+01
4.944894027709960938e+01
4.909095382690429688e+01
4.873202896118164062e+01
4.837217330932617188e+01
4.801074600219726562e+01
4.764575958251953125e+01
4.727154922485351562e+01
4.688708114624023438e+01
4.649181365966796875e+01
4.608979034423828125e+01
4.568433761596679688e+01
4.527608108520507812e+01
4.486723709106445312e+01
4.445871734619140625e+01
4.405140304565429688e+01
4.364704132080078125e+01
4.324506759643554688e+01
4.284678649902343750e+01
4.245467376708984375e+01
4.206743240356445312e+01
4.168529129028320312e+01
4.131026077270507812e+01
4.094093704223632812e+01
