6.517223358154296875e+01
6.501940155029296875e+01
6.486662292480468750e+01
6.471391296386718750e+01
6.456124877929687500e+01
6.440860748291015625e+01
6.425601196289062500e+01
6.410337066650390625e+01
6.395061492919921875e+01
6.379737091064453125e+01
6.364305877685546875e+01
6.348756408691406250e+01
6.333044052124023438e+01
6.317116928100585938e+01
6.301018905639648438e+01
6.284809112548828125e+01
6.268564987182617188e+01
6.252279663085937500e+01
6.235949325561523438e+01
6.219547653198242188e+01
6.203049087524414062e+01
6.186400985717773438e+01
6.169586181640625000e+01
6.152566528320312500e+01
6.135353469848632812e+01
6.117930603027343750e+01
6.100342559814453125e+01
6.082570648193359375e+01
6.064597320556640625e+01
6.046432495117187500e+01
6.028122329711914062e+01
6.009648132324218750e+01
5.991057205200195312e+01
5.972359848022460938e+01
5.953571701049804688e+01
5.934669876098632812e+01
5.915634536743164062e+01
5.896430587768554688e+01
5.877063369750976562e+01
5.857469940185546875e+01
5.837639999389648438e+01
5.817531967163085938e+01
5.797046279907226562e+01
5.776150894165039062e+01
5.754853439331054688e+01
5.733126068115234375e+01
5.710919189453125000e+01
5.688283920288085938e+01
5.665270996093750000e+01
5.641991806030273438e+01
5.618547821044921875e+01
5.595015716552734375e+01
5.571485519409179688e+01
5.548020553588867188e+01
5.524526977539062500e+01
5.501086044311523438e+01
5.477747344970703125e+01
5.454384613037109375e+01
5.430746459960937500e+01
5.406813430786132812e+01
5.382579803466796875e+01
5.356930541992187500e+01
5.330200958251953125e+01
5.303112792968750000e+01
5.275614929199218750e+01
5.247587585449218750e+01
5.218972015380859375e+01
5.189944076538085938e+01
5.160448455810546875e+01
5.130386734008789062e+01
5.099704742431640625e+01
5.068397140502929688e+01
5.036351013183593750e+01
5.003424453735351562e+01
4.969742965698242188e+01
4.935390853881835938e+01
4.900647354125976562e+01
4.865357589721679688e+01
4.829668807983398438e+01
4.794072723388671875e+01
4.758493804931640625e+01
4.722776794433593750e+01
4.687005615234375000e+01
4.651193237304687500e+01
4.615270614624023438e+01
4.579570388793945312e+01
4.544111251831054688e+01
4.508860397338867188e+01
4.473556518554687500e+01
4.438535308837890625e+01
4.403633117675781250e+01
4.369316482543945312e+01
4.335588073730468750e+01
4.302387619018554688e+01
4.269586563110351562e+01
4.237297439575195312e+01
4.205345153808593750e+01
4.173606491088867188e+01
4.142396926879882812e+01
4.111630249023437500e+01
