6.558176422119140625e+01
6.542600250244140625e+01
6.527047729492187500e+01
6.511523437500000000e+01
6.496029663085937500e+01
6.480574798583984375e+01
6.465171813964843750e+01
6.449825286865234375e+01
6.434544372558593750e+01
6.419340515136718750e+01
6.404212951660156250e+01
6.389167785644531250e+01
6.374196624755859375e+01
6.359291839599609375e+01
6.344451141357421875e+01
6.329665756225585938e+01
6.314925765991210938e+01
6.300193786621093750e+01
6.285419845581054688e+01
6.270526885986328125e+01
6.255484771728515625e+01
6.240203094482421875e+01
6.224574661254882812e+01
6.208547592163085938e+01
6.192185974121093750e+01
6.175527572631835938e+01
6.158588409423828125e+01
6.141423797607421875e+01
6.124048614501953125e+01
6.106462860107421875e+01
6.088637924194335938e+01
6.070584869384765625e+01
6.052252960205078125e+01
6.033592224121093750e+01
6.014524459838867188e+01
5.995062637329101562e+01
5.975233459472656250e+01
5.955075073242187500e+01
5.934616088867187500e+01
5.913860702514648438e+01
5.892832183837890625e+01
5.871515274047851562e+01
5.849908065795898438e+01
5.828041839599609375e+01
5.805906677246093750e+01
5.783484268188476562e+01
5.760703277587890625e+01
5.737506484985351562e+01
5.714044189453125000e+01
5.690142059326171875e+01
5.665684127807617188e+01
5.640627288818359375e+01
5.614980697631835938e+01
5.589088058471679688e+01
5.562973022460937500e+01
5.536720657348632812e+01
5.510466003417968750e+01
5.484277343750000000e+01
5.458065414428710938e+01
5.431853866577148438e+01
5.405525207519531250e+01
5.379179763793945312e+01
5.352746963500976562e+01
5.326044464111328125e+01
5.298725128173828125e+01
5.270722961425781250e+01
5.242051315307617188e+01
5.212569808959960938e+01
5.182522964477539062e+01
5.151871490478515625e+01
5.120603179931640625e+01
5.088459396362304688e+01
5.055461120605468750e+01
5.021720886230468750e+01
4.987329864501953125e+01
4.952276229858398438e+01
4.917042922973632812e+01
4.881553649902343750e+01
4.845891571044921875e+01
4.809918594360351562e+01
4.773605346679687500e+01
4.736930847167968750e+01
4.700104141235351562e+01
4.661769485473632812e+01
4.622647094726562500e+01
4.583493041992187500e+01
4.544417953491210938e+01
4.505361175537109375e+01
4.466703414916992188e+01
4.428493881225585938e+01
4.390907287597656250e+01
4.354000091552734375e+01
4.317835998535156250e+01
4.282464599609375000e+01
4.247824478149414062e+01
4.213947677612304688e+01
4.180567550659179688e+01
4.147929382324218750e+01
4.115708923339843750e+01
4.083986282348632812e+01
