6.586682128906250000e+01
6.569496154785156250e+01
6.552180480957031250e+01
6.534744262695312500e+01
6.517233276367187500e+01
6.499655914306640625e+01
6.482006835937500000e+01
6.464295959472656250e+01
6.446595764160156250e+01
6.428945922851562500e+01
6.411344146728515625e+01
6.393788146972656250e+01
6.376272201538085938e+01
6.358790206909179688e+01
6.341345214843750000e+01
6.323939895629882812e+01
6.306577682495117188e+01
6.289259719848632812e+01
6.271998596191406250e+01
6.254794692993164062e+01
6.237646484375000000e+01
6.220558166503906250e+01
6.203522109985351562e+01
6.186532974243164062e+01
6.169583129882812500e+01
6.152673721313476562e+01
6.135791397094726562e+01
6.118942642211914062e+01
6.102105331420898438e+01
6.085271453857421875e+01
6.068421554565429688e+01
6.051521301269531250e+01
6.034542465209960938e+01
6.017353820800781250e+01
5.999882888793945312e+01
5.982021713256835938e+01
5.963756561279296875e+01
5.944879150390625000e+01
5.925448226928710938e+01
5.905435562133789062e+01
5.885000228881835938e+01
5.864240646362304688e+01
5.843219757080078125e+01
5.821993255615234375e+01
5.800664520263671875e+01
5.779164505004882812e+01
5.757542419433593750e+01
5.736051177978515625e+01
5.714572143554687500e+01
5.693046569824218750e+01
5.671381759643554688e+01
5.649634933471679688e+01
5.627758026123046875e+01
5.605553436279296875e+01
5.582786560058593750e+01
5.559389114379882812e+01
5.535307312011718750e+01
5.510625076293945312e+01
5.484853363037109375e+01
5.458104324340820312e+01
5.430496215820312500e+01
5.402046585083007812e+01
5.373025131225585938e+01
5.343643188476562500e+01
5.313866043090820312e+01
5.283822250366210938e+01
5.253350067138671875e+01
5.222493362426757812e+01
5.191250991821289062e+01
5.159944915771484375e+01
5.128349304199218750e+01
5.096493148803710938e+01
5.064134216308593750e+01
5.031323623657226562e+01
4.997990036010742188e+01
4.964140701293945312e+01
4.929412841796875000e+01
4.893974685668945312e+01
4.858100128173828125e+01
4.822019577026367188e+01
4.786026382446289062e+01
4.749739074707031250e+01
4.713119888305664062e+01
4.676254272460937500e+01
4.639241790771484375e+01
4.602151870727539062e+01
4.564983749389648438e+01
4.527943420410156250e+01
4.490885543823242188e+01
4.453706741333007812e+01
4.416512680053710938e+01
4.379293823242187500e+01
4.342118072509765625e+01
4.305142211914062500e+01
4.268578720092773438e+01
4.232185363769531250e+01
4.195945358276367188e+01
4.160014724731445312e+01
4.124554061889648438e+01
4.089412689208984375e+01
