6.339469528198242188e+01
6.327048492431640625e+01
6.314643859863281250e+01
6.302255630493164062e+01
6.289885711669921875e+01
6.277534484863281250e+01
6.265201950073242188e+01
6.252889251708984375e+01
6.240598297119140625e+01
6.228330230712890625e+01
6.216086196899414062e+01
6.203862762451171875e+01
6.191656112670898438e+01
6.179467773437500000e+01
6.167298507690429688e+01
6.155148696899414062e+01
6.143021392822265625e+01
6.130916213989257812e+01
6.118800735473632812e+01
6.106673049926757812e+01
6.094509506225585938e+01
6.082254791259765625e+01
6.069937133789062500e+01
6.057460403442382812e+01
6.044733810424804688e+01
6.031734848022460938e+01
6.018369293212890625e+01
6.004612350463867188e+01
5.990383911132812500e+01
5.975730514526367188e+01
5.960650253295898438e+01
5.945255661010742188e+01
5.929580307006835938e+01
5.913651657104492188e+01
5.897419738769531250e+01
5.880881500244140625e+01
5.864038467407226562e+01
5.846878051757812500e+01
5.829394912719726562e+01
5.811543273925781250e+01
5.793330001831054688e+01
5.774706268310546875e+01
5.755693054199218750e+01
5.736369705200195312e+01
5.716731262207031250e+01
5.696647644042968750e+01
5.676135253906250000e+01
5.655248641967773438e+01
5.633935928344726562e+01
5.612150955200195312e+01
5.589817047119140625e+01
5.567105102539062500e+01
5.544108963012695312e+01
5.520802688598632812e+01
5.497283935546875000e+01
5.473734664916992188e+01
5.450113296508789062e+01
5.426322937011718750e+01
5.402467346191406250e+01
5.378595733642578125e+01
5.354193496704101562e+01
5.327686691284179688e+01
5.299991989135742188e+01
5.271603393554687500e+01
5.242491149902343750e+01
5.212726974487304688e+01
5.182110977172851562e+01
5.150695419311523438e+01
5.118661499023437500e+01
5.085712051391601562e+01
5.052084732055664062e+01
5.017584991455078125e+01
4.982281494140625000e+01
4.946151351928710938e+01
4.909479141235351562e+01
4.872463226318359375e+01
4.835313415527343750e+01
4.797893142700195312e+01
4.760311889648437500e+01
4.722381210327148438e+01
4.683878326416015625e+01
4.644890975952148438e+01
4.605217361450195312e+01
4.564871215820312500e+01
4.524294281005859375e+01
4.483297729492187500e+01
4.441813278198242188e+01
4.400087738037109375e+01
4.358353424072265625e+01
4.316578674316406250e+01
4.274850082397460938e+01
4.233183670043945312e+01
4.191741561889648438e+01
4.150559997558593750e+01
4.109437942504882812e+01
4.068451690673828125e+01
4.027543258666992188e+01
3.986712646484375000e+01
3.945941162109375000e+01
3.905134963989257812e+01
