6.791172027587890625e+01
6.772399139404296875e+01
6.753574371337890625e+01
6.734680175781250000e+01
6.715709686279296875e+01
6.696670532226562500e+01
6.677530670166015625e+01
6.658242034912109375e+01
6.638808441162109375e+01
6.619227600097656250e+01
6.599501037597656250e+01
6.579631805419921875e+01
6.559628295898437500e+01
6.539496612548828125e+01
6.519235992431640625e+01
6.498875427246093750e+01
6.478419494628906250e+01
6.457903289794921875e+01
6.437329101562500000e+01
6.416706085205078125e+01
6.396030426025390625e+01
6.375307083129882812e+01
6.354534530639648438e+01
6.333713531494140625e+01
6.312827682495117188e+01
6.291883087158203125e+01
6.270869064331054688e+01
6.249777984619140625e+01
6.228607940673828125e+01
6.207341003417968750e+01
6.185939407348632812e+01
6.164393997192382812e+01
6.142696380615234375e+01
6.120825958251953125e+01
6.098782730102539062e+01
6.076594543457031250e+01
6.054281616210937500e+01
6.031842422485351562e+01
6.009313201904296875e+01
5.986722946166992188e+01
5.964064788818359375e+01
5.941380691528320312e+01
5.918661880493164062e+01
5.895933914184570312e+01
5.873191833496093750e+01
5.850455474853515625e+01
5.827748107910156250e+01
5.805169677734375000e+01
5.782569122314453125e+01
5.758885574340820312e+01
5.733512496948242188e+01
5.706942749023437500e+01
5.679431533813476562e+01
5.651689147949218750e+01
5.623790740966796875e+01
5.595895004272460938e+01
5.567870330810546875e+01
5.539600372314453125e+01
5.510970687866210938e+01
5.481710433959960938e+01
5.451902008056640625e+01
5.421547317504882812e+01
5.390946960449218750e+01
5.359976196289062500e+01
5.328575897216796875e+01
5.296735382080078125e+01
5.264395523071289062e+01
5.231367492675781250e+01
5.197542572021484375e+01
5.162968826293945312e+01
5.128117370605468750e+01
5.093040084838867188e+01
5.057885360717773438e+01
5.022745513916015625e+01
4.987335968017578125e+01
4.951832199096679688e+01
4.916197204589843750e+01
4.880253219604492188e+01
4.844050216674804688e+01
4.807736587524414062e+01
4.771153259277343750e+01
4.734326171875000000e+01
4.696847152709960938e+01
4.659136199951171875e+01
4.621111679077148438e+01
4.582960510253906250e+01
4.545071029663085938e+01
4.507361221313476562e+01
4.469760131835937500e+01
4.432280349731445312e+01
4.394991683959960938e+01
4.357719039916992188e+01
4.320469284057617188e+01
4.283401107788085938e+01
4.246553421020507812e+01
4.209728240966796875e+01
4.173011016845703125e+01
4.136494064331054688e+01
4.100003433227539062e+01
4.063694381713867188e+01
