6.676255035400390625e+01
6.657583618164062500e+01
6.639021301269531250e+01
6.620547485351562500e+01
6.602163696289062500e+01
6.583848571777343750e+01
6.565604400634765625e+01
6.547430419921875000e+01
6.529318237304687500e+01
6.511269378662109375e+01
6.493278503417968750e+01
6.475321960449218750e+01
6.457409667968750000e+01
6.439545440673828125e+01
6.421722412109375000e+01
6.403958129882812500e+01
6.386240768432617188e+01
6.368564224243164062e+01
6.350939178466796875e+01
6.333372497558593750e+01
6.315850067138671875e+01
6.298380661010742188e+01
6.280952453613281250e+01
6.263546371459960938e+01
6.246152114868164062e+01
6.228768920898437500e+01
6.211373519897460938e+01
6.193965148925781250e+01
6.176483154296875000e+01
6.158881378173828125e+01
6.141014480590820312e+01
6.122852706909179688e+01
6.104402923583984375e+01
6.085577011108398438e+01
6.066323852539062500e+01
6.046694946289062500e+01
6.026750183105468750e+01
6.006558227539062500e+01
5.986155319213867188e+01
5.965625381469726562e+01
5.945050048828125000e+01
5.924509048461914062e+01
5.904103469848632812e+01
5.883736038208007812e+01
5.863141632080078125e+01
5.842224502563476562e+01
5.820907211303710938e+01
5.798854064941406250e+01
5.775822830200195312e+01
5.751881408691406250e+01
5.727188491821289062e+01
5.702009201049804688e+01
5.676519012451171875e+01
5.650846481323242188e+01
5.625163269042968750e+01
5.599449539184570312e+01
5.573682785034179688e+01
5.547574615478515625e+01
5.520900726318359375e+01
5.493545913696289062e+01
5.465405654907226562e+01
5.436600494384765625e+01
5.407019042968750000e+01
5.376630783081054688e+01
5.345439529418945312e+01
5.313506317138671875e+01
5.280798339843750000e+01
5.247395324707031250e+01
5.213354873657226562e+01
5.178513717651367188e+01
5.142972564697265625e+01
5.106890106201171875e+01
5.070283126831054688e+01
5.033269119262695312e+01
4.995984649658203125e+01
4.958201217651367188e+01
4.919970703125000000e+01
4.881595611572265625e+01
4.843019866943359375e+01
4.804436111450195312e+01
4.765665817260742188e+01
4.726605606079101562e+01
4.687304306030273438e+01
4.647889328002929688e+01
4.608494567871093750e+01
4.569000244140625000e+01
4.529542160034179688e+01
4.490131378173828125e+01
4.450679779052734375e+01
4.411348724365234375e+01
4.372261810302734375e+01
4.333393478393554688e+01
4.294729614257812500e+01
4.256470489501953125e+01
4.218943023681640625e+01
4.182222747802734375e+01
4.146393966674804688e+01
4.111349487304687500e+01
4.076895904541015625e+01
4.043284606933593750e+01
