6.642707824707031250e+01
6.624051666259765625e+01
6.605075073242187500e+01
6.585847473144531250e+01
6.566370391845703125e+01
6.546682739257812500e+01
6.526855468750000000e+01
6.506935119628906250e+01
6.486936187744140625e+01
6.466912841796875000e+01
6.446929168701171875e+01
6.426984405517578125e+01
6.406971740722656250e+01
6.386821746826171875e+01
6.366535186767578125e+01
6.346109008789062500e+01
6.325601196289062500e+01
6.305101776123046875e+01
6.284662628173828125e+01
6.264285659790039062e+01
6.243918609619140625e+01
6.223543167114257812e+01
6.203173065185546875e+01
6.182783126831054688e+01
6.162349700927734375e+01
6.141878509521484375e+01
6.121396255493164062e+01
6.100937271118164062e+01
6.080465316772460938e+01
6.059970474243164062e+01
6.039421463012695312e+01
6.018848037719726562e+01
5.998267745971679688e+01
5.977721405029296875e+01
5.957201766967773438e+01
5.936667633056640625e+01
5.916084671020507812e+01
5.895394134521484375e+01
5.874494171142578125e+01
5.853330230712890625e+01
5.831867599487304688e+01
5.809962081909179688e+01
5.787548065185546875e+01
5.764579772949218750e+01
5.741177749633789062e+01
5.717300415039062500e+01
5.693016815185546875e+01
5.668435287475585938e+01
5.643590927124023438e+01
5.618574523925781250e+01
5.593432617187500000e+01
5.568168258666992188e+01
5.542789459228515625e+01
5.517285537719726562e+01
5.491672515869140625e+01
5.465968322753906250e+01
5.440093994140625000e+01
5.414185333251953125e+01
5.388120269775390625e+01
5.361878585815429688e+01
5.335039138793945312e+01
5.307559585571289062e+01
5.279183578491210938e+01
5.249911880493164062e+01
5.220050811767578125e+01
5.189773178100585938e+01
5.159196472167968750e+01
5.128608703613281250e+01
5.097855758666992188e+01
5.066989898681640625e+01
5.035623550415039062e+01
5.003839111328125000e+01
4.971296691894531250e+01
4.937951660156250000e+01
4.903923034667968750e+01
4.869158554077148438e+01
4.833654785156250000e+01
4.797510528564453125e+01
4.760770416259765625e+01
4.723524856567382812e+01
4.685971069335937500e+01
4.647896194458007812e+01
4.609799194335937500e+01
4.571508026123046875e+01
4.533324050903320312e+01
4.495256423950195312e+01
4.457545089721679688e+01
4.420003509521484375e+01
4.382795333862304688e+01
4.345522689819335938e+01
4.308418273925781250e+01
4.271435928344726562e+01
4.234500885009765625e+01
4.197505569458007812e+01
4.160656356811523438e+01
4.124031448364257812e+01
4.087810516357421875e+01
4.051971435546875000e+01
4.016587829589843750e+01
3.981656265258789062e+01
