6.719898986816406250e+01
6.702520751953125000e+01
6.685141754150390625e+01
6.667761230468750000e+01
6.650381469726562500e+01
6.633000183105468750e+01
6.615619659423828125e+01
6.598241424560546875e+01
6.580867004394531250e+01
6.563495635986328125e+01
6.546134185791015625e+01
6.528782653808593750e+01
6.511450195312500000e+01
6.494136810302734375e+01
6.476847839355468750e+01
6.459579467773437500e+01
6.442332458496093750e+01
6.425103759765625000e+01
6.407890319824218750e+01
6.390692520141601562e+01
6.373519134521484375e+01
6.356357192993164062e+01
6.339205169677734375e+01
6.322053146362304688e+01
6.304931640625000000e+01
6.287852478027343750e+01
6.270760345458984375e+01
6.253684997558593750e+01
6.236564254760742188e+01
6.219361877441406250e+01
6.202005004882812500e+01
6.184414672851562500e+01
6.166507339477539062e+01
6.148152542114257812e+01
6.129315185546875000e+01
6.109817504882812500e+01
6.089648056030273438e+01
6.068766403198242188e+01
6.047322845458984375e+01
6.025349807739257812e+01
6.002870559692382812e+01
5.980243682861328125e+01
5.957601928710937500e+01
5.934827804565429688e+01
5.912093734741210938e+01
5.889512634277343750e+01
5.866908264160156250e+01
5.844205474853515625e+01
5.821568679809570312e+01
5.798877716064453125e+01
5.776187133789062500e+01
5.753313446044921875e+01
5.730246353149414062e+01
5.706977462768554688e+01
5.683578109741210938e+01
5.659705352783203125e+01
5.635141754150390625e+01
5.609642028808593750e+01
5.583133697509765625e+01
5.555416107177734375e+01
5.526736831665039062e+01
5.496878051757812500e+01
5.466150283813476562e+01
5.434676742553710938e+01
5.402628326416015625e+01
5.370069122314453125e+01
5.337168884277343750e+01
5.303955841064453125e+01
5.270513153076171875e+01
5.237226867675781250e+01
5.203825759887695312e+01
5.169965362548828125e+01
5.135650253295898438e+01
5.100937271118164062e+01
5.065825271606445312e+01
5.030073928833007812e+01
4.993645858764648438e+01
4.956990051269531250e+01
4.919505691528320312e+01
4.881424331665039062e+01
4.842601013183593750e+01
4.803353118896484375e+01
4.763684463500976562e+01
4.723660278320312500e+01
4.683250045776367188e+01
4.642752456665039062e+01
4.602103042602539062e+01
4.561163330078125000e+01
4.520242691040039062e+01
4.479444122314453125e+01
4.438639450073242188e+01
4.397521209716796875e+01
4.356328201293945312e+01
4.315140914916992188e+01
4.274191284179687500e+01
4.233132934570312500e+01
4.191900253295898438e+01
4.150691223144531250e+01
4.109265899658203125e+01
4.067394638061523438e+01
