2.291986636708322678e+01
2.350641759495277938e+01
2.408329530686601672e+01
2.464978448999757532e+01
2.520525487507550721e+01
2.574916461409759094e+01
2.628106306353055999e+01
2.680059263457097174e+01
2.730748968328753890e+01
2.780158442527254081e+01
2.828279987164532017e+01
2.875114979570214047e+01
2.920673575200813943e+01
2.964974318209882398e+01
3.008043665300403902e+01
3.049915428633895687e+01
3.090630144653839650e+01
3.130234376676074604e+01
3.168779959988346917e+01
3.206323198970319055e+01
3.242924026378718594e+01
3.278645135429352564e+01
3.313551095637007649e+01
3.347707463539880735e+01
3.381179899431365499e+01
3.414033301048117863e+01
3.446330964819856035e+01
3.478133784778334103e+01
3.509499498557943298e+01
3.540481989108654659e+01
3.571130649797868273e+01
3.601489819516768165e+01
3.631598293248335807e+01
3.661488912318956324e+01
3.691188237266487704e+01
3.720716304938530783e+01
3.750086470110674242e+01
3.779305330610815616e+01
3.808372733677242650e+01
3.837281860089352392e+01
3.866019381513966380e+01
3.894565685527679477e+01
3.922895161926248875e+01
3.950976543230889604e+01
3.978773291762018971e+01
4.006244025282266108e+01
4.033342973018144306e+01
4.060020453855376132e+01
4.086223368663056732e+01
4.111895699031293105e+01
4.136979005193608572e+01
4.161412916536026074e+01
4.185135608850959699e+01
4.208084263354806609e+01
4.230195503430721260e+01
4.251405806056041570e+01
4.271651885900757151e+01
4.290871051111773227e+01
4.309001530799003632e+01
4.325982775186855633e+01
4.341755730262369894e+01
4.356263089514916942e+01
4.369449526000968831e+01
4.381261908462316512e+01
4.391649505563218980e+01
4.400564182480525233e+01
4.407960594074867089e+01
4.413796378689646360e+01
4.418032356270673233e+01
4.420632733981506135e+01
4.421565321820699523e+01
4.420801759944207987e+01
4.418317758481084212e+01
4.414093349626887886e+01
4.408113150736597419e+01
4.400366636045453816e+01
4.390848413555096386e+01
4.379558502565695477e+01
4.366502606345049031e+01
4.351692373534454816e+01
4.335145641128919181e+01
4.316886651263138219e+01
4.296946233609453003e+01
4.275361944969416328e+01
4.252178157633658628e+01
4.227446088305252658e+01
4.201223759835813354e+01
4.173575888710887938e+01
4.144573692135382714e+01
4.114294609699539507e+01
4.082821935933089463e+01
4.050244361557263062e+01
4.016655422893474991e+01
3.982152860650838733e+01
3.946837891157175449e+01
3.910814394979838227e+01
3.874188029763562469e+01
3.837065275949280618e+01
3.799552425789203625e+01
3.761754527696801631e+01
