2.141982816489787922e+01
2.198023740370780033e+01
2.252656302372422559e+01
2.305771727579504216e+01
2.357273534427377371e+01
2.407078582296393421e+01
2.455118002295264645e+01
2.501337996748133463e+01
2.545700494178546336e+01
2.588183648091496281e+01
2.628782169575151428e+01
2.667507485656129518e+01
2.704387717421015225e+01
2.739467474134178460e+01
2.772807461906018389e+01
2.804483907862870495e+01
2.834587803203434930e+01
2.863223970959926135e+01
2.890509966676428277e+01
2.916574822534671085e+01
2.941557647660901509e+01
2.965606099400770290e+01
2.988874742218692404e+01
3.011523312532477448e+01
3.033714909205853871e+01
3.055614130566968001e+01
3.077385179680862848e+01
3.099189960163458224e+01
3.121186185074788355e+01
3.143525521365517150e+01
3.166351791974424756e+01
3.189799256992213827e+01
3.213990994330023199e+01
3.239037399076063650e+01
3.265034819212009864e+01
3.292064343617219180e+01
3.320190756342295657e+01
3.349461669015882137e+01
3.379906840993626815e+01
3.411537694502082019e+01
3.444347029609223654e+01
3.478308941404322496e+01
3.513378939329298589e+01
3.549494266206637150e+01
3.586574412188757321e+01
3.624521816641308192e+01
3.663222748896155423e+01
3.702548356893650094e+01
3.742355870999008260e+01
3.782489948741410757e+01
3.822784144899893022e+01
3.863062490255995129e+01
3.903141161454922781e+01
3.942830223765055564e+01
3.981935428098084628e+01
4.020260043442844733e+01
4.057606705865929086e+01
4.093779265430662662e+01
4.128584612769188311e+01
4.161834467595387821e+01
4.193347112153290368e+01
4.222949053439666045e+01
4.250476599003545886e+01
4.275777332193734281e+01
4.298711473880635481e+01
4.319153118907212985e+01
4.336991336810550024e+01
4.352131127688313228e+01
4.364494225452056497e+01
4.374019742101751973e+01
4.380664648065102540e+01
4.384404085063764001e+01
4.385231509390771976e+01
4.383158664903838542e+01
4.378215386453778990e+01
4.370449235871618043e+01
4.359924974028364630e+01
4.346723873853550657e+01
4.330942880547898710e+01
4.312693626546810322e+01
4.292101310077949705e+01
4.269303447401310336e+01
4.244448510014889564e+01
4.217694459243783456e+01
4.189207191694454480e+01
4.159158910036684631e+01
4.127726434460791438e+01
4.095089470933064746e+01
4.061428853024080610e+01
4.026924774598450085e+01
3.991755031016692357e+01
3.956093286697352340e+01
3.920107386907464786e+01
3.883957731482778541e+01
3.847795727815896072e+01
3.811762339885587636e+01
3.775986749330370884e+01
3.740585143593357742e+01
3.705659644987301959e+01
3.671297393154232225e+01
