2.051262883884118082e+01
2.104768876590157944e+01
2.157091131098524528e+01
2.208151386248808024e+01
2.257883769187054668e+01
2.306235559850076200e+01
2.353167822636358864e+01
2.398655893295562080e+01
2.442689710641014145e+01
2.485273984468763686e+01
2.526428193031859237e+01
2.566186405545515115e+01
2.604596927458523581e+01
2.641721768588361030e+01
2.677635936647374848e+01
2.712426561149025517e+01
2.746191855138911464e+01
2.779039924606197332e+01
2.811087437758180840e+01
2.842458168545231700e+01
2.873281430867504227e+01
2.903690421742978600e+01
2.933820493334467727e+01
2.963807375091385410e+01
2.993785368332823538e+01
3.023885536359818715e+01
3.054233913618130458e+01
3.084949757526070968e+01
3.116143866327275447e+01
3.147916985724029715e+01
3.180358326097244159e+01
3.213544210834064074e+01
3.247536874679229868e+01
3.282383429122803165e+01
3.318115009661421055e+01
3.354746117354118695e+01
3.392274164472769371e+01
3.430679231261174067e+01
3.469924037908188552e+01
3.509954132854763031e+01
3.550698295538867910e+01
3.592069148684017676e+01
3.633963972304341183e+01
3.676265708778372243e+01
3.718844145681266866e+01
3.761557260602204877e+01
3.804252709951781952e+01
3.846769441816670820e+01
3.888939411278609271e+01
3.930589375305618915e+01
3.971542743366708805e+01
4.011621459330063999e+01
4.050647889986606742e+01
4.088446695697133038e+01
4.124846659185906361e+01
4.159682449385564951e+01
4.192796298458765136e+01
4.224039571657537806e+01
4.253274211503340752e+01
4.280374039844276979e+01
4.305225903634181606e+01
4.327730652739015937e+01
4.347803940666021560e+01
4.365376841784471651e+01
4.380396281317797502e+01
4.392825277088680025e+01
4.402642994646455321e+01
4.409844619956692924e+01
4.414441056245098594e+01
4.416458453825129027e+01
4.415937583767381369e+01
4.412933068061114739e+01
4.407512480450290582e+01
4.399755333381322941e+01
4.389751967464751914e+01
4.377602360522928393e+01
4.363414873669963612e+01
4.347304951954590990e+01
4.329393796901939595e+01
4.309807027833469562e+01
4.288673348145113096e+01
4.266123231807951299e+01
4.242287644250979639e+01
4.217296810522625350e+01
4.191279042239224850e+01
4.164359633348919942e+01
4.136659833200994285e+01
4.108295903849000297e+01
4.079378266960890187e+01
4.050010744193343726e+01
4.020289893436150663e+01
3.990304441971574079e+01
3.960134816343274622e+01
3.929852767606515584e+01
3.899521089648708028e+01
3.869193427434978361e+01
3.838914171351337501e+01
3.808718433287739202e+01
3.778632099720552873e+01
3.748671956810409256e+01
