2.210541477275888056e+01
2.257271864605202083e+01
2.302834082361463430e+01
2.347202764158431521e+01
2.390363685646693170e+01
2.432313934610403550e+01
2.473061963834286203e+01
2.512627523122514717e+01
2.551041468265161427e+01
2.588345446235606317e+01
2.624591457443896303e+01
2.659841297445245800e+01
2.694165882086270614e+01
2.727644461640846174e+01
2.760363731018117406e+01
2.792416844592798597e+01
2.823902345588395235e+01
2.854923021214079526e+01
2.885584695893657781e+01
2.915994975909952913e+01
2.946261959601913816e+01
2.976492927879097294e+01
3.006793030246134890e+01
3.037263981748765573e+01
3.068002786256875325e+01
3.099100501286327258e+01
3.130641059131324155e+01
3.162700158437753117e+01
3.195344239504325401e+01
3.228629555564494780e+01
3.262601351094352964e+01
3.297293156828649074e+01
3.332726209670771311e+01
3.368909004076985525e+01
3.405836979806811371e+01
3.443492349187297918e+01
3.481844065267747368e+01
3.520847930471705212e+01
3.560446843612971435e+01
3.600571181459581993e+01
3.641139309430302262e+01
3.682058214515712535e+01
3.723224252152855485e+01
3.764523997566956837e+01
3.805835191041401799e+01
3.847027765701000845e+01
3.887964945700781527e+01
3.928504402209326685e+01
3.968499454261775128e+01
4.007800301431208112e+01
4.046255275321713896e+01
4.083712097112264416e+01
4.120019128765755312e+01
4.155026606046418891e+01
4.188587842144685425e+01
4.220560391472338324e+01
4.250807164042193875e+01
4.279197481765626776e+01
4.305608068966139257e+01
4.329923970398603927e+01
4.352039391061391882e+01
4.371858453074734996e+01
4.389295865856487922e+01
4.404277506742027271e+01
4.416740910056037706e+01
4.426635663440939794e+01
4.433923710973352428e+01
4.438579563251528981e+01
4.440590415212628983e+01
4.439956172939473333e+01
4.436689391146504136e+01
4.430815123398880218e+01
4.422370687426062119e+01
4.411405348149381922e+01
4.397979921263787162e+01
4.382166300407227055e+01
4.364046911128789219e+01
4.343714095039467793e+01
4.321269427708394772e+01
4.296822974061504397e+01
4.270492485257576476e+01
4.242402541264875993e+01
4.212683643644700027e+01
4.181471263368725033e+01
4.148904848855119809e+01
4.115126799802179391e+01
4.080281412822466791e+01
4.044513805329217604e+01
4.007968824590261647e+01
3.970789949332391444e+01
3.933118191738115854e+01
3.895091008113165287e+01
3.856841226901637043e+01
3.818496003071075506e+01
3.780175808165716234e+01
3.741993465517526118e+01
3.704053240196711272e+01
3.666449993262084206e+01
3.629268409725891331e+01
3.592582309367048765e+01
