1.852721068064937882e+01
1.911534693756960479e+01
1.969415291985503913e+01
2.026228757311397999e+01
2.081850850163106159e+01
2.136168582763281520e+01
2.189081514640594150e+01
2.240502938281140999e+01
2.290360936343605047e+01
2.338599293041134430e+01
2.385178243771346018e+01
2.430075048838298457e+01
2.473284379136441657e+01
2.514818503930320759e+01
2.554707273335071349e+01
2.592997890746281797e+01
2.629754473245448310e+01
2.665057400877123328e+01
2.699002458612263666e+01
2.731699777733410528e+01
2.763272586254841201e+01
2.793855780778821796e+01
2.823594334841514097e+01
2.852641561275793691e+01
2.881157248371857804e+01
2.909305691612190614e+01
2.937253644461310387e+01
2.965168213073683390e+01
2.993214720820772001e+01
3.021554569212510799e+01
3.050343122086377434e+01
3.079727639852738363e+01
3.109845290118285277e+01
3.140821260165864359e+01
3.172766995561878645e+01
3.205778587609547259e+01
3.239935330491739762e+01
3.275298466779959483e+01
3.311910137559664236e+01
3.349792550774625255e+01
3.388947378564647295e+01
3.429355391405840692e+01
3.470976333805402447e+01
3.513749043200070332e+01
3.557591810605191540e+01
3.602402978505383402e+01
3.648061768512403802e+01
3.694429328482930686e+01
3.741349986127897154e+01
3.788652693691244622e+01
3.836152646061524507e+01
3.883653052731158795e+01
3.930947042358604193e+01
3.977819677334308324e+01
4.024050054714935243e+01
4.069413469177798248e+01
4.113683613260459992e+01
4.156634790084819286e+01
4.198044114012142103e+01
4.237693675221967027e+01
4.275372645036213015e+01
4.310879299898699912e+01
4.344022943246196178e+01
4.374625706041981488e+01
4.402524208459325905e+01
4.427571067069447253e+01
4.449636233875840929e+01
4.468608155613844701e+01
4.484394743870779365e+01
4.496924148747894634e+01
4.506145330954807093e+01
4.512028429372072935e+01
4.514564923216995851e+01
4.513767589979057249e+01
4.509670262237192162e+01
4.502327388316604839e+01
4.491813403474234434e+01
4.478221919911550231e+01
4.461664745392518938e+01
4.442270741589670280e+01
4.420184534490053352e+01
4.395565090264461361e+01
4.368584170939270450e+01
4.339424685012878058e+01
4.308278948830843547e+01
4.275346875079456055e+01
4.240834105180115898e+01
4.204950102670014900e+01
4.167906224841858887e+01
4.129913789988214745e+01
4.091182157557603460e+01
4.051916838378978980e+01
4.012317651850023026e+01
3.972576946611093263e+01
3.932877900739335075e+01
3.893392916894691780e+01
3.854282127128749380e+01
3.815692021226323050e+01
3.777754211487305724e+01
3.740584345770360386e+01
