1.921852710494828997e+01
1.983089254572526272e+01
2.043274145269604603e+01
2.102241802991426667e+01
2.159835486459675735e+01
2.215909023703970604e+01
2.270328482179519014e+01
2.322973753954717324e+01
2.373740032155743052e+01
2.422539155486611051e+01
2.469300798667177688e+01
2.513973488044638671e+01
2.556525423425346943e+01
2.596945089325134859e+01
2.635241641322127748e+01
2.671445055983366501e+01
2.705606035886547289e+01
2.737795664525678418e+01
2.768104809323802229e+01
2.796643274523436062e+01
2.823538709327405627e+01
2.848935280260441871e+01
2.872992120253439907e+01
2.895881570358175239e+01
2.917787233220350629e+01
2.938901860417248457e+01
2.959425098449947100e+01
2.979561120520806128e+01
2.999516173182998813e+01
3.019496068483891804e+01
3.039703653310690257e+01
3.060336288263452786e+01
3.081583368516379551e+01
3.103623918778462354e+01
3.126624293634990082e+01
3.150736013254717705e+01
3.176093762705556500e+01
3.202813580963520934e+01
3.230991263161244120e+01
3.260700996746584224e+01
3.291994249056050137e+01
3.324898920404691438e+01
3.359418773209155518e+01
3.395533143952128796e+01
3.433196941023367543e+01
3.472340927694430945e+01
3.512872285759480917e+01
3.554675451758985361e+01
3.597613214250633007e+01
3.641528057350723202e+01
3.686243732785062832e+01
3.731567039999195146e+01
3.777289791517291206e+01
3.823190938733623767e+01
3.869038831690217961e+01
3.914593585152347543e+01
3.959609522446303487e+01
4.003837668071196987e+01
4.047028260031838443e+01
4.088933253150370462e+01
4.129308785282602656e+01
4.167917579367701819e+01
4.204531255550311641e+01
4.238932529201817090e+01
4.270917272498853379e+01
4.300296419257591651e+01
4.326897694935089334e+01
4.350567156057903162e+01
4.371170525786236993e+01
4.388594314834158183e+01
4.402746719509112694e+01
4.413558291174527426e+01
4.420982373949623678e+01
4.424995309913030894e+01
4.425596413448725741e+01
4.422807718643731079e+01
4.416673505799729327e+01
4.407259615141769871e+01
4.394652557685186167e+01
4.378958434949217349e+01
4.360301680776522915e+01
4.338823639928736497e+01
4.314680999377762305e+01
4.288044089300584005e+01
4.259095071712437885e+01
4.228026035441899921e+01
4.195037016762074700e+01
4.160333965448426596e+01
4.124126676335959729e+01
4.086626706598960368e+01
4.048045298975515038e+01
4.008591331006902436e+01
3.968469310058868871e+01
3.927877433436169241e+01
3.887005732293702209e+01
3.846034317285567283e+01
3.805131742976362830e+01
3.764453506968354191e+01
3.724140698473054556e+01
3.684318809679762552e+01
