2.076145028306267903e+01
2.121801150020515792e+01
2.166078478491455428e+01
2.208924105306952157e+01
2.250297488863163409e+01
2.290170984970838219e+01
2.328530257517700974e+01
2.365374561281839050e+01
2.400716890345915999e+01
2.434583987042565312e+01
2.467016207949147599e+01
2.498067245124396507e+01
2.527803702517969597e+01
2.556304529262448000e+01
2.583660313350481985e+01
2.609972440981961483e+01
2.635352128610539424e+01
2.659919336399838841e+01
2.683801573391396644e+01
2.707132606164341482e+01
2.730051084108176696e+01
2.752699095613323621e+01
2.775220670490746855e+01
2.797760244745742853e+01
2.820461104438309263e+01
2.843463825753814689e+01
2.866904728575672223e+01
2.890914360793728122e+01
2.915616030297989525e+01
2.941124401101606978e+01
2.967544169316547453e+01
2.994968833781613782e+01
3.023479575028794031e+01
3.053144254987724437e+01
3.084016548388583345e+01
3.116135215252867852e+01
3.149523522182743562e+01
3.184188818398246212e+01
3.220122270653182994e+01
3.257298759311979097e+01
3.295676936017022740e+01
3.335199441545758248e+01
3.375793280673436669e+01
3.417370349145528508e+01
3.459828106244596313e+01
3.503050384930787686e+01
3.546908330159907052e+01
3.591261454753617244e+01
3.635958801125002537e+01
3.680840196258137809e+01
3.725737586609319862e+01
3.770476439042967343e+01
3.814877193536919719e+01
3.858756753188059463e+01
3.901929997013251494e+01
3.944211301166266281e+01
3.985416054467160052e+01
4.025362154555894989e+01
4.063871471522566026e+01
4.100771266518608371e+01
4.135895553600732200e+01
4.169086393887131692e+01
4.200195111997210518e+01
4.229083425686583553e+01
4.255624480563710677e+01
4.279703782768707043e+01
4.301220023496834699e+01
4.320085790246817226e+01
4.336228160658298947e+01
4.349589175765434135e+01
4.360126190428280779e+01
4.367812099606474163e+01
4.372635440007414331e+01
4.374600367473042439e+01
4.373726511265795835e+01
4.370048707176776759e+01
4.363616612110487836e+01
4.354494203504186345e+01
4.342759167619511373e+01
4.328502181404012816e+01
4.311826093264113524e+01
4.292845008722424183e+01
4.271683287553687336e+01
4.248474459606898535e+01
4.223360067126191808e+01
4.196488441979249728e+01
4.168013426786476572e+01
4.138093049512265509e+01
4.106888161626346800e+01
4.074561050459303857e+01
4.041274036854225216e+01
4.007188069644475092e+01
3.972461328854474516e+01
3.937247849813726219e+01
3.901696180580919560e+01
3.865948085181683069e+01
3.830137305157902006e+01
3.794388391795851589e+01
3.758815621134343843e+01
3.723522003442965911e+01
