1.900830194728968792e+01
1.968728130250875097e+01
2.036152587133067016e+01
2.102937641842578032e+01
2.168922494259601663e+01
2.233953052956006147e+01
2.297883490077423119e+01
2.360577743876476475e+01
2.421910946759724581e+01
2.481770756881101647e+01
2.540058571855194103e+01
2.596690604081416964e+01
2.651598798466345386e+01
2.704731574999292931e+01
2.756054380661569070e+01
2.805550037511141781e+01
2.853218876452424269e+01
2.899078649139329755e+01
2.943164213625828651e+01
2.985526992722703099e+01
3.026234207487954464e+01
3.065367891812785928e+01
3.103023697603408593e+01
3.139309503537146995e+01
3.174343843724719605e+01
3.208254175775189054e+01
3.241175010672889556e+01
3.273245929478337501e+01
3.304609514102234868e+01
3.335409221224645648e+01
3.365787229798365132e+01
3.395882293451760603e+01
3.425827629467496394e+01
3.455748875842827772e+01
3.485762147229994667e+01
3.515972219315155911e+01
3.546470869437227691e+01
3.577335398998965132e+01
3.608627360516695148e+01
3.640391509037533524e+01
3.672654994176187415e+01
3.705426805248556832e+01
3.738697477973816063e+01
3.772439067051428196e+01
3.806605384671913583e+01
3.841132500766449454e+01
3.875939496619773905e+01
3.910929459440197320e+01
3.945990701673704848e+01
3.980998185337032425e+01
4.015815128490487496e+01
4.050294768233038667e+01
4.084282252327982832e+01
4.117616629797223027e+01
4.150132909584554852e+01
4.181664155702342356e+01
4.212043587148647106e+01
4.241106651309166864e+01
4.268693040526027715e+01
4.294648622996717080e+01
4.318827261126607198e+01
4.341092492851795726e+01
4.361319054222316538e+01
4.379394224629128018e+01
4.395218979405515825e+01
4.408708938064884109e+01
4.419795100079702621e+01
4.428424363787345186e+01
4.434559827654877040e+01
4.438180876675991016e+01
4.439283060043161555e+01
4.437877769374490811e+01
4.433991729623996747e+01
4.427666317318113443e+01
4.418956722902039047e+01
4.407930975717813737e+01
4.394668851452137659e+01
4.379260682776614289e+01
4.361806094356390417e+01
4.342412683435748733e+01
4.321194666840155207e+01
4.298271514491430878e+01
4.273766588451842807e+01
4.247805805135440949e+01
4.220516336699113680e+01
4.192025365801157477e+01
4.162458905947324439e+01
4.131940697586144040e+01
4.100591188022556821e+01
4.068526601143226884e+01
4.035858100938386883e+01
4.002691050908318005e+01
3.969124369697676968e+01
3.935249981741245051e+01
3.901152360356621074e+01
3.866908159602318307e+01
3.832585930344467329e+01
3.798245915346188895e+01
3.763939917805686974e+01
3.729711237612218611e+01
