1.967285854279517565e+01
2.021483302395924753e+01
2.074779896427013881e+01
2.127106976457924858e+01
2.178407017550770775e+01
2.228634255329382086e+01
2.277755184187005000e+01
2.325748918116766362e+01
2.372607405745936404e+01
2.418335492911774764e+01
2.462950828027111072e+01
2.506483607522753232e+01
2.548976160793582224e+01
2.590482376285077493e+01
2.631066972604723375e+01
2.670804620793916939e+01
2.709778926115415487e+01
2.748081279863654203e+01
2.785809593754173008e+01
2.823066931359916865e+01
2.859960052801991282e+01
2.896597890439743139e+01
2.933089974610264150e+01
2.969544829515300322e+01
3.006068360121534866e+01
3.042762251410769636e+01
3.079722401475810045e+01
3.117037409798056657e+01
3.154787141559969754e+01
3.193041388042490070e+01
3.231858642041398610e+01
3.271285005820630687e+01
3.311353247423178203e+01
3.352082019204854646e+01
3.393475250271234955e+01
3.435521722116036614e+01
3.478194834216942155e+01
3.521452563681745573e+01
3.565237620296583287e+01
3.609477795552960799e+01
3.654086501466506576e+01
3.698963492293966482e+01
3.743995759650263722e+01
3.789058589068658023e+01
3.834016763775097303e+01
3.878725899400917854e+01
3.923033891570963050e+01
3.966782456806020463e+01
4.009808745994710932e+01
4.051947008839109543e+01
4.093030287173371562e+01
4.132892114902730185e+01
4.171368202510331713e+01
4.208298084626382263e+01
4.243526710033771110e+01
4.276905954678631616e+01
4.308296039737401628e+01
4.337566838534354474e+01
4.364599058069566695e+01
4.389285283068186772e+01
4.411530872756134158e+01
4.431254702958946723e+01
4.448389748565715962e+01
4.462883503850837030e+01
4.474698240558468143e+01
4.483811105983266287e+01
4.490214065485502459e+01
4.493913695920019080e+01
4.494930838304021137e+01
4.493300119668389669e+01
4.489069355408143736e+01
4.482298844552613559e+01
4.473060571202965008e+01
4.461437325929772157e+01
4.447521761187778822e+01
4.431415394796973573e+01
4.413227575272748737e+01
4.393074422282447244e+01
4.371077754786394109e+01
4.347364018516672246e+01
4.322063223389528019e+01
4.295307900272204904e+01
4.267232085268429387e+01
4.237970338387315650e+01
4.207656802153755393e+01
4.176424304441157176e+01
4.144403508593219243e+01
4.111722112779996507e+01
4.078504099532494109e+01
4.044869035540580882e+01
4.010931421098635496e+01
3.976800088053401794e+01
3.942577644754749855e+01
3.908359966332564284e+01
3.874235728616256580e+01
3.840285984165696931e+01
3.806583779178554749e+01
3.773193810457094344e+01
3.740172122134291754e+01
3.707565842445738014e+01
