2.205830910527844679e+01
2.261165763994337041e+01
2.315103215601693520e+01
2.367555631042618458e+01
2.418448250670513033e+01
2.467719978127771796e+01
2.515324033419653560e+01
2.561228458861627288e+01
2.605416467985849494e+01
2.647886629345188680e+01
2.688652879176801136e+01
2.727744359054483780e+01
2.765205076938324069e+01
2.801093392388658287e+01
2.835481329112308657e+01
2.868453720415909913e+01
2.900107195514844705e+01
2.930549016948529228e+01
2.959895781545568738e+01
2.988271999428415882e+01
3.015808567411860253e+01
3.042641154800448788e+01
3.068908520997652900e+01
3.094750785478754551e+01
3.120307671529330662e+01
3.145716745695163397e+01
3.171111675116592821e+01
3.196620524824835741e+01
3.222364116659251465e+01
3.248454470728410115e+01
3.274993349294462774e+01
3.302070921625994515e+01
3.329764566760157862e+01
3.358137829265669438e+01
3.387239541034217893e+01
3.417103119882069251e+01
3.447746053351846029e+01
3.479169573605742016e+01
3.511358526734678520e+01
3.544281437214512209e+01
3.577890765660387018e+01
3.612123355503904776e+01
3.646901061782999420e+01
3.682131552927742746e+01
3.717709274279913245e+01
3.753516560130531587e+01
3.789424879323212281e+01
3.825296197975055179e+01
3.860984441627483932e+01
3.896337038170155154e+01
3.931196522189632958e+01
3.965402180983716818e+01
3.998791722350532041e+01
4.031202944402588173e+01
4.062475388058656023e+01
4.092451953517004881e+01
4.120980462892822516e+01
4.147915152290477181e+01
4.173118077853100516e+01
4.196460421762562731e+01
4.217823685724558658e+01
4.237100761138962213e+01
4.254196866895700424e+01
4.269030347523575131e+01
4.281533326226513481e+01
4.291652209142102947e+01
4.299348038926995486e+01
4.304596697490227086e+01
4.307388959338548062e+01
4.307730398549912110e+01
4.305641153837360946e+01
4.301155557493581938e+01
4.294321635206681265e+01
4.285200484803971221e+01
4.273865542908495740e+01
4.260401749280840988e+01
4.244904619267901325e+01
4.227479235292465631e+01
4.208239168698290911e+01
4.187305343519755496e+01
4.164804853881384616e+01
4.140869746757634573e+01
4.115635781747027266e+01
4.089241179344933386e+01
4.061825368946212933e+01
4.033527747480525250e+01
4.004486459188473901e+01
3.974837206593845451e+01
3.944712102223117256e+01
3.914238570075245605e+01
3.883538305257826551e+01
3.852726299585643943e+01
3.821909940288202279e+01
3.791188188298022510e+01
3.760650841893951934e+01
3.730377890756065540e+01
3.700438964753003290e+01
3.670892881030189159e+01
3.641787292200689308e+01
3.613158437660390376e+01
