2.173141598461792157e+01
2.225771932561012179e+01
2.276849943465257908e+01
2.326299849189295443e+01
2.374060935585701415e+01
2.420088286293382041e+01
2.464353347554342477e+01
2.506844316700245301e+01
2.547566345248556985e+01
2.586541549878635848e+01
2.623808827047744430e+01
2.659423469619138203e+01
2.693456586568807154e+01
2.725994329572851171e+01
2.757136933009190827e+01
2.786997576591745940e+01
2.815701082447128911e+01
2.843382460900344100e+01
2.870185321514411925e+01
2.896260167990347867e+01
2.921762597341968615e+01
2.946851425282722658e+01
2.971686760971427432e+01
2.996428055138289182e+01
3.021232146135322338e+01
3.046251328615392140e+01
3.071631469337827269e+01
3.097510194027395869e+01
3.124015168286296174e+01
3.151262494290268634e+01
3.179355243410513054e+01
3.208382143019345278e+01
3.238416433590546717e+01
3.269514909831102045e+01
3.301717157019057680e+01
3.335044991015185900e+01
3.369502107608884245e+01
3.405073943997519592e+01
3.441727752329448720e+01
3.479412882410997554e+01
3.518061267931190628e+01
3.557588107937436206e+01
3.597892732841319940e+01
3.638859641981043325e+01
3.680359697748611580e+01
3.722251459532206042e+01
3.764382639248900375e+01
3.806591659066411637e+01
3.848709291045522463e+01
3.890560357881109610e+01
3.931965473679429834e+01
3.972742803774963960e+01
4.012709822950044014e+01
4.051685052058489589e+01
4.089489753948853945e+01
4.125949570709138925e+01
4.160896085585087434e+01
4.194168294427817045e+01
4.225613973171279980e+01
4.255090929593124116e+01
4.282468129439926940e+01
4.307626688866913867e+01
4.330460727020709299e+01
4.350878074451641453e+01
4.368800834851004566e+01
4.384165799343968217e+01
4.396924714207387552e+01
4.407044404405996829e+01
4.414506756734175497e+01
4.419308567603374627e+01
4.421461261618829042e+01
4.420990488040418853e+01
4.417935603020155355e+01
4.412349046156641208e+01
4.404295620409953216e+01
4.393851684787701828e+01
4.381104269455008904e+01
4.366150123049825282e+01
4.349094702014204472e+01
4.330051111695892274e+01
4.309139008847192542e+01
4.286483474964004614e+01
4.262213869680519451e+01
4.236462673176909277e+01
4.209364326279566626e+01
4.181054076645366990e+01
4.151666839130736264e+01
4.121336078158250160e+01
4.090192719612094407e+01
4.058364099519036472e+01
4.025972956504454459e+01
3.993136474749309173e+01
3.959965383910157044e+01
3.926563122194498590e+01
3.893025068500472941e+01
3.859437849225968620e+01
3.825878725018836235e+01
3.792415062369143186e+01
3.759103894527937939e+01
3.725991575767663733e+01
