1.923021018154839723e+01
1.976476865919641313e+01
2.029565425838107373e+01
2.082209076429997552e+01
2.134334629159803853e+01
2.185874067126758646e+01
2.236765253935713815e+01
2.286952601578794741e+01
2.336387686134180797e+01
2.385029800256398858e+01
2.432846431800006215e+01
2.479813658489959849e+01
2.525916449327667124e+01
2.571148864397873623e+01
2.615514145910357513e+01
2.659024694659041899e+01
2.701701927593743591e+01
2.743576013854726980e+01
2.784685488393866493e+01
2.825076744169889764e+01
2.864803405828079619e+01
2.903925589723615985e+01
2.942509057086781254e+01
2.980624269021190642e+01
3.018345353836397749e+01
3.055748998906519986e+01
3.092913280782272878e+01
3.129916448631234971e+01
3.166835677209666144e+01
3.203745806451947686e+01
3.240718085377641700e+01
3.277818938343079935e+01
3.315108771692063527e+01
3.352640838580986582e+01
3.390460179167308041e+01
3.428602652461515277e+01
3.467094074963317496e+01
3.505949479750414355e+01
3.545172507986052324e+01
3.584754942888816487e+01
3.624676394098188581e+01
3.664904138110676257e+01
3.705393118094595906e+01
3.746086103961433622e+01
3.786914011123133861e+01
3.827796373944185149e+01
3.868641967550342997e+01
3.909349569426962745e+01
3.949808850170459351e+01
3.989901380885331861e+01
4.029501743080008680e+01
4.068478725536954954e+01
4.106696591538964469e+01
4.144016399041607457e+01
4.180297355901226553e+01
4.215398192103205588e+01
4.249178531081550858e+01
4.281500242669748246e+01
4.312228760956041640e+01
4.341234351312542117e+01
4.368393312098361037e+01
4.393589097969495327e+01
4.416713353326869651e+01
4.437666846159415002e+01
4.456360294350243834e+01
4.472715078370163155e+01
4.486663836142259498e+01
4.498150937685160500e+01
4.507132838892737681e+01
4.513578315452130596e+01
4.517468579409189999e+01
4.518797282236703694e+01
4.517570409426939193e+01
4.513806072602299935e+01
4.507534205908795144e+01
4.498796174025585515e+01
4.487644299493734934e+01
4.474141317249335259e+01
4.458359764254357316e+01
4.440381311973825262e+01
4.420296049171532360e+01
4.398201722116598944e+01
4.374202938835981058e+01
4.348410343543152123e+01
4.320939766849870978e+01
4.291911356852877191e+01
4.261448695707808554e+01
4.229677905880334521e+01
4.196726749920285471e+01
4.162723727352668135e+01
4.127797172131555214e+01
4.092074354063782948e+01
4.055680587680656402e+01
4.018738352211975240e+01
3.981366426588772356e+01
3.943679043754698199e+01
3.905785068982601160e+01
3.867787207351098289e+01
3.829781246010571039e+01
3.791855337333352338e+01
