1.728338867096803355e+01
1.787994932749118604e+01
1.847017823268204850e+01
1.905253254493724313e+01
1.962552367902015504e+01
2.018773213252307386e+01
2.073782207761148300e+01
2.127455553232166352e+01
2.179680592326146282e+01
2.230357085173472242e+01
2.279398387818320870e+01
2.326732514549079056e+01
2.372303067014889066e+01
2.416070014152844792e+01
2.458010308347757444e+01
2.498118324906011622e+01
2.536406113830943099e+01
2.572903455019515917e+01
2.607657710334106227e+01
2.640733468509864323e+01
2.672211981505232359e+01
2.702190393654088396e+01
2.730780767794167119e+01
2.758108915386232951e+01
2.784313040459139543e+01
2.809542209973391991e+01
2.833954665845886467e+01
2.857715996377446999e+01
2.880997187130403603e+01
2.903972573375009247e+01
2.926817718024123849e+01
2.949707240470651826e+01
2.972812622902866764e+01
2.996300021473374642e+01
3.020328110119302423e+01
3.045045984860679411e+01
3.070591156033184888e+01
3.097087655140566653e+01
3.124644281845825944e+01
3.153353015071817822e+01
3.183287610269944423e+01
3.214502402664828651e+01
3.247031333724830660e+01
3.280887215278752933e+01
3.316061242639614903e+01
3.352522764851963188e+01
3.390219316798456362e+01
3.429076914435445644e+01
3.469000610928492989e+01
3.509875307980665582e+01
3.551566813241715437e+01
3.593923131406981497e+01
3.636775973510015092e+01
3.679942466030098558e+01
3.723227038816167322e+01
3.766423468512077477e+01
3.809317052186028718e+01
3.851686884247303766e+01
3.893308208497253275e+01
3.933954816322815162e+01
3.973401461608096952e+01
4.011426262913991536e+01
4.047813063851936022e+01
4.082353723344567697e+01
4.114850308605370799e+01
4.145117165158781347e+01
4.172982840033210294e+01
4.198291836360048279e+01
4.220906179965974303e+01
4.240706781114440105e+01
4.257594577294791804e+01
4.271491445830857714e+01
4.282340878042759869e+01
4.290108409702681769e+01
4.294781805536285191e+01
4.296370998494690951e+01
4.294907787420947187e+01
4.290445299522269806e+01
4.283057226704055864e+01
4.272836847293683604e+01
4.259895846956817422e+01
4.244362954664422460e+01
4.226382411387765359e+01
4.206112290767752881e+01
4.183722692314758262e+01
4.159393828739164434e+01
4.133314029789838173e+01
4.105677685487914630e+01
4.076683151891364076e+01
4.046530642518100507e+01
4.015420128301589386e+01
3.983549268463910664e+01
3.951111393980341546e+01
3.918293564390840800e+01
3.885274717603493855e+01
3.852223931048843752e+01
3.819298811099789503e+01
3.786644026086624848e+01
3.754389996529105389e+01
3.722651754394772894e+01
