2.171265787033689421e+01
2.221060596864513670e+01
2.269518417462602500e+01
2.316567180349388622e+01
2.362146590209394503e+01
2.406208915191028552e+01
2.448719669655394071e+01
2.489658176854200988e+01
2.529018000071389949e+01
2.566807232034599195e+01
2.603048633880784379e+01
2.637779616630122348e+01
2.671052059964146252e+01
2.702931965094726863e+01
2.733498940623040596e+01
2.762845522492030170e+01
2.791076331399094457e+01
2.818307073323050460e+01
2.844663391093976301e+01
2.870279577159241668e+01
2.895297159835780576e+01
2.919863377350725386e+01
2.944129555823796807e+01
2.968249409001457551e+01
2.992377278983731870e+01
3.016666338361624966e+01
3.041266775082669227e+01
3.066323981964424306e+01
3.091976773066632589e+01
3.118355649102543836e+01
3.145581133715270994e+01
3.173762201767592117e+01
3.202994819801213566e+01
3.233360617527205250e+01
3.264925707631795859e+01
3.297739669344937852e+01
3.331834709150649587e+01
3.367225009751633280e+01
3.403906275970938822e+01
3.441855483720171094e+01
3.481030835527328549e+01
3.521371923440150198e+01
3.562800097445319381e+01
3.605219034912833820e+01
3.648515504028554091e+01
3.692560311756469105e+01
3.737209424611522479e+01
3.782305248457017655e+01
3.827678051697159134e+01
3.873147514639519073e+01
3.918524386473718124e+01
3.963612230266678438e+01
4.008209235619519717e+01
4.052110078171109109e+01
4.095107804966485787e+01
4.136995724827698240e+01
4.177569283258688415e+01
4.216627902068141509e+01
4.253976764784401610e+01
4.289428530040615328e+01
4.322804956400273113e+01
4.353938423543375791e+01
4.382673336312672063e+01
4.408867399795723685e+01
4.432392755362039338e+01
4.453136969354657282e+01
4.471003867923505481e+01
4.485914213257465377e+01
4.497806218198362416e+01
4.506635897882360098e+01
4.512377258634213462e+01
4.515022325822807403e+01
4.514581013761898731e+01
4.511080841999812918e+01
4.504566503483334117e+01
4.495099291102309280e+01
4.482756390026167281e+01
4.467630044035691128e+01
4.449826604741031844e+01
4.429465473168144030e+01
4.406677943701070888e+01
4.381605960797128319e+01
4.354400799256231380e+01
4.325221679134707387e+01
4.294234326656492584e+01
4.261609492698212875e+01
4.227521440614786030e+01
4.192146415332016574e+01
4.155661105763966390e+01
4.118241112713609908e+01
4.080059434482260627e+01
4.041284982440169671e+01
4.002081138790457970e+01
3.962604368679862432e+01
3.923002898663615667e+01
3.883415473304788179e+01
3.843970201369132411e+01
3.804783502653111071e+01
3.765959165943797160e+01
3.727587527945528478e+01
