2.038754372656104152e+01
2.094033128165876434e+01
2.147588409754910899e+01
2.199283358006864830e+01
2.248996361450773307e+01
2.296622529054945971e+01
2.342075011648946159e+01
2.385286151044013536e+01
2.426208437438920029e+01
2.464815257871595833e+01
2.501101420979474810e+01
2.535083446129906548e+01
2.566799608035524471e+01
2.596309731232549467e+01
2.623694732221245118e+01
2.649055910592477403e+01
2.672513994034238394e+01
2.694207945667405824e+01
2.714293545639444716e+01
2.732941762248833584e+01
2.750336931021789511e+01
2.766674763061287479e+01
2.782160206583843376e+01
2.797005187805303095e+01
2.811426259191884469e+01
2.825642184523004374e+01
2.839871491191409802e+01
2.854330020675813628e+01
2.869228508152079371e+01
2.884770221759954367e+01
2.901148691122422107e+01
2.918545553339971121e+01
2.937128542878876303e+01
2.957049649573508532e+01
2.978443466408967311e+01
3.001425745888542451e+01
3.026092180673265730e+01
3.052517420864940689e+01
3.080754336849171793e+01
3.110833533083133062e+01
3.142763114666315261e+01
3.176528705033195266e+01
3.212093709714174139e+01
3.249399817882376595e+01
3.288367730390729093e+01
3.328898100253744019e+01
3.370872669082001494e+01
3.414155580868687423e+01
3.458594852782555762e+01
3.504023981259002340e+01
3.550263660710594849e+01
3.597123591601999948e+01
3.644404354445936178e+01
3.691899326462340980e+01
3.739396618181307019e+01
3.786681008133571424e+01
3.833535854927097830e+01
3.879744967416156953e+01
3.925094415288124594e+01
3.969374264178212286e+01
4.012380221327312313e+01
4.053915179776454636e+01
4.093790651096648503e+01
4.131828078642303126e+01
4.167860025247747302e+01
4.201731231123633137e+01
4.233299539419864033e+01
4.262436688478491931e+01
4.289028971181348737e+01
4.312977762989759611e+01
4.334199921268483280e+01
4.352628059281759931e+01
4.368210698850835882e+01
4.380912306079881091e+01
4.390713214807258424e+01
4.397609442542517399e+01
4.401612403630787895e+01
4.402748524274128528e+01
4.401058763862884149e+01
4.396598046861345921e+01
4.389434609281097721e+01
4.379649263593068298e+01
4.367334585802402813e+01
4.352594028364527645e+01
4.335540962675705856e+01
4.316297655044019166e+01
4.294994180346703416e+01
4.271767278012633540e+01
4.246759155532698315e+01
4.220116245388862097e+01
4.191987922091033170e+01
4.162525186900725771e+01
4.131879328777126403e+01
4.100200571075994560e+01
4.067636714531895592e+01
4.034331788023992260e+01
4.000424719528383122e+01
3.966048040456883683e+01
3.931326637237233967e+01
3.896376564466199000e+01
