1.919586088949355940e+01
1.975678663259438039e+01
2.030991289652607534e+01
2.085431057540927924e+01
2.138913941947526709e+01
2.191365669230435742e+01
2.242722494840117520e+01
2.292931880790473542e+01
2.341953061430845651e+01
2.389757487214000164e+01
2.436329137452405647e+01
2.481664694528980419e+01
2.525773573661522420e+01
2.568677804092403250e+01
2.610411759462768444e+01
2.651021737107760501e+01
2.690565388046842088e+01
2.729111001511297374e+01
2.766736649916524726e+01
2.803529202217718108e+01
2.839583215549860284e+01
2.874999716914505044e+01
2.909884888403738046e+01
2.944348671016449259e+01
2.978503303494440146e+01
3.012461813761256479e+01
3.046336481461961299e+01
3.080237290759652780e+01
3.114270392929469367e+01
3.148536598393990360e+01
3.183129917659790564e+01
3.218136170144156694e+01
3.253631679127933296e+01
3.289682070045659401e+01
3.326341188042133012e+01
3.363650149204516282e+01
3.401636538145001509e+01
3.440313762687765831e+01
3.479680574336535415e+01
3.519720760998254150e+01
3.560403016150051059e+01
3.601680986296994291e+01
3.643493496214630056e+01
3.685764949140100555e+01
3.728405896805080744e+01
3.771313772027888689e+01
3.814373774533309813e+01
3.857459898777414509e+01
3.900436090847011883e+01
3.943157520002851157e+01
3.985471949160668714e+01
4.027221187569251981e+01
4.068242608159840046e+01
4.108370711511255990e+01
4.147438718101273025e+01
4.185280170492601570e+01
4.221730527323823168e+01
4.256628731429349699e+01
4.289818735082874923e+01
4.321150966226816337e+01
4.350483720595580195e+01
4.377684465839094230e+01
4.402631045081329120e+01
4.425212768780765771e+01
4.445331385270164049e+01
4.462901921916993331e+01
4.477853390438203007e+01
4.490129351500976185e+01
4.499688335323298816e+01
4.506504116534868842e+01
4.510565843052953028e+01
4.511878020155018731e+01
4.510460352277941354e+01
4.506347446333076334e+01
4.499588381490723776e+01
4.490246151452212331e+01
4.478396986191058460e+01
4.464129561006126323e+01
4.447544101491667590e+01
4.428751393694495420e+01
4.407871709301533514e+01
4.385033656186914186e+01
4.360372965051804073e+01
4.334031223217516526e+01
4.306154566888607604e+01
4.276892343391664042e+01
4.246395755021318053e+01
4.214816496190081807e+01
4.182305395584655372e+01
4.149011074978412239e+01
4.115078636237415566e+01
4.080648387883002925e+01
4.045854622335308193e+01
4.010824454655057281e+01
3.975676733220899450e+01
3.940521032322731543e+01
3.905456736112168414e+01
3.870572222726387679e+01
3.835944156686669260e+01
3.801636896866050108e+01
