2.423385445274017158e+01
2.469336075324189395e+01
2.513850149638610887e+01
2.556892630507237740e+01
2.598439987646047911e+01
2.638480515482842748e+01
2.677014538297254731e+01
2.714054497610764471e+01
2.749624917537893509e+01
2.783762245226737164e+01
2.816514565015856775e+01
2.847941186494160348e+01
2.878112108247739798e+01
2.907107360688476305e+01
2.935016232958836113e+01
2.961936390470088298e+01
2.987972891132435294e+01
3.013237109750391696e+01
3.037845581362567060e+01
3.061918775479097832e+01
3.085579814193772208e+01
3.108953148003145017e+01
3.132163203838005927e+01
3.155333020291191204e+01
3.178582885302700944e+01
3.202028991632870003e+01
3.225782125316322890e+01
3.249946401945942398e+01
3.274618065092822405e+01
3.299884360434632669e+01
3.325822498253213411e+01
3.352498715887984559e+01
3.379967450512636873e+01
3.408270631258619687e+01
3.437437098261770529e+01
3.467482154681434992e+01
3.498407256158101575e+01
3.530199840560432989e+01
3.562833299249628283e+01
3.596267089481683854e+01
3.630446985999396503e+01
3.665305468355887086e+01
3.700762239080459182e+01
3.736724866461964467e+01
3.773089544499914183e+01
3.809741961471191729e+01
3.846558267590333458e+01
3.883406131410137618e+01
3.920145873922209745e+01
3.956631668773248123e+01
3.992712796614200954e+01
4.028234941339387376e+01
4.063041515848342300e+01
4.096975004965663203e+01
4.129878313274863899e+01
4.161596105851980809e+01
4.191976130211140372e+01
4.220870508187732639e+01
4.248136986972362195e+01
4.273640139059771315e+01
4.297252501480935649e+01
4.318855645332212134e+01
4.338341167295321554e+01
4.355611595546555748e+01
4.370581203177576413e+01
4.383176722987055740e+01
4.393337958249237118e+01
4.401018284818988491e+01
4.406185040692125199e+01
4.408819799904261316e+01
4.408918528421948224e+01
4.406491620458096037e+01
4.401563814430954835e+01
4.394173988584980606e+01
4.384374837104523692e+01
4.372232428378715952e+01
4.357825647920316214e+01
4.341245529301384209e+01
4.322594477344550512e+01
4.301985388697763568e+01
4.279540675818495288e+01
4.255391201295835657e+01
4.229675130338084443e+01
4.202536710140894627e+01
4.174124985716777303e+01
4.144592462598399152e+01
4.114093727613716567e+01
4.082784039655227559e+01
4.050817903015236254e+01
4.018347636417195190e+01
3.985521951326362000e+01
3.952484553454535643e+01
3.919372781571228614e+01
3.886316297782352791e+01
3.853435843327756771e+01
3.820842073670171146e+01
3.788634486193623019e+01
3.756900453194894851e+01
3.725714372035694311e+01
3.695136943327448620e+01
