2.071993432421590597e+01
2.126899738254947536e+01
2.180690686991964711e+01
2.233283901413543049e+01
2.284608782386434456e+01
2.334607310601867169e+01
2.383234722240275616e+01
2.430460045973009997e+01
2.476266490204506709e+01
2.520651671173694908e+01
2.563627674451542404e+01
2.605220944468215549e+01
2.645471998950124259e+01
2.684434967511863590e+01
2.722176956095838207e+01
2.758777241445107364e+01
2.794326302293043440e+01
2.828924696415670326e+01
2.862681795077316949e+01
2.895714388666357664e+01
2.928145179424742039e+01
2.960101179084459844e+01
2.991712030900113106e+01
3.023108276976920905e+01
3.054419592909432168e+01
3.085773012544041194e+01
3.117291166139987268e+01
3.149090555315645545e+01
3.181279887923355432e+01
3.213958495395634429e+01
3.247214854155113528e+01
3.281125231391027341e+01
3.315752473896006336e+01
3.351144956751748794e+01
3.387335706480683939e+01
3.424341710878003653e+01
3.462163425142889395e+01
3.500784481182071772e+01
3.540171604108459746e+01
3.580274737049337119e+01
3.621027372461158933e+01
3.662347085269122005e+01
3.704136260357203980e+01
3.746283004273658435e+01
3.788662228531413945e+01
3.831136889611363472e+01
3.873559368755216781e+01
3.915772972893377357e+01
3.957613536617548533e+01
3.998911103996630345e+01
4.039491668260931334e+01
4.079178946951018503e+01
4.117796170043182258e+01
4.155167858818945348e+01
4.191121573827928160e+01
4.225489611185458472e+01
4.258110627624773059e+01
4.288831176161508552e+01
4.317507135893570336e+01
4.344005021318044157e+01
4.368203158560440613e+01
4.389992718042189779e+01
4.409278595318973970e+01
4.425980134066313809e+01
4.440031687429764418e+01
4.451383016158289507e+01
4.459999524065009524e+01
4.465862333377810955e+01
4.468968204424074031e+01
4.469329305814103748e+01
4.466972842826884715e+01
4.461940553042981605e+01
4.454288079402045497e+01
4.444084231780237104e+01
4.431410148884024380e+01
4.416358372744626593e+01
4.399031848378647425e+01
4.379542861266306630e+01
4.358011925203924619e+01
4.334566632828372690e+01
4.309340480709056465e+01
4.282471680377278744e+01
4.254101966037580951e+01
4.224375409002549020e+01
4.193437248135038686e+01
4.161432744791058980e+01
4.128506069954366353e+01
4.094799230457888939e+01
4.060451040415004798e+01
4.025596143249361347e+01
3.990364089026680006e+01
3.954878471164579423e+01
3.919256126031901744e+01
3.883606398450464070e+01
3.848030475678290685e+01
3.812620792081811061e+01
3.777460506388945305e+01
3.742623053148003009e+01
3.708171769789056782e+01
3.674159600484375687e+01
