2.264018793552545006e+01
2.317065031372803219e+01
2.368523959310748239e+01
2.418322483477365736e+01
2.466402341063630388e+01
2.512720796665274747e+01
2.557251179376823202e+01
2.599983249776837368e+01
2.640923387943181311e+01
2.680094595846537686e+01
2.717536309841845821e+01
2.753304021476901298e+01
2.787468707427501258e+01
2.820116072009653507e+01
2.851345608368772488e+01
2.881269487061311452e+01
2.910011283281370353e+01
2.937704556400867517e+01
2.964491297744721621e+01
2.990520264572078446e+01
3.015945220044142872e+01
3.040923100494785203e+01
3.065612132553129143e+01
3.090169923573035504e+01
3.114751549384704532e+01
3.139507663585133201e+01
3.164582652421062292e+01
3.190112858789801109e+01
3.216224897996714560e+01
3.243034086676315297e+01
3.270643004725997827e+01
3.299140208242732086e+01
3.328599109324755290e+01
3.359077036237589198e+01
3.390614484887341007e+01
3.423234569837102725e+01
3.456942680291154346e+01
3.491726343604074856e+01
3.527555295996765494e+01
3.564381757327382871e+01
3.602140904019312018e+01
3.640751531636524163e+01
3.680116896160416928e+01
3.720125720800892566e+01
3.760653353201176685e+01
3.801563056199670143e+01
3.842707413916001258e+01
3.883929833848643653e+01
3.925066124918849653e+01
3.965946130973461692e+01
4.006395399164986060e+01
4.046236862851664995e+01
4.085292519188438831e+01
4.123385082390206691e+01
4.160339594716923273e+01
4.195984978524423781e+01
4.230155514213051049e+01
4.262692230550980810e+01
4.293444195612605796e+01
4.322269698415630046e+01
4.349037313224117440e+01
4.373626840371003510e+01
4.395930119305779726e+01
4.415851711357694143e+01
4.433309451391635747e+01
4.448234869096037869e+01
4.460573482058422456e+01
4.470284964036483188e+01
4.477343192910208103e+01
4.481736183695424103e+01
4.483465912710425982e+01
4.482548039518374594e+01
4.479011533626692909e+01
4.472898213123418998e+01
4.464262202485410569e+01
4.453169316723514015e+01
4.439696378857424008e+01
4.423930477460621802e+01
4.405968170708359821e+01
4.385914643022875481e+01
4.363882820064224433e+01
4.339992447483427185e+01
4.314369138558335237e+01
4.287143395588088879e+01
4.258449609743787789e+01
4.228425043971579811e+01
4.197208803525829524e+01
4.164940798776978426e+01
4.131760705089477881e+01
4.097806924793171390e+01
4.063215556567774911e+01
4.028119377910650201e+01
3.992646846746510647e+01
3.956921128645532804e+01
3.921059156521685196e+01
3.885170730064593414e+01
3.849357662492411691e+01
3.813712982477650115e+01
3.778320199271082913e+01
3.743252639110266244e+01
