1.937512239973325379e+01
1.989992768644257737e+01
2.041674457646669794e+01
2.092485996923450031e+01
2.142365598043954478e+01
2.191261730117672357e+01
2.239133759824800407e+01
2.285952483872992502e+01
2.331700543164150830e+01
2.376372709129257288e+01
2.419976034052205094e+01
2.462529858741989841e+01
2.504065672608755122e+01
2.544626823032283269e+01
2.584268072857818410e+01
2.623055006886625762e+01
2.661063290318710983e+01
2.698377784220985021e+01
2.735091525204106944e+01
2.771304578561059628e+01
2.807122776117197205e+01
2.842656351931031367e+01
2.878018490735124857e+01
2.913323805586212956e+01
2.948686762573586506e+01
2.984220071589242096e+01
3.020033063068636991e+01
3.056230071248057811e+01
3.092908844837975479e+01
3.130159006070560324e+01
3.168060578837413388e+01
3.206682606089123055e+01
3.246081875825207419e+01
3.286301773869368503e+01
3.327371280214822491e+01
3.369304124054933425e+01
3.412098110708529930e+01
3.455734631532854451e+01
3.500178365620693199e+01
3.545377179634117226e+01
3.591262229571606213e+01
3.637748265635242007e+01
3.684734138698673434e+01
3.732103504214651224e+01
3.779725716781411649e+01
3.827456906049710028e+01
3.875141222232998217e+01
3.922612237218387321e+01
3.969694485197639722e+01
4.016205124875579457e+01
4.061955703694071218e+01
4.106754003155840849e+01
4.150405943261263531e+01
4.192717523297576321e+01
4.233496775752255559e+01
4.272555709965438808e+01
4.309712222290066563e+01
4.344791949988354673e+01
4.377630046850013912e+01
4.408072859558635770e+01
4.435979485140073564e+01
4.461223191380651798e+01
4.483692683879013430e+01
4.503293205367867102e+01
4.519947455080856002e+01
4.533596318215803933e+01
4.544199397925825679e+01
4.551735344721972609e+01
4.556201980662029882e+01
4.557616218196340441e+01
4.556013776011268845e+01
4.551448696622028933e+01
4.543992672789444498e+01
4.533734192041070088e+01
4.520777510640051844e+01
4.505241470240964219e+01
4.487258172179539173e+01
4.466971525844418522e+01
4.444535688857889966e+01
4.420113417837418979e+01
4.393874349311204952e+01
4.365993230913024092e+01
4.336648123282348877e+01
4.306018593144943196e+01
4.274283917851443704e+01
4.241621321213427365e+01
4.208204259807290981e+01
4.174200778029560865e+01
4.139771949096616055e+01
4.105070417905484703e+01
4.070239060228887240e+01
4.035409771128445300e+01
4.000702393756932906e+01
3.966223797907524329e+01
3.932067115779070576e+01
3.898311140486880788e+01
3.865019890882393838e+01
3.832242344278456869e+01
3.800012336732682172e+01
3.768348628644210407e+01
