6.224642944335937500e+01
6.220294952392578125e+01
6.215968704223632812e+01
6.211660003662109375e+01
6.207362365722656250e+01
6.203075027465820312e+01
6.198788452148437500e+01
6.194495391845703125e+01
6.190185928344726562e+01
6.185837936401367188e+01
6.181401824951171875e+01
6.176815414428710938e+01
6.171976852416992188e+01
6.166786193847656250e+01
6.161174392700195312e+01
6.155053710937500000e+01
6.148364257812500000e+01
6.141118621826171875e+01
6.133398437500000000e+01
6.125250625610351562e+01
6.116723632812500000e+01
6.107879257202148438e+01
6.098753738403320312e+01
6.089365005493164062e+01
6.079669952392578125e+01
6.069638442993164062e+01
6.059219360351562500e+01
6.048324203491210938e+01
6.036865997314453125e+01
6.024848556518554688e+01
6.012272262573242188e+01
5.999138641357421875e+01
5.985482406616210938e+01
5.971353530883789062e+01
5.956802368164062500e+01
5.941853713989257812e+01
5.926570510864257812e+01
5.910967254638671875e+01
5.894994354248046875e+01
5.878428649902343750e+01
5.861258697509765625e+01
5.843487167358398438e+01
5.825126266479492188e+01
5.806251144409179688e+01
5.786877441406250000e+01
5.767027282714843750e+01
5.746747207641601562e+01
5.726048660278320312e+01
5.704957199096679688e+01
5.683464813232421875e+01
5.661642456054687500e+01
5.639490509033203125e+01
5.616953659057617188e+01
5.593710327148437500e+01
5.569729232788085938e+01
5.545142364501953125e+01
5.520192337036132812e+01
5.494644927978515625e+01
5.468724822998046875e+01
5.442698669433593750e+01
5.416230010986328125e+01
5.389514923095703125e+01
5.361978530883789062e+01
5.333941268920898438e+01
5.305376052856445312e+01
5.275172424316406250e+01
5.244520568847656250e+01
5.213108444213867188e+01
5.180480194091796875e+01
5.146840667724609375e+01
5.111967086791992188e+01
5.075715255737304688e+01
5.039186477661132812e+01
5.002487564086914062e+01
4.965689849853515625e+01
4.928805541992187500e+01
4.891660690307617188e+01
4.854615402221679688e+01
4.817773818969726562e+01
4.780583572387695312e+01
4.743504714965820312e+01
4.706077194213867188e+01
4.668663787841796875e+01
4.631303787231445312e+01
4.593642807006835938e+01
4.555554199218750000e+01
4.517251586914062500e+01
4.478989791870117188e+01
4.441007232666015625e+01
4.403270339965820312e+01
4.365432357788085938e+01
4.327709197998046875e+01
4.289849853515625000e+01
4.252512359619140625e+01
4.215373611450195312e+01
4.178573608398437500e+01
4.142366409301757812e+01
4.106489181518554688e+01
4.070874404907226562e+01
4.035517501831054688e+01
