6.880628204345703125e+01
6.849662017822265625e+01
6.819112396240234375e+01
6.788993835449218750e+01
6.759351348876953125e+01
6.730275726318359375e+01
6.701837158203125000e+01
6.674132537841796875e+01
6.647209930419921875e+01
6.621066284179687500e+01
6.595669555664062500e+01
6.570965576171875000e+01
6.546871948242187500e+01
6.523331451416015625e+01
6.500283813476562500e+01
6.477683258056640625e+01
6.455473327636718750e+01
6.433594512939453125e+01
6.411979675292968750e+01
6.390588760375976562e+01
6.369296646118164062e+01
6.348060989379882812e+01
6.326871109008789062e+01
6.305687332153320312e+01
6.284507369995117188e+01
6.263337326049804688e+01
6.242154693603515625e+01
6.221010589599609375e+01
6.199864959716796875e+01
6.178720474243164062e+01
6.157492446899414062e+01
6.136027908325195312e+01
6.114259719848632812e+01
6.092174911499023438e+01
6.070023727416992188e+01
6.047759246826171875e+01
6.025381088256835938e+01
6.002798080444335938e+01
5.979955291748046875e+01
5.956814956665039062e+01
5.933375549316406250e+01
5.909679412841796875e+01
5.885829925537109375e+01
5.861933517456054688e+01
5.838099288940429688e+01
5.814507293701171875e+01
5.791214752197265625e+01
5.768079376220703125e+01
5.744889831542968750e+01
5.721281051635742188e+01
5.697092437744140625e+01
5.672259140014648438e+01
5.646842956542968750e+01
5.620915985107421875e+01
5.594539260864257812e+01
5.567869949340820312e+01
5.541033172607421875e+01
5.514069747924804688e+01
5.487011718750000000e+01
5.459743499755859375e+01
5.432226181030273438e+01
5.404431915283203125e+01
5.376051712036132812e+01
5.347349929809570312e+01
5.318108749389648438e+01
5.287999343872070312e+01
5.256966781616210938e+01
5.225632476806640625e+01
5.193552017211914062e+01
5.160619354248046875e+01
5.126827239990234375e+01
5.092227935791015625e+01
5.057122802734375000e+01
5.021602249145507812e+01
4.985969924926757812e+01
4.950228118896484375e+01
4.914731597900390625e+01
4.879285049438476562e+01
4.844107818603515625e+01
4.808790969848632812e+01
4.773378372192382812e+01
4.737992858886718750e+01
4.702611923217773438e+01
4.667392349243164062e+01
4.632166671752929688e+01
4.596837997436523438e+01
4.561276245117187500e+01
4.525416183471679688e+01
4.489377212524414062e+01
4.453203201293945312e+01
4.416913604736328125e+01
4.380483627319335938e+01
4.343847656250000000e+01
4.307082748413085938e+01
4.270209503173828125e+01
4.233196258544921875e+01
4.196191024780273438e+01
4.159268569946289062e+01
4.122232818603515625e+01
4.085132598876953125e+01
