6.751352691650390625e+01
6.729929351806640625e+01
6.708686065673828125e+01
6.687648773193359375e+01
6.666825103759765625e+01
6.646227264404296875e+01
6.625829315185546875e+01
6.605608367919921875e+01
6.585556030273437500e+01
6.565657043457031250e+01
6.545907592773437500e+01
6.526313781738281250e+01
6.506882476806640625e+01
6.487613677978515625e+01
6.468491363525390625e+01
6.449506378173828125e+01
6.430651092529296875e+01
6.411915588378906250e+01
6.393278503417968750e+01
6.374730300903320312e+01
6.356257247924804688e+01
6.337842178344726562e+01
6.319466018676757812e+01
6.301114654541015625e+01
6.282766723632812500e+01
6.264408493041992188e+01
6.246015930175781250e+01
6.227580642700195312e+01
6.209066009521484375e+01
6.190426254272460938e+01
6.171629714965820312e+01
6.152631759643554688e+01
6.133359909057617188e+01
6.113735961914062500e+01
6.093683624267578125e+01
6.073158645629882812e+01
6.052172470092773438e+01
6.030757522583007812e+01
6.008930969238281250e+01
5.986846542358398438e+01
5.964608764648437500e+01
5.942389678955078125e+01
5.920233535766601562e+01
5.898204803466796875e+01
5.876152420043945312e+01
5.853446578979492188e+01
5.830185317993164062e+01
5.806659317016601562e+01
5.783023452758789062e+01
5.759260940551757812e+01
5.735359954833984375e+01
5.711347198486328125e+01
5.686904907226562500e+01
5.661161804199218750e+01
5.634241104125976562e+01
5.606001663208007812e+01
5.576809692382812500e+01
5.546963500976562500e+01
5.516652297973632812e+01
5.485821914672851562e+01
5.454442214965820312e+01
5.422670364379882812e+01
5.390501785278320312e+01
5.357875442504882812e+01
5.324749755859375000e+01
5.291004180908203125e+01
5.256538772583007812e+01
5.221328735351562500e+01
5.185472488403320312e+01
5.148945999145507812e+01
5.111949157714843750e+01
5.074679946899414062e+01
5.037377548217773438e+01
4.999991226196289062e+01
4.962594985961914062e+01
4.925141906738281250e+01
4.887536621093750000e+01
4.850020980834960938e+01
4.812717056274414062e+01
4.775575637817382812e+01
4.738506317138671875e+01
4.701741790771484375e+01
4.665087890625000000e+01
4.628372955322265625e+01
4.591678237915039062e+01
4.555123519897460938e+01
4.518605422973632812e+01
4.482078170776367188e+01
4.445651626586914062e+01
4.409240341186523438e+01
4.372846221923828125e+01
4.336476898193359375e+01
4.300115585327148438e+01
4.263803100585937500e+01
4.227443695068359375e+01
4.191000366210937500e+01
4.154604721069335938e+01
4.118275070190429688e+01
4.081932449340820312e+01
4.045693969726562500e+01
