6.571426391601562500e+01
6.561601257324218750e+01
6.551608276367187500e+01
6.541441345214843750e+01
6.531093597412109375e+01
6.520575714111328125e+01
6.509895324707031250e+01
6.499071502685546875e+01
6.488120269775390625e+01
6.477053070068359375e+01
6.465868377685546875e+01
6.454573822021484375e+01
6.443183898925781250e+01
6.431698608398437500e+01
6.420123291015625000e+01
6.408458709716796875e+01
6.396707153320312500e+01
6.384864807128906250e+01
6.372920989990234375e+01
6.360852432250976562e+01
6.348625946044921875e+01
6.336198425292968750e+01
6.323522186279296875e+01
6.310535430908203125e+01
6.297211837768554688e+01
6.283510971069335938e+01
6.269352340698242188e+01
6.254701614379882812e+01
6.239569854736328125e+01
6.223949813842773438e+01
6.207827377319335938e+01
6.191273498535156250e+01
6.174293136596679688e+01
6.156923675537109375e+01
6.139193725585937500e+01
6.121231079101562500e+01
6.103132247924804688e+01
6.085069274902343750e+01
6.067093658447265625e+01
6.049214172363281250e+01
6.031268692016601562e+01
6.013125991821289062e+01
5.994628524780273438e+01
5.975549697875976562e+01
5.955486679077148438e+01
5.934657287597656250e+01
5.912916183471679688e+01
5.889997482299804688e+01
5.865884399414062500e+01
5.840664672851562500e+01
5.814466094970703125e+01
5.787284851074218750e+01
5.759308624267578125e+01
5.730574798583984375e+01
5.701237869262695312e+01
5.671179199218750000e+01
5.640493774414062500e+01
5.609151077270507812e+01
5.577108764648437500e+01
5.544425582885742188e+01
5.511263656616210938e+01
5.477432250976562500e+01
5.442901229858398438e+01
5.408119964599609375e+01
5.372902297973632812e+01
5.337334060668945312e+01
5.301649856567382812e+01
5.265488433837890625e+01
5.228880310058593750e+01
5.191900634765625000e+01
5.154609298706054688e+01
5.117105484008789062e+01
5.079616165161132812e+01
5.042036819458007812e+01
5.004540634155273438e+01
4.967078018188476562e+01
4.929700851440429688e+01
4.892213058471679688e+01
4.854814147949218750e+01
4.817364883422851562e+01
4.780088043212890625e+01
4.743260955810546875e+01
4.706694412231445312e+01
4.670377731323242188e+01
4.634034729003906250e+01
4.597655868530273438e+01
4.561288452148437500e+01
4.524682235717773438e+01
4.487891006469726562e+01
4.450910949707031250e+01
4.413945770263671875e+01
4.377116775512695312e+01
4.340396881103515625e+01
4.303690338134765625e+01
4.266965484619140625e+01
4.230120086669921875e+01
4.193273162841796875e+01
4.156513977050781250e+01
4.119689178466796875e+01
4.082801055908203125e+01
