6.887606048583984375e+01
6.870046997070312500e+01
6.852552032470703125e+01
6.835121917724609375e+01
6.817755889892578125e+01
6.800447082519531250e+01
6.783193206787109375e+01
6.765997314453125000e+01
6.748863983154296875e+01
6.731800079345703125e+01
6.714820098876953125e+01
6.697926330566406250e+01
6.681123352050781250e+01
6.664427185058593750e+01
6.647834777832031250e+01
6.631340789794921875e+01
6.614971160888671875e+01
6.598743438720703125e+01
6.582638549804687500e+01
6.566609191894531250e+01
6.550614929199218750e+01
6.534584808349609375e+01
6.518476104736328125e+01
6.502091979980468750e+01
6.485395812988281250e+01
6.468270111083984375e+01
6.450715637207031250e+01
6.432666015625000000e+01
6.414200592041015625e+01
6.395502471923828125e+01
6.376686096191406250e+01
6.357674789428710938e+01
6.338432312011718750e+01
6.318964767456054688e+01
6.299186706542968750e+01
6.278912353515625000e+01
6.258179855346679688e+01
6.236885452270507812e+01
6.214867401123046875e+01
6.191972351074218750e+01
6.168206024169921875e+01
6.143629837036132812e+01
6.118145370483398438e+01
6.091843032836914062e+01
6.064893722534179688e+01
6.037419128417968750e+01
6.009563446044921875e+01
5.981343460083007812e+01
5.952979278564453125e+01
5.924658584594726562e+01
5.896411895751953125e+01
5.868207168579101562e+01
5.839925003051757812e+01
5.811360931396484375e+01
5.782394790649414062e+01
5.752927398681640625e+01
5.722772216796875000e+01
5.691824722290039062e+01
5.659904861450195312e+01
5.627042388916015625e+01
5.593478775024414062e+01
5.559435653686523438e+01
5.524913787841796875e+01
5.489877319335937500e+01
5.454447174072265625e+01
5.418704986572265625e+01
5.382870483398437500e+01
5.347078704833984375e+01
5.311161041259765625e+01
5.275129699707031250e+01
5.239103317260742188e+01
5.203030395507812500e+01
5.166899490356445312e+01
5.130674362182617188e+01
5.094111251831054688e+01
5.057257461547851562e+01
5.020100021362304688e+01
4.982646179199218750e+01
4.944838714599609375e+01
4.906623458862304688e+01
4.868169784545898438e+01
4.829521942138671875e+01
4.790478515625000000e+01
4.751184844970703125e+01
4.711858367919921875e+01
4.672432708740234375e+01
4.632926940917968750e+01
4.593426513671875000e+01
4.553812026977539062e+01
4.514153671264648438e+01
4.474509429931640625e+01
4.435001754760742188e+01
4.395695495605468750e+01
4.356684112548828125e+01
4.317952346801757812e+01
4.279587173461914062e+01
4.241523742675781250e+01
4.204057693481445312e+01
4.167192077636718750e+01
4.131101608276367188e+01
