6.349562835693359375e+01
6.346718597412109375e+01
6.343943405151367188e+01
6.341232299804687500e+01
6.338568496704101562e+01
6.335929870605468750e+01
6.333277511596679688e+01
6.330569839477539062e+01
6.327681732177734375e+01
6.324521255493164062e+01
6.320964813232421875e+01
6.316884994506835938e+01
6.312191009521484375e+01
6.306907272338867188e+01
6.301073455810546875e+01
6.294749832153320312e+01
6.288023757934570312e+01
6.280956268310546875e+01
6.273587417602539062e+01
6.265897369384765625e+01
6.257828140258789062e+01
6.249303436279296875e+01
6.240227890014648438e+01
6.230578613281250000e+01
6.220329666137695312e+01
6.209457397460937500e+01
6.197960281372070312e+01
6.185881805419921875e+01
6.173242187500000000e+01
6.160052490234375000e+01
6.146378707885742188e+01
6.132217407226562500e+01
6.117560577392578125e+01
6.102432250976562500e+01
6.086869812011718750e+01
6.070873641967773438e+01
6.054396057128906250e+01
6.037425613403320312e+01
6.019899749755859375e+01
6.001866149902343750e+01
5.983336257934570312e+01
5.964311218261718750e+01
5.944801712036132812e+01
5.924779129028320312e+01
5.904231262207031250e+01
5.883222198486328125e+01
5.861782836914062500e+01
5.840019226074218750e+01
5.817942428588867188e+01
5.795557403564453125e+01
5.772732543945312500e+01
5.749317169189453125e+01
5.725255966186523438e+01
5.700331115722656250e+01
5.674497222900390625e+01
5.647946166992187500e+01
5.620715332031250000e+01
5.592848587036132812e+01
5.564513778686523438e+01
5.535755538940429688e+01
5.506604766845703125e+01
5.477018737792968750e+01
5.446978759765625000e+01
5.416438674926757812e+01
5.385312271118164062e+01
5.353521728515625000e+01
5.321053695678710938e+01
5.287820053100585938e+01
5.253911209106445312e+01
5.219448471069335938e+01
5.184411621093750000e+01
5.148862457275390625e+01
5.112827682495117188e+01
5.076571273803710938e+01
5.040102386474609375e+01
5.003578567504882812e+01
4.967047500610351562e+01
4.930493545532226562e+01
4.893900680541992188e+01
4.857390213012695312e+01
4.820895385742187500e+01
4.784378814697265625e+01
4.747925949096679688e+01
4.711380386352539062e+01
4.674729919433593750e+01
4.637951278686523438e+01
4.601027297973632812e+01
4.563970565795898438e+01
4.526828765869140625e+01
4.489652252197265625e+01
4.452380752563476562e+01
4.415071105957031250e+01
4.377927398681640625e+01
4.340956115722656250e+01
4.304264450073242188e+01
4.267909622192382812e+01
4.231925582885742188e+01
4.196349716186523438e+01
4.161226272583007812e+01
4.126498794555664062e+01
