6.997699737548828125e+01
6.973204803466796875e+01
6.948903656005859375e+01
6.924808502197265625e+01
6.900913238525390625e+01
6.877203369140625000e+01
6.853643798828125000e+01
6.830228424072265625e+01
6.806947326660156250e+01
6.783802032470703125e+01
6.760783386230468750e+01
6.737920379638671875e+01
6.715261077880859375e+01
6.692804718017578125e+01
6.670563507080078125e+01
6.648559570312500000e+01
6.626852416992187500e+01
6.605451965332031250e+01
6.584374237060546875e+01
6.563610839843750000e+01
6.543186187744140625e+01
6.523032379150390625e+01
6.503136444091796875e+01
6.483464050292968750e+01
6.463896179199218750e+01
6.444332122802734375e+01
6.424655151367187500e+01
6.404766082763671875e+01
6.384479141235351562e+01
6.363708496093750000e+01
6.342318725585937500e+01
6.320367431640625000e+01
6.297863006591796875e+01
6.274954986572265625e+01
6.251768493652343750e+01
6.228316879272460938e+01
6.204802322387695312e+01
6.181309127807617188e+01
6.157954788208007812e+01
6.134751892089843750e+01
6.111621093750000000e+01
6.088488769531250000e+01
6.065224838256835938e+01
6.041656112670898438e+01
6.017532348632812500e+01
5.992727279663085938e+01
5.967052459716796875e+01
5.940420913696289062e+01
5.912776184082031250e+01
5.884179687500000000e+01
5.854564666748046875e+01
5.824123764038085938e+01
5.793038558959960938e+01
5.761396026611328125e+01
5.729328536987304688e+01
5.696966171264648438e+01
5.664462280273437500e+01
5.631838607788085938e+01
5.599187469482421875e+01
5.566539764404296875e+01
5.534066772460937500e+01
5.501784896850585938e+01
5.469621276855468750e+01
5.437469100952148438e+01
5.405218505859375000e+01
5.372841262817382812e+01
5.340335464477539062e+01
5.307547378540039062e+01
5.274347305297851562e+01
5.240657806396484375e+01
5.206515502929687500e+01
5.171858596801757812e+01
5.136810684204101562e+01
5.101574707031250000e+01
5.066143035888671875e+01
5.030593490600585938e+01
4.995001983642578125e+01
4.959337234497070312e+01
4.923574829101562500e+01
4.887839126586914062e+01
4.852134323120117188e+01
4.816310882568359375e+01
4.780370712280273438e+01
4.744316101074218750e+01
4.708189392089843750e+01
4.671973037719726562e+01
4.635575485229492188e+01
4.599013137817382812e+01
4.562266159057617188e+01
4.525280761718750000e+01
4.488218688964843750e+01
4.450980377197265625e+01
4.413594436645507812e+01
4.376040649414062500e+01
4.338388824462890625e+01
4.300727844238281250e+01
4.263183593750000000e+01
4.225790023803710938e+01
4.188575744628906250e+01
4.151481628417968750e+01
