6.934991455078125000e+01
6.907434082031250000e+01
6.880155944824218750e+01
6.853182220458984375e+01
6.826498413085937500e+01
6.800102233886718750e+01
6.773971557617187500e+01
6.748093414306640625e+01
6.722449493408203125e+01
6.697031402587890625e+01
6.671829986572265625e+01
6.646838378906250000e+01
6.622062683105468750e+01
6.597494506835937500e+01
6.573137664794921875e+01
6.548999023437500000e+01
6.525064849853515625e+01
6.501335144042968750e+01
6.477797698974609375e+01
6.454444885253906250e+01
6.431252288818359375e+01
6.408197784423828125e+01
6.385262298583984375e+01
6.362450027465820312e+01
6.339758682250976562e+01
6.317174911499023438e+01
6.294692993164062500e+01
6.272294998168945312e+01
6.249941253662109375e+01
6.227590942382812500e+01
6.205193710327148438e+01
6.182689666748046875e+01
6.160033416748046875e+01
6.137179183959960938e+01
6.114093017578125000e+01
6.090763473510742188e+01
6.067180633544921875e+01
6.043302536010742188e+01
6.019087219238281250e+01
5.994536590576171875e+01
5.969680023193359375e+01
5.944547271728515625e+01
5.919197463989257812e+01
5.893750000000000000e+01
5.868308639526367188e+01
5.842975997924804688e+01
5.817912292480468750e+01
5.792997360229492188e+01
5.767851257324218750e+01
5.742651748657226562e+01
5.717338562011718750e+01
5.691906738281250000e+01
5.666318511962890625e+01
5.640659332275390625e+01
5.614842224121093750e+01
5.588834762573242188e+01
5.562486648559570312e+01
5.535978698730468750e+01
5.509172821044921875e+01
5.481737518310546875e+01
5.453520965576171875e+01
5.424573516845703125e+01
5.394885635375976562e+01
5.364196777343750000e+01
5.332506561279296875e+01
5.299951171875000000e+01
5.266621017456054688e+01
5.232762908935546875e+01
5.198271179199218750e+01
5.163275909423828125e+01
5.127865600585937500e+01
5.091973495483398438e+01
5.055897903442382812e+01
5.019701385498046875e+01
4.983457565307617188e+01
4.947061920166015625e+01
4.910490417480468750e+01
4.873579406738281250e+01
4.836392974853515625e+01
4.799048614501953125e+01
4.761568069458007812e+01
4.723964691162109375e+01
4.686283493041992188e+01
4.648549270629882812e+01
4.610833740234375000e+01
4.572956848144531250e+01
4.534871673583984375e+01
4.496701812744140625e+01
4.458471298217773438e+01
4.420265960693359375e+01
4.381843566894531250e+01
4.343320465087890625e+01
4.304969406127929688e+01
4.266830062866210938e+01
4.228904342651367188e+01
4.191094970703125000e+01
4.153236007690429688e+01
4.115623474121093750e+01
4.078211212158203125e+01
4.040999984741210938e+01
