6.991814422607421875e+01
6.970182800292968750e+01
6.948618316650390625e+01
6.927127075195312500e+01
6.905731201171875000e+01
6.884445953369140625e+01
6.863305664062500000e+01
6.842317199707031250e+01
6.821487426757812500e+01
6.800822448730468750e+01
6.780341339111328125e+01
6.760046386718750000e+01
6.739930725097656250e+01
6.719985961914062500e+01
6.700187683105468750e+01
6.680500030517578125e+01
6.660910034179687500e+01
6.641417694091796875e+01
6.622026062011718750e+01
6.602745056152343750e+01
6.583583831787109375e+01
6.564546203613281250e+01
6.545640563964843750e+01
6.526873779296875000e+01
6.508242034912109375e+01
6.489733123779296875e+01
6.471268463134765625e+01
6.452727508544921875e+01
6.434026336669921875e+01
6.415173339843750000e+01
6.396174240112304688e+01
6.377025604248046875e+01
6.357529067993164062e+01
6.337483596801757812e+01
6.317094802856445312e+01
6.296281051635742188e+01
6.275244140625000000e+01
6.253944778442382812e+01
6.232477188110351562e+01
6.210710906982421875e+01
6.188446044921875000e+01
6.165611267089843750e+01
6.141981887817382812e+01
6.117555618286132812e+01
6.092237472534179688e+01
6.065904998779296875e+01
6.038531112670898438e+01
6.010183715820312500e+01
5.980971145629882812e+01
5.950962448120117188e+01
5.920211029052734375e+01
5.888763046264648438e+01
5.856678009033203125e+01
5.824232482910156250e+01
5.791464996337890625e+01
5.758539962768554688e+01
5.725513458251953125e+01
5.692519760131835938e+01
5.659534835815429688e+01
5.626574707031250000e+01
5.593648529052734375e+01
5.560812377929687500e+01
5.528129959106445312e+01
5.495672988891601562e+01
5.463376235961914062e+01
5.431096649169921875e+01
5.398819732666015625e+01
5.366472244262695312e+01
5.333941268920898438e+01
5.301010513305664062e+01
5.267618560791015625e+01
5.233828735351562500e+01
5.199605178833007812e+01
5.165064620971679688e+01
5.130270004272460938e+01
5.095248031616210938e+01
5.060077285766601562e+01
5.024684906005859375e+01
4.989186096191406250e+01
4.953361892700195312e+01
4.917145538330078125e+01
4.880620956420898438e+01
4.843770980834960938e+01
4.806538772583007812e+01
4.768866729736328125e+01
4.730822372436523438e+01
4.692374038696289062e+01
4.653681945800781250e+01
4.614828491210937500e+01
4.575863647460937500e+01
4.536754226684570312e+01
4.497687530517578125e+01
4.458554077148437500e+01
4.419353485107421875e+01
4.380166625976562500e+01
4.340972137451171875e+01
4.301854324340820312e+01
4.262795257568359375e+01
4.223751068115234375e+01
4.184759140014648438e+01
