7.074324798583984375e+01
7.051386260986328125e+01
7.028481292724609375e+01
7.005602264404296875e+01
6.982756042480468750e+01
6.959952545166015625e+01
6.937203216552734375e+01
6.914509582519531250e+01
6.891880798339843750e+01
6.869302368164062500e+01
6.846784210205078125e+01
6.824340820312500000e+01
6.801973724365234375e+01
6.779688262939453125e+01
6.757505035400390625e+01
6.735425567626953125e+01
6.713458251953125000e+01
6.691604614257812500e+01
6.669856262207031250e+01
6.648210144042968750e+01
6.626654815673828125e+01
6.605187988281250000e+01
6.583789825439453125e+01
6.562431335449218750e+01
6.541056060791015625e+01
6.519622039794921875e+01
6.498056793212890625e+01
6.476308441162109375e+01
6.454353332519531250e+01
6.432162475585937500e+01
6.409713745117187500e+01
6.387023544311523438e+01
6.364151763916015625e+01
6.341169357299804688e+01
6.318053436279296875e+01
6.294740295410156250e+01
6.271201705932617188e+01
6.247362899780273438e+01
6.223170471191406250e+01
6.198533630371093750e+01
6.173156738281250000e+01
6.147054672241210938e+01
6.120428466796875000e+01
6.093300628662109375e+01
6.065844726562500000e+01
6.038227844238281250e+01
6.010409927368164062e+01
5.982389831542968750e+01
5.954071807861328125e+01
5.925471878051757812e+01
5.896562194824218750e+01
5.867250442504882812e+01
5.837659835815429688e+01
5.807828521728515625e+01
5.777521133422851562e+01
5.745724868774414062e+01
5.712437438964843750e+01
5.678240966796875000e+01
5.643462371826171875e+01
5.608204269409179688e+01
5.572601699829101562e+01
5.536859893798828125e+01
5.500949859619140625e+01
5.464805603027343750e+01
5.428531265258789062e+01
5.391957473754882812e+01
5.355089950561523438e+01
5.318009948730468750e+01
5.280685043334960938e+01
5.242943572998046875e+01
5.204699707031250000e+01
5.166423034667968750e+01
5.128024673461914062e+01
5.089213180541992188e+01
5.050083160400390625e+01
5.010921478271484375e+01
4.971660995483398438e+01
4.932341003417968750e+01
4.892935943603515625e+01
4.853357696533203125e+01
4.813523101806640625e+01
4.773810958862304688e+01
4.733926773071289062e+01
4.693655014038085938e+01
4.653147888183593750e+01
4.612423324584960938e+01
4.571285629272460938e+01
4.529740905761718750e+01
4.487998199462890625e+01
4.446265029907226562e+01
4.404619598388671875e+01
4.362939453125000000e+01
4.321132278442382812e+01
4.279252624511718750e+01
4.237426376342773438e+01
4.195616912841796875e+01
4.153978729248046875e+01
4.112559509277343750e+01
4.071329498291015625e+01
4.030247879028320312e+01
