6.499272155761718750e+01
6.497740936279296875e+01
6.496187591552734375e+01
6.494552612304687500e+01
6.492807006835937500e+01
6.490891265869140625e+01
6.488772583007812500e+01
6.486413574218750000e+01
6.483767700195312500e+01
6.480803680419921875e+01
6.477490997314453125e+01
6.473834228515625000e+01
6.469848632812500000e+01
6.465562438964843750e+01
6.461058807373046875e+01
6.456327056884765625e+01
6.451326751708984375e+01
6.446049499511718750e+01
6.440480041503906250e+01
6.434610748291015625e+01
6.428405761718750000e+01
6.421872711181640625e+01
6.414943695068359375e+01
6.407609558105468750e+01
6.399829864501953125e+01
6.391587448120117188e+01
6.382713699340820312e+01
6.373115921020507812e+01
6.362715911865234375e+01
6.351504898071289062e+01
6.339485931396484375e+01
6.326730346679687500e+01
6.313298416137695312e+01
6.299247360229492188e+01
6.284649276733398438e+01
6.269473648071289062e+01
6.253762435913085938e+01
6.237427520751953125e+01
6.220448684692382812e+01
6.202735519409179688e+01
6.184109115600585938e+01
6.164516830444335938e+01
6.143889999389648438e+01
6.122164916992187500e+01
6.099377441406250000e+01
6.075585556030273438e+01
6.050865936279296875e+01
6.025321197509765625e+01
5.999077224731445312e+01
5.972223663330078125e+01
5.944877243041992188e+01
5.917098617553710938e+01
5.888911056518554688e+01
5.860431289672851562e+01
5.831671142578125000e+01
5.802639389038085938e+01
5.773264694213867188e+01
5.743172454833984375e+01
5.712554931640625000e+01
5.681420516967773438e+01
5.649741744995117188e+01
5.617677307128906250e+01
5.585172271728515625e+01
5.552196121215820312e+01
5.518833541870117188e+01
5.484931182861328125e+01
5.450669860839843750e+01
5.415993118286132812e+01
5.380841064453125000e+01
5.345594787597656250e+01
5.310071182250976562e+01
5.273785400390625000e+01
5.237413787841796875e+01
5.200705337524414062e+01
5.163674926757812500e+01
5.125983810424804688e+01
5.088003158569335938e+01
5.049547958374023438e+01
5.010474777221679688e+01
4.970910644531250000e+01
4.931047439575195312e+01
4.891319274902343750e+01
4.851898574829101562e+01
4.812641906738281250e+01
4.773366928100585938e+01
4.734009170532226562e+01
4.694578170776367188e+01
4.655220031738281250e+01
4.615622329711914062e+01
4.576366043090820312e+01
4.537424850463867188e+01
4.498911666870117188e+01
4.460348892211914062e+01
4.421379089355468750e+01
4.382140350341796875e+01
4.342716217041015625e+01
4.303395080566406250e+01
4.263998794555664062e+01
4.224870300292968750e+01
4.186188125610351562e+01
