6.931758880615234375e+01
6.911688995361328125e+01
6.891676330566406250e+01
6.871716308593750000e+01
6.851816558837890625e+01
6.831984710693359375e+01
6.812223815917968750e+01
6.792530822753906250e+01
6.772914886474609375e+01
6.753379821777343750e+01
6.733940124511718750e+01
6.714608001708984375e+01
6.695375061035156250e+01
6.676217651367187500e+01
6.657104492187500000e+01
6.638012695312500000e+01
6.618926239013671875e+01
6.599810791015625000e+01
6.580655670166015625e+01
6.561433410644531250e+01
6.542131042480468750e+01
6.522722625732421875e+01
6.503205108642578125e+01
6.483583831787109375e+01
6.463855743408203125e+01
6.444020843505859375e+01
6.424067687988281250e+01
6.403982543945312500e+01
6.383744812011718750e+01
6.363322448730468750e+01
6.342672348022460938e+01
6.321740341186523438e+01
6.300490570068359375e+01
6.278891754150390625e+01
6.256948089599609375e+01
6.234686279296875000e+01
6.212113571166992188e+01
6.189259719848632812e+01
6.166160964965820312e+01
6.142858505249023438e+01
6.119386672973632812e+01
6.095786285400390625e+01
6.072137451171875000e+01
6.048511123657226562e+01
6.024868774414062500e+01
6.000333786010742188e+01
5.974887847900390625e+01
5.948707199096679688e+01
5.922029876708984375e+01
5.895061874389648438e+01
5.867811584472656250e+01
5.840268707275390625e+01
5.812200927734375000e+01
5.783303451538085938e+01
5.753614807128906250e+01
5.723324966430664062e+01
5.692396163940429688e+01
5.660794067382812500e+01
5.628504943847656250e+01
5.595586013793945312e+01
5.562022399902343750e+01
5.527777862548828125e+01
5.493018722534179688e+01
5.457835388183593750e+01
5.422431564331054688e+01
5.386829757690429688e+01
5.351093673706054688e+01
5.315322494506835938e+01
5.279568481445312500e+01
5.243898773193359375e+01
5.208322906494140625e+01
5.172956085205078125e+01
5.137820053100585938e+01
5.102871704101562500e+01
5.068104934692382812e+01
5.033491134643554688e+01
4.998996734619140625e+01
4.964654159545898438e+01
4.930448532104492188e+01
4.896340942382812500e+01
4.862301635742187500e+01
4.828330230712890625e+01
4.794453048706054688e+01
4.760628128051757812e+01
4.726881790161132812e+01
4.693016052246093750e+01
4.658861923217773438e+01
4.623909759521484375e+01
4.587716293334960938e+01
4.550706863403320312e+01
4.513445663452148438e+01
4.476002883911132812e+01
4.438551712036132812e+01
4.401162338256835938e+01
4.364013671875000000e+01
4.327228164672851562e+01
4.290832138061523438e+01
4.254741287231445312e+01
4.219046401977539062e+01
4.183726119995117188e+01
