6.679448699951171875e+01
6.665808868408203125e+01
6.652165985107421875e+01
6.638520050048828125e+01
6.624872589111328125e+01
6.611231231689453125e+01
6.597607421875000000e+01
6.584002685546875000e+01
6.570416259765625000e+01
6.556838226318359375e+01
6.543267059326171875e+01
6.529695892333984375e+01
6.516122436523437500e+01
6.502541351318359375e+01
6.488951110839843750e+01
6.475343322753906250e+01
6.461654663085937500e+01
6.447855377197265625e+01
6.433927154541015625e+01
6.419868469238281250e+01
6.405673980712890625e+01
6.391329193115234375e+01
6.376798629760742188e+01
6.362052154541015625e+01
6.347048568725585938e+01
6.331737518310546875e+01
6.316044998168945312e+01
6.299919891357421875e+01
6.283319854736328125e+01
6.266250991821289062e+01
6.248696136474609375e+01
6.230674743652343750e+01
6.212228775024414062e+01
6.193347167968750000e+01
6.174026107788085938e+01
6.154286193847656250e+01
6.134174728393554688e+01
6.113787841796875000e+01
6.093002319335937500e+01
6.071814346313476562e+01
6.050364685058593750e+01
6.028663635253906250e+01
6.006884384155273438e+01
5.984935379028320312e+01
5.962817382812500000e+01
5.940457534790039062e+01
5.917819976806640625e+01
5.894683456420898438e+01
5.870631027221679688e+01
5.845590972900390625e+01
5.819461059570312500e+01
5.792202377319335938e+01
5.763663101196289062e+01
5.733935546875000000e+01
5.702959823608398438e+01
5.671002197265625000e+01
5.638113021850585938e+01
5.604640960693359375e+01
5.570898437500000000e+01
5.537250518798828125e+01
5.503762435913085938e+01
5.470535659790039062e+01
5.437704849243164062e+01
5.405110549926757812e+01
5.372685623168945312e+01
5.340304946899414062e+01
5.307781219482421875e+01
5.275099945068359375e+01
5.242164993286132812e+01
5.208871841430664062e+01
5.175247192382812500e+01
5.141076278686523438e+01
5.106417465209960938e+01
5.071371078491210938e+01
5.035963439941406250e+01
5.000457382202148438e+01
4.964577865600585938e+01
4.928489685058593750e+01
4.892147064208984375e+01
4.855585098266601562e+01
4.818595504760742188e+01
4.781335067749023438e+01
4.743710327148437500e+01
4.705868148803710938e+01
4.667806625366210938e+01
4.629596328735351562e+01
4.591274642944335938e+01
4.552844238281250000e+01
4.514332199096679688e+01
4.475857543945312500e+01
4.437343597412109375e+01
4.398840713500976562e+01
4.360325622558593750e+01
4.321750259399414062e+01
4.283251953125000000e+01
4.244872283935546875e+01
4.206683349609375000e+01
4.168679428100585938e+01
4.130889892578125000e+01
4.093277359008789062e+01
