6.652949523925781250e+01
6.639932250976562500e+01
6.626957702636718750e+01
6.614029693603515625e+01
6.601159667968750000e+01
6.588343811035156250e+01
6.575583648681640625e+01
6.562879180908203125e+01
6.550244903564453125e+01
6.537674713134765625e+01
6.525171661376953125e+01
6.512735748291015625e+01
6.500363922119140625e+01
6.488043212890625000e+01
6.475742340087890625e+01
6.463426208496093750e+01
6.451033782958984375e+01
6.438498687744140625e+01
6.425725555419921875e+01
6.412607574462890625e+01
6.399029922485351562e+01
6.384955978393554688e+01
6.370349884033203125e+01
6.355200958251953125e+01
6.339537429809570312e+01
6.323482513427734375e+01
6.307101821899414062e+01
6.290444183349609375e+01
6.273541641235351562e+01
6.256412887573242188e+01
6.239073562622070312e+01
6.221474838256835938e+01
6.203501892089843750e+01
6.185107421875000000e+01
6.166184234619140625e+01
6.146709823608398438e+01
6.126688003540039062e+01
6.106155395507812500e+01
6.085104751586914062e+01
6.063550949096679688e+01
6.041544723510742188e+01
6.019072341918945312e+01
5.996180343627929688e+01
5.972924804687500000e+01
5.949205017089843750e+01
5.924967193603515625e+01
5.900124740600585938e+01
5.874676132202148438e+01
5.848534774780273438e+01
5.821798706054687500e+01
5.794603729248046875e+01
5.767042541503906250e+01
5.739261627197265625e+01
5.711372375488281250e+01
5.683371734619140625e+01
5.655287170410156250e+01
5.627128601074218750e+01
5.598892211914062500e+01
5.570538711547851562e+01
5.541910934448242188e+01
5.512944793701171875e+01
5.483551025390625000e+01
5.453513717651367188e+01
5.422648620605468750e+01
5.391003799438476562e+01
5.358404922485351562e+01
5.324878692626953125e+01
5.290412521362304688e+01
5.255261230468750000e+01
5.219609451293945312e+01
5.183582305908203125e+01
5.147266006469726562e+01
5.110782623291015625e+01
5.074231719970703125e+01
5.037741851806640625e+01
5.001305770874023438e+01
4.964883804321289062e+01
4.928396606445312500e+01
4.891769409179687500e+01
4.854986190795898438e+01
4.818083953857421875e+01
4.781034088134765625e+01
4.743804550170898438e+01
4.706403732299804688e+01
4.668844223022460938e+01
4.631109237670898438e+01
4.593250656127929688e+01
4.555222320556640625e+01
4.517056655883789062e+01
4.478761672973632812e+01
4.440431594848632812e+01
4.402072906494140625e+01
4.363758087158203125e+01
4.325599288940429688e+01
4.287668991088867188e+01
4.249958419799804688e+01
4.212522125244140625e+01
4.175379180908203125e+01
4.138644409179687500e+01
4.102353668212890625e+01
