6.755339813232421875e+01
6.739512634277343750e+01
6.723723602294921875e+01
6.707970428466796875e+01
6.692252349853515625e+01
6.676566314697265625e+01
6.660908508300781250e+01
6.645277404785156250e+01
6.629674530029296875e+01
6.614096832275390625e+01
6.598547363281250000e+01
6.583024597167968750e+01
6.567525482177734375e+01
6.552048492431640625e+01
6.536589813232421875e+01
6.521150207519531250e+01
6.505725860595703125e+01
6.490318298339843750e+01
6.474925994873046875e+01
6.459542083740234375e+01
6.444147491455078125e+01
6.428712463378906250e+01
6.413188934326171875e+01
6.397507858276367188e+01
6.381603622436523438e+01
6.365422439575195312e+01
6.348883438110351562e+01
6.331910324096679688e+01
6.314485931396484375e+01
6.296618652343750000e+01
6.278353118896484375e+01
6.259746551513671875e+01
6.240948486328125000e+01
6.221988677978515625e+01
6.202909851074218750e+01
6.183719253540039062e+01
6.164412307739257812e+01
6.144968414306640625e+01
6.125390625000000000e+01
6.105593109130859375e+01
6.085504913330078125e+01
6.065004348754882812e+01
6.043958663940429688e+01
6.022249984741210938e+01
5.999834823608398438e+01
5.976829147338867188e+01
5.953316116333007812e+01
5.929348754882812500e+01
5.904862213134765625e+01
5.879819107055664062e+01
5.854314804077148438e+01
5.828283691406250000e+01
5.801693725585937500e+01
5.774547195434570312e+01
5.746781158447265625e+01
5.718263626098632812e+01
5.689103698730468750e+01
5.659367370605468750e+01
5.629055023193359375e+01
5.598157501220703125e+01
5.566648101806640625e+01
5.534621047973632812e+01
5.502131652832031250e+01
5.469225311279296875e+01
5.435824966430664062e+01
5.401982498168945312e+01
5.367613601684570312e+01
5.332794189453125000e+01
5.297706604003906250e+01
5.262486648559570312e+01
5.227110671997070312e+01
5.191698074340820312e+01
5.156217193603515625e+01
5.120698165893554688e+01
5.085118103027343750e+01
5.049480056762695312e+01
5.013774108886718750e+01
4.977898788452148438e+01
4.941897201538085938e+01
4.905805587768554688e+01
4.869587326049804688e+01
4.833274841308593750e+01
4.796882247924804688e+01
4.760380935668945312e+01
4.723695373535156250e+01
4.686847305297851562e+01
4.649972152709960938e+01
4.613036727905273438e+01
4.575936508178710938e+01
4.538755035400390625e+01
4.501500701904296875e+01
4.464223480224609375e+01
4.426994705200195312e+01
4.389836502075195312e+01
4.352702331542968750e+01
4.315638732910156250e+01
4.278715515136718750e+01
4.241972351074218750e+01
4.205442047119140625e+01
4.169157791137695312e+01
