6.656826782226562500e+01
6.637106323242187500e+01
6.617465209960937500e+01
6.597922515869140625e+01
6.578491210937500000e+01
6.559175109863281250e+01
6.539974212646484375e+01
6.520886230468750000e+01
6.501913452148437500e+01
6.483048248291015625e+01
6.464286041259765625e+01
6.445612335205078125e+01
6.427027893066406250e+01
6.408539581298828125e+01
6.390150451660156250e+01
6.371850967407226562e+01
6.353631210327148438e+01
6.335466003417968750e+01
6.317346191406250000e+01
6.299257278442382812e+01
6.281188583374023438e+01
6.263129806518554688e+01
6.245072174072265625e+01
6.227007293701171875e+01
6.208926010131835938e+01
6.190828704833984375e+01
6.172716140747070312e+01
6.154583740234375000e+01
6.136431884765625000e+01
6.118267440795898438e+01
6.100092315673828125e+01
6.081895446777343750e+01
6.063672256469726562e+01
6.045395660400390625e+01
6.027037429809570312e+01
6.008561706542968750e+01
5.989850997924804688e+01
5.970778656005859375e+01
5.951270294189453125e+01
5.931199264526367188e+01
5.910491180419921875e+01
5.889056015014648438e+01
5.866926193237304688e+01
5.844213485717773438e+01
5.821002960205078125e+01
5.797535324096679688e+01
5.773933792114257812e+01
5.750351715087890625e+01
5.726881027221679688e+01
5.703532409667968750e+01
5.680247497558593750e+01
5.657043457031250000e+01
5.633788681030273438e+01
5.610470962524414062e+01
5.587011718750000000e+01
5.563272476196289062e+01
5.539202499389648438e+01
5.514321136474609375e+01
5.488128662109375000e+01
5.460068511962890625e+01
5.429990005493164062e+01
5.398482513427734375e+01
5.366496276855468750e+01
5.334514999389648438e+01
5.302546691894531250e+01
5.270618438720703125e+01
5.238447952270507812e+01
5.205828475952148438e+01
5.172877120971679688e+01
5.139523696899414062e+01
5.106038665771484375e+01
5.072246932983398438e+01
5.037979507446289062e+01
5.003263092041015625e+01
4.968291091918945312e+01
4.932778549194335938e+01
4.896775054931640625e+01
4.860477447509765625e+01
4.823858642578125000e+01
4.787021255493164062e+01
4.750290298461914062e+01
4.713327789306640625e+01
4.676352310180664062e+01
4.639280319213867188e+01
4.602023696899414062e+01
4.564596557617187500e+01
4.527031707763671875e+01
4.489187240600585938e+01
4.451332855224609375e+01
4.413315963745117188e+01
4.375102233886718750e+01
4.336881256103515625e+01
4.298688125610351562e+01
4.260752487182617188e+01
4.222883224487304688e+01
4.185131454467773438e+01
4.147871017456054688e+01
4.110850524902343750e+01
4.073831176757812500e+01
4.037040328979492188e+01
