6.605175781250000000e+01
6.595389556884765625e+01
6.585637664794921875e+01
6.575913238525390625e+01
6.566215515136718750e+01
6.556532287597656250e+01
6.546855926513671875e+01
6.537179565429687500e+01
6.527494049072265625e+01
6.517779541015625000e+01
6.507986450195312500e+01
6.498062896728515625e+01
6.487924194335937500e+01
6.477517700195312500e+01
6.466753387451171875e+01
6.455558013916015625e+01
6.443907165527343750e+01
6.431791687011718750e+01
6.419252014160156250e+01
6.406334686279296875e+01
6.393053436279296875e+01
6.379424667358398438e+01
6.365504074096679688e+01
6.351343536376953125e+01
6.336909866333007812e+01
6.322203445434570312e+01
6.307233428955078125e+01
6.291971588134765625e+01
6.276406097412109375e+01
6.260488510131835938e+01
6.244199752807617188e+01
6.227505493164062500e+01
6.210402297973632812e+01
6.192837524414062500e+01
6.174734878540039062e+01
6.156068038940429688e+01
6.136878585815429688e+01
6.117145919799804688e+01
6.096909713745117188e+01
6.076159286499023438e+01
6.054884719848632812e+01
6.033047866821289062e+01
6.010565948486328125e+01
5.987463760375976562e+01
5.963809967041015625e+01
5.939609146118164062e+01
5.914948654174804688e+01
5.889898681640625000e+01
5.864449691772460938e+01
5.838646697998046875e+01
5.812451553344726562e+01
5.785660934448242188e+01
5.758270645141601562e+01
5.730244064331054688e+01
5.701498794555664062e+01
5.671989822387695312e+01
5.641752243041992188e+01
5.610853576660156250e+01
5.579303741455078125e+01
5.547071075439453125e+01
5.514208602905273438e+01
5.480836105346679688e+01
5.446898651123046875e+01
5.412488555908203125e+01
5.377573776245117188e+01
5.342131042480468750e+01
5.306337356567382812e+01
5.270348739624023438e+01
5.234147262573242188e+01
5.197749710083007812e+01
5.161191558837890625e+01
5.124436187744140625e+01
5.087589263916015625e+01
5.050665283203125000e+01
5.013736724853515625e+01
4.976797103881835938e+01
4.939941024780273438e+01
4.903111267089843750e+01
4.865992355346679688e+01
4.828894424438476562e+01
4.791839599609375000e+01
4.754629898071289062e+01
4.717234802246093750e+01
4.679612731933593750e+01
4.641629409790039062e+01
4.603419113159179688e+01
4.565098190307617188e+01
4.526659393310546875e+01
4.488143920898437500e+01
4.449632263183593750e+01
4.411115646362304688e+01
4.372642517089843750e+01
4.334096908569335938e+01
4.295592880249023438e+01
4.257102966308593750e+01
4.218604660034179688e+01
4.180263519287109375e+01
4.142060089111328125e+01
4.103946304321289062e+01
4.066033935546875000e+01
