6.851011657714843750e+01
6.830341339111328125e+01
6.809783935546875000e+01
6.789341735839843750e+01
6.769027709960937500e+01
6.748851013183593750e+01
6.728823852539062500e+01
6.708950805664062500e+01
6.689226531982421875e+01
6.669660949707031250e+01
6.650233459472656250e+01
6.630918884277343750e+01
6.611674499511718750e+01
6.592440032958984375e+01
6.573127746582031250e+01
6.553698730468750000e+01
6.534153747558593750e+01
6.514522552490234375e+01
6.494837188720703125e+01
6.475119781494140625e+01
6.455387115478515625e+01
6.435637664794921875e+01
6.415831756591796875e+01
6.395928573608398438e+01
6.375886154174804688e+01
6.355677413940429688e+01
6.335262298583984375e+01
6.314631652832031250e+01
6.293744659423828125e+01
6.272584915161132812e+01
6.251112365722656250e+01
6.229263687133789062e+01
6.207019805908203125e+01
6.184376907348632812e+01
6.161344146728515625e+01
6.137977218627929688e+01
6.114313125610351562e+01
6.090436172485351562e+01
6.066406250000000000e+01
6.042294692993164062e+01
6.018172454833984375e+01
5.994057846069335938e+01
5.969978713989257812e+01
5.945893478393554688e+01
5.921764373779296875e+01
5.897480010986328125e+01
5.872888565063476562e+01
5.847952270507812500e+01
5.822600936889648438e+01
5.796873474121093750e+01
5.770700454711914062e+01
5.743915939331054688e+01
5.716571044921875000e+01
5.688992309570312500e+01
5.661292266845703125e+01
5.633396911621093750e+01
5.605308532714843750e+01
5.576870346069335938e+01
5.548068618774414062e+01
5.518826675415039062e+01
5.489134979248046875e+01
5.458861160278320312e+01
5.427893447875976562e+01
5.396167373657226562e+01
5.363866043090820312e+01
5.330754089355468750e+01
5.297200393676757812e+01
5.263008499145507812e+01
5.228046035766601562e+01
5.192595672607421875e+01
5.156609725952148438e+01
5.120089721679687500e+01
5.083371734619140625e+01
5.046656036376953125e+01
5.010027313232421875e+01
4.973357009887695312e+01
4.936598205566406250e+01
4.900025558471679688e+01
4.863586044311523438e+01
4.827217864990234375e+01
4.790872955322265625e+01
4.754724884033203125e+01
4.718744277954101562e+01
4.682873535156250000e+01
4.647028350830078125e+01
4.611245346069335938e+01
4.575405120849609375e+01
4.539626312255859375e+01
4.503886413574218750e+01
4.468091201782226562e+01
4.432368469238281250e+01
4.396689224243164062e+01
4.361077499389648438e+01
4.325603485107421875e+01
4.290264129638671875e+01
4.255124664306640625e+01
4.220219421386718750e+01
4.185527420043945312e+01
4.151079177856445312e+01
4.117066955566406250e+01
