7.082987976074218750e+01
7.063853454589843750e+01
7.044791412353515625e+01
7.025818634033203125e+01
7.007004547119140625e+01
6.988410186767578125e+01
6.970012664794921875e+01
6.951789855957031250e+01
6.933766174316406250e+01
6.915954589843750000e+01
6.898361968994140625e+01
6.880993652343750000e+01
6.863824462890625000e+01
6.846849822998046875e+01
6.830079650878906250e+01
6.813475036621093750e+01
6.796984100341796875e+01
6.780586242675781250e+01
6.764087677001953125e+01
6.747417449951171875e+01
6.730490112304687500e+01
6.713289642333984375e+01
6.695804595947265625e+01
6.677941894531250000e+01
6.659706115722656250e+01
6.641101837158203125e+01
6.622060394287109375e+01
6.602428436279296875e+01
6.582318878173828125e+01
6.561889648437500000e+01
6.541265869140625000e+01
6.520466613769531250e+01
6.499299621582031250e+01
6.477814483642578125e+01
6.455825805664062500e+01
6.433224487304687500e+01
6.409810638427734375e+01
6.385342407226562500e+01
6.359682846069335938e+01
6.332901000976562500e+01
6.305126190185546875e+01
6.276359176635742188e+01
6.246723556518554688e+01
6.216141128540039062e+01
6.184826278686523438e+01
6.152722167968750000e+01
6.119972229003906250e+01
6.086590576171875000e+01
6.052592468261718750e+01
6.018123626708984375e+01
5.983387374877929688e+01
5.948321914672851562e+01
5.913044738769531250e+01
5.877521133422851562e+01
5.841798782348632812e+01
5.806024932861328125e+01
5.770254135131835938e+01
5.734629821777343750e+01
5.699205017089843750e+01
5.663933563232421875e+01
5.628723144531250000e+01
5.593474960327148438e+01
5.558079910278320312e+01
5.522453689575195312e+01
5.486705017089843750e+01
5.450826263427734375e+01
5.414891052246093750e+01
5.378907394409179688e+01
5.342955017089843750e+01
5.306821060180664062e+01
5.270507431030273438e+01
5.234141921997070312e+01
5.197578811645507812e+01
5.160711669921875000e+01
5.123589706420898438e+01
5.086031723022460938e+01
5.047816085815429688e+01
5.008913803100585938e+01
4.969524383544921875e+01
4.929939651489257812e+01
4.890107727050781250e+01
4.850182723999023438e+01
4.810040664672851562e+01
4.769517517089843750e+01
4.728666687011718750e+01
4.687576293945312500e+01
4.646514129638671875e+01
4.605389404296875000e+01
4.564384078979492188e+01
4.523448181152343750e+01
4.482736206054687500e+01
4.442284393310546875e+01
4.401953506469726562e+01
4.361685562133789062e+01
4.321617507934570312e+01
4.281518554687500000e+01
4.241358184814453125e+01
4.201257324218750000e+01
4.161473464965820312e+01
4.121865081787109375e+01
