6.662040710449218750e+01
6.650312042236328125e+01
6.638638305664062500e+01
6.627032470703125000e+01
6.615505981445312500e+01
6.604057312011718750e+01
6.592704772949218750e+01
6.581463623046875000e+01
6.570335388183593750e+01
6.559318542480468750e+01
6.548387145996093750e+01
6.537519836425781250e+01
6.526672363281250000e+01
6.515771484375000000e+01
6.504699707031250000e+01
6.493334197998046875e+01
6.481568908691406250e+01
6.469358825683593750e+01
6.456665039062500000e+01
6.443443298339843750e+01
6.429785156250000000e+01
6.415780639648437500e+01
6.401462554931640625e+01
6.386909866333007812e+01
6.372149658203125000e+01
6.357226181030273438e+01
6.342084884643554688e+01
6.326626205444335938e+01
6.310833740234375000e+01
6.294680404663085938e+01
6.278026199340820312e+01
6.260757446289062500e+01
6.242882156372070312e+01
6.224317169189453125e+01
6.205035018920898438e+01
6.185063552856445312e+01
6.164416122436523438e+01
6.143148422241210938e+01
6.121334838867187500e+01
6.099028778076171875e+01
6.076292800903320312e+01
6.053176116943359375e+01
6.029749679565429688e+01
6.005927276611328125e+01
5.981669998168945312e+01
5.957098770141601562e+01
5.932290649414062500e+01
5.907382202148437500e+01
5.882332229614257812e+01
5.857169723510742188e+01
5.831656265258789062e+01
5.805633544921875000e+01
5.778906250000000000e+01
5.751576614379882812e+01
5.723502349853515625e+01
5.694531250000000000e+01
5.664746856689453125e+01
5.634142303466796875e+01
5.602736663818359375e+01
5.570669937133789062e+01
5.538015365600585938e+01
5.504907226562500000e+01
5.471452331542968750e+01
5.437743759155273438e+01
5.403608703613281250e+01
5.369182205200195312e+01
5.334561920166015625e+01
5.299831008911132812e+01
5.264859771728515625e+01
5.229590988159179688e+01
5.194072723388671875e+01
5.158291625976562500e+01
5.122241973876953125e+01
5.086011123657226562e+01
5.049727249145507812e+01
5.013198471069335938e+01
4.976465606689453125e+01
4.939670944213867188e+01
4.902783584594726562e+01
4.865746688842773438e+01
4.828636169433593750e+01
4.791425704956054688e+01
4.754195022583007812e+01
4.716882324218750000e+01
4.679454040527343750e+01
4.641882324218750000e+01
4.604087829589843750e+01
4.566082000732421875e+01
4.527874374389648438e+01
4.489352035522460938e+01
4.450331115722656250e+01
4.411012268066406250e+01
4.371437835693359375e+01
4.331647491455078125e+01
4.291630554199218750e+01
4.251259994506835938e+01
4.210398101806640625e+01
4.169068145751953125e+01
4.127355957031250000e+01
4.085101699829101562e+01
