2.423312568664550781e+01
2.464017486572265625e+01
2.503290176391601562e+01
2.541159439086914062e+01
2.577686882019042969e+01
2.612924003601074219e+01
2.646941375732421875e+01
2.679817390441894531e+01
2.711654853820800781e+01
2.742555999755859375e+01
2.772630310058593750e+01
2.801995658874511719e+01
2.830785179138183594e+01
2.859118843078613281e+01
2.887129592895507812e+01
2.914962768554687500e+01
2.942742347717285156e+01
2.970597267150878906e+01
2.998658561706542969e+01
3.027046775817871094e+01
3.055880546569824219e+01
3.085258483886718750e+01
3.115281677246093750e+01
3.146044158935546875e+01
3.177614784240722656e+01
3.210060119628906250e+01
3.243428802490234375e+01
3.277755737304687500e+01
3.313064193725585938e+01
3.349364471435546875e+01
3.386640548706054688e+01
3.424880981445312500e+01
3.464046478271484375e+01
3.504089736938476562e+01
3.544944000244140625e+01
3.586537551879882812e+01
3.628791809082031250e+01
3.671597290039062500e+01
3.714842605590820312e+01
3.758425903320312500e+01
3.802215576171875000e+01
3.846080780029296875e+01
3.889883422851562500e+01
3.933486175537109375e+01
3.976743698120117188e+01
4.019506454467773438e+01
4.061635971069335938e+01
4.102981185913085938e+01
4.143383407592773438e+01
4.182720184326171875e+01
4.220839691162109375e+01
4.257607650756835938e+01
4.292891693115234375e+01
4.326570129394531250e+01
4.358520126342773438e+01
4.388628768920898438e+01
4.416795730590820312e+01
4.442917633056640625e+01
4.466918563842773438e+01
4.488696670532226562e+01
4.508206939697265625e+01
4.525368881225585938e+01
4.540139770507812500e+01
4.552474212646484375e+01
4.562343215942382812e+01
4.569737625122070312e+01
4.574622726440429688e+01
4.577015304565429688e+01
4.576908874511718750e+01
4.574336624145507812e+01
4.569319152832031250e+01
4.561893463134765625e+01
4.552110290527343750e+01
4.540036010742187500e+01
4.525703430175781250e+01
4.509228515625000000e+01
4.490671157836914062e+01
4.470119857788085938e+01
4.447679901123046875e+01
4.423448181152343750e+01
4.397541809082031250e+01
4.370067596435546875e+01
4.341152954101562500e+01
4.310903930664062500e+01
4.279475784301757812e+01
4.246978759765625000e+01
4.213534164428710938e+01
4.179301452636718750e+01
4.144372558593750000e+01
4.108910751342773438e+01
4.073018646240234375e+01
4.036851119995117188e+01
4.000490951538085938e+01
3.964086151123046875e+01
3.927722167968750000e+01
3.891531372070312500e+01
3.855587005615234375e+01
3.819987487792968750e+01
3.784816741943359375e+01
3.750143051147460938e+01
