2.521154975891113281e+01
2.567168235778808594e+01
2.611537933349609375e+01
2.654269599914550781e+01
2.695354461669921875e+01
2.734834671020507812e+01
2.772740364074707031e+01
2.809125137329101562e+01
2.844072151184082031e+01
2.877631187438964844e+01
2.909902381896972656e+01
2.940992736816406250e+01
2.970994377136230469e+01
3.000027084350585938e+01
3.028207015991210938e+01
3.055657958984375000e+01
3.082515716552734375e+01
3.108901596069335938e+01
3.134962463378906250e+01
3.160814666748046875e+01
3.186595726013183594e+01
3.212429046630859375e+01
3.238436508178710938e+01
3.264725875854492188e+01
3.291410064697265625e+01
3.318590164184570312e+01
3.346354675292968750e+01
3.374784469604492188e+01
3.403932571411132812e+01
3.433856201171875000e+01
3.464616394042968750e+01
3.496228408813476562e+01
3.528715133666992188e+01
3.562062835693359375e+01
3.596274566650390625e+01
3.631323242187500000e+01
3.667158126831054688e+01
3.703731918334960938e+01
3.740974807739257812e+01
3.778813552856445312e+01
3.817156219482421875e+01
3.855887603759765625e+01
3.894905471801757812e+01
3.934105682373046875e+01
3.973339462280273438e+01
4.012467575073242188e+01
4.051348114013671875e+01
4.089852142333984375e+01
4.127807235717773438e+01
4.165083694458007812e+01
4.201508331298828125e+01
4.236941146850585938e+01
4.271231460571289062e+01
4.304220199584960938e+01
4.335765838623046875e+01
4.365761566162109375e+01
4.394039154052734375e+01
4.420475769042968750e+01
4.444978713989257812e+01
4.467420196533203125e+01
4.487725830078125000e+01
4.505791473388671875e+01
4.521549224853515625e+01
4.534940338134765625e+01
4.545909500122070312e+01
4.554421234130859375e+01
4.560452651977539062e+01
4.563991165161132812e+01
4.565044021606445312e+01
4.563618850708007812e+01
4.559740829467773438e+01
4.553438568115234375e+01
4.544786834716796875e+01
4.533828735351562500e+01
4.520650100708007812e+01
4.505300521850585938e+01
4.487898254394531250e+01
4.468530273437500000e+01
4.447302627563476562e+01
4.424343109130859375e+01
4.399747467041015625e+01
4.373650360107421875e+01
4.346178054809570312e+01
4.317451477050781250e+01
4.287611389160156250e+01
4.256779479980468750e+01
4.225091934204101562e+01
4.192674636840820312e+01
4.159657669067382812e+01
4.126165390014648438e+01
4.092310714721679688e+01
4.058222579956054688e+01
4.024005126953125000e+01
3.989747619628906250e+01
3.955569076538085938e+01
3.921537017822265625e+01
3.887747192382812500e+01
3.854261016845703125e+01
3.821138381958007812e+01
3.788439941406250000e+01
