2.563157081604003906e+01
2.594983863830566406e+01
2.625318527221679688e+01
2.654269027709960938e+01
2.681906127929687500e+01
2.708346748352050781e+01
2.733699226379394531e+01
2.758088302612304688e+01
2.781637763977050781e+01
2.804494476318359375e+01
2.826795387268066406e+01
2.848678970336914062e+01
2.870289611816406250e+01
2.891774749755859375e+01
2.913273811340332031e+01
2.934930229187011719e+01
2.956873703002929688e+01
2.979239845275878906e+01
3.002140808105468750e+01
3.025710105895996094e+01
3.050028228759765625e+01
3.075201606750488281e+01
3.101314353942871094e+01
3.128426551818847656e+01
3.156611061096191406e+01
3.185896301269531250e+01
3.216331863403320312e+01
3.247925186157226562e+01
3.280679702758789062e+01
3.314606475830078125e+01
3.349665832519531250e+01
3.385818481445312500e+01
3.423044967651367188e+01
3.461275482177734375e+01
3.500419998168945312e+01
3.540446853637695312e+01
3.581229782104492188e+01
3.622686004638671875e+01
3.664696884155273438e+01
3.707173156738281250e+01
3.749980545043945312e+01
3.792996215820312500e+01
3.836102294921875000e+01
3.879155349731445312e+01
3.922041320800781250e+01
3.964603042602539062e+01
4.006716918945312500e+01
4.048237609863281250e+01
4.089041519165039062e+01
4.128986358642578125e+01
4.167954254150390625e+01
4.205796051025390625e+01
4.242407608032226562e+01
4.277658843994140625e+01
4.311436843872070312e+01
4.343630981445312500e+01
4.374146652221679688e+01
4.402882003784179688e+01
4.429722213745117188e+01
4.454616928100585938e+01
4.477481842041015625e+01
4.498255157470703125e+01
4.516847991943359375e+01
4.533252334594726562e+01
4.547400283813476562e+01
4.559262847900390625e+01
4.568811416625976562e+01
4.576036834716796875e+01
4.580948257446289062e+01
4.583516693115234375e+01
4.583764648437500000e+01
4.581725692749023438e+01
4.577416610717773438e+01
4.570878601074218750e+01
4.562165451049804688e+01
4.551317977905273438e+01
4.538394927978515625e+01
4.523477172851562500e+01
4.506625747680664062e+01
4.487940597534179688e+01
4.467487335205078125e+01
4.445370483398437500e+01
4.421674728393554688e+01
4.396514892578125000e+01
4.369968414306640625e+01
4.342155456542968750e+01
4.313183975219726562e+01
4.283156204223632812e+01
4.252184295654296875e+01
4.220372772216796875e+01
4.187834167480468750e+01
4.154660797119140625e+01
4.120960235595703125e+01
4.086844635009765625e+01
4.052401351928710938e+01
4.017736434936523438e+01
3.982931518554687500e+01
3.948086547851562500e+01
3.913257598876953125e+01
3.878577423095703125e+01
