2.639585876464843750e+01
2.676959037780761719e+01
2.712801361083984375e+01
2.747136497497558594e+01
2.780021095275878906e+01
2.811519813537597656e+01
2.841689109802246094e+01
2.870612335205078125e+01
2.898385429382324219e+01
2.925093650817871094e+01
2.950866699218750000e+01
2.975793457031250000e+01
3.000000762939453125e+01
3.023607826232910156e+01
3.046748542785644531e+01
3.069545936584472656e+01
3.092132949829101562e+01
3.114633178710937500e+01
3.137183570861816406e+01
3.159902572631835938e+01
3.182919502258300781e+01
3.206339263916015625e+01
3.230281448364257812e+01
3.254851150512695312e+01
3.280128479003906250e+01
3.306216430664062500e+01
3.333183670043945312e+01
3.361090850830078125e+01
3.389991378784179688e+01
3.419921112060546875e+01
3.450919342041015625e+01
3.482981491088867188e+01
3.516127395629882812e+01
3.550335693359375000e+01
3.585572052001953125e+01
3.621806335449218750e+01
3.658978652954101562e+01
3.697012329101562500e+01
3.735834503173828125e+01
3.775353240966796875e+01
3.815457916259765625e+01
3.856034851074218750e+01
3.896954727172851562e+01
3.938076019287109375e+01
3.979265975952148438e+01
4.020363616943359375e+01
4.061207580566406250e+01
4.101641464233398438e+01
4.141491317749023438e+01
4.180596923828125000e+01
4.218780517578125000e+01
4.255879592895507812e+01
4.291714477539062500e+01
4.326137924194335938e+01
4.358959960937500000e+01
4.390032958984375000e+01
4.419245529174804688e+01
4.446396636962890625e+01
4.471406173706054688e+01
4.494127655029296875e+01
4.514476013183593750e+01
4.532320404052734375e+01
4.547624206542968750e+01
4.560269546508789062e+01
4.570253753662109375e+01
4.577508544921875000e+01
4.582029724121093750e+01
4.583789062500000000e+01
4.582810592651367188e+01
4.579135894775390625e+01
4.572768402099609375e+01
4.563796997070312500e+01
4.552272415161132812e+01
4.538288497924804688e+01
4.521915817260742188e+01
4.503290176391601562e+01
4.482539749145507812e+01
4.459767913818359375e+01
4.435103607177734375e+01
4.408697128295898438e+01
4.380710601806640625e+01
4.351279830932617188e+01
4.320557403564453125e+01
4.288694381713867188e+01
4.255862426757812500e+01
4.222184753417968750e+01
4.187827301025390625e+01
4.152946090698242188e+01
4.117661285400390625e+01
4.082098007202148438e+01
4.046413803100585938e+01
4.010670089721679688e+01
3.975007629394531250e+01
3.939532470703125000e+01
3.904305648803710938e+01
3.869424819946289062e+01
3.834934997558593750e+01
3.800915527343750000e+01
3.767375564575195312e+01
3.734383392333984375e+01
