2.531904029846191406e+01
2.564569473266601562e+01
2.595552062988281250e+01
2.624908256530761719e+01
2.652734947204589844e+01
2.679114723205566406e+01
2.704148483276367188e+01
2.727961158752441406e+01
2.750671958923339844e+01
2.772410964965820312e+01
2.793327522277832031e+01
2.813526535034179688e+01
2.833175849914550781e+01
2.852421951293945312e+01
2.871402168273925781e+01
2.890260314941406250e+01
2.909115600585937500e+01
2.928130149841308594e+01
2.947415733337402344e+01
2.967098999023437500e+01
2.987281990051269531e+01
3.008085250854492188e+01
3.029580497741699219e+01
3.051862716674804688e+01
3.075005531311035156e+01
3.099059295654296875e+01
3.124079513549804688e+01
3.150102424621582031e+01
3.177153968811035156e+01
3.205239868164062500e+01
3.234374237060546875e+01
3.264536285400390625e+01
3.295720291137695312e+01
3.327886581420898438e+01
3.361016082763671875e+01
3.395052719116210938e+01
3.429942703247070312e+01
3.465634536743164062e+01
3.502046966552734375e+01
3.539133071899414062e+01
3.576799774169921875e+01
3.614967727661132812e+01
3.653568649291992188e+01
3.692498779296875000e+01
3.731679153442382812e+01
3.771023178100585938e+01
3.810418701171875000e+01
3.849790191650390625e+01
3.889031219482421875e+01
3.928060913085937500e+01
3.966743469238281250e+01
4.005009460449218750e+01
4.042754745483398438e+01
4.079862213134765625e+01
4.116235733032226562e+01
4.151767349243164062e+01
4.186356353759765625e+01
4.219886016845703125e+01
4.252254867553710938e+01
4.283353424072265625e+01
4.313063049316406250e+01
4.341291809082031250e+01
4.367901229858398438e+01
4.392813491821289062e+01
4.415900802612304688e+01
4.437067413330078125e+01
4.456206512451171875e+01
4.473229217529296875e+01
4.488031005859375000e+01
4.500537872314453125e+01
4.510655212402343750e+01
4.518313598632812500e+01
4.523445510864257812e+01
4.526004028320312500e+01
4.525954818725585938e+01
4.523233032226562500e+01
4.517840957641601562e+01
4.509759902954101562e+01
4.499012374877929688e+01
4.485604858398437500e+01
4.469589996337890625e+01
4.450992202758789062e+01
4.429897689819335938e+01
4.406378555297851562e+01
4.380536270141601562e+01
4.352460861206054688e+01
4.322304534912109375e+01
4.290187454223632812e+01
4.256242370605468750e+01
4.220644760131835938e+01
4.183554077148437500e+01
4.145132064819335938e+01
4.105561065673828125e+01
4.065029525756835938e+01
4.023715972900390625e+01
3.981799697875976562e+01
3.939466857910156250e+01
3.896899032592773438e+01
3.854254150390625000e+01
3.811716461181640625e+01
