2.541931343078613281e+01
2.585717773437500000e+01
2.627702903747558594e+01
2.667921447753906250e+01
2.706401252746582031e+01
2.743205451965332031e+01
2.778415107727050781e+01
2.812115859985351562e+01
2.844416236877441406e+01
2.875411987304687500e+01
2.905240058898925781e+01
2.934016990661621094e+01
2.961901855468750000e+01
2.989019012451171875e+01
3.015525436401367188e+01
3.041563224792480469e+01
3.067288970947265625e+01
3.092848968505859375e+01
3.118374443054199219e+01
3.144021034240722656e+01
3.169905853271484375e+01
3.196154785156250000e+01
3.222885894775390625e+01
3.250200271606445312e+01
3.278203964233398438e+01
3.306940841674804688e+01
3.336502838134765625e+01
3.366936492919921875e+01
3.398286819458007812e+01
3.430557632446289062e+01
3.463767242431640625e+01
3.497902679443359375e+01
3.532942199707031250e+01
3.568863296508789062e+01
3.605601501464843750e+01
3.643095016479492188e+01
3.681277847290039062e+01
3.720056152343750000e+01
3.759351730346679688e+01
3.799033737182617188e+01
3.839007186889648438e+01
3.879146575927734375e+01
3.919329071044921875e+01
3.959412765502929688e+01
3.999267578125000000e+01
4.038758850097656250e+01
4.077762985229492188e+01
4.116106033325195312e+01
4.153680038452148438e+01
4.190353012084960938e+01
4.225970840454101562e+01
4.260425567626953125e+01
4.293581008911132812e+01
4.325330734252929688e+01
4.355547714233398438e+01
4.384166336059570312e+01
4.411042404174804688e+01
4.436113739013671875e+01
4.459296417236328125e+01
4.480523300170898438e+01
4.499736785888671875e+01
4.516881942749023438e+01
4.531909179687500000e+01
4.544793319702148438e+01
4.555511856079101562e+01
4.564042282104492188e+01
4.570387268066406250e+01
4.574559020996093750e+01
4.576551437377929688e+01
4.576393127441406250e+01
4.574115371704101562e+01
4.569744491577148438e+01
4.563325881958007812e+01
4.554911041259765625e+01
4.544554519653320312e+01
4.532313919067382812e+01
4.518235778808593750e+01
4.502408218383789062e+01
4.484886550903320312e+01
4.465744400024414062e+01
4.445066833496093750e+01
4.422917175292968750e+01
4.399390411376953125e+01
4.374545669555664062e+01
4.348472213745117188e+01
4.321247100830078125e+01
4.292952346801757812e+01
4.263663864135742188e+01
4.233446884155273438e+01
4.202401733398437500e+01
4.170588302612304688e+01
4.138085556030273438e+01
4.104963302612304688e+01
4.071294784545898438e+01
4.037166595458984375e+01
4.002621078491210938e+01
3.967736434936523438e+01
3.932578277587890625e+01
3.897233963012695312e+01
3.861736297607421875e+01
