2.651230621337890625e+01
2.696030998229980469e+01
2.739819526672363281e+01
2.782653427124023438e+01
2.824558258056640625e+01
2.865595817565917969e+01
2.905815505981445312e+01
2.945289611816406250e+01
2.984073066711425781e+01
3.022231101989746094e+01
3.059828376770019531e+01
3.096939468383789062e+01
3.133619689941406250e+01
3.169946670532226562e+01
3.205968475341796875e+01
3.241750335693359375e+01
3.277338027954101562e+01
3.312786865234375000e+01
3.348134613037109375e+01
3.383404159545898438e+01
3.418640518188476562e+01
3.453858184814453125e+01
3.489076232910156250e+01
3.524295425415039062e+01
3.559526062011718750e+01
3.594738006591796875e+01
3.629946517944335938e+01
3.665113067626953125e+01
3.700231933593750000e+01
3.735254287719726562e+01
3.770156478881835938e+01
3.804896163940429688e+01
3.839442062377929688e+01
3.873736953735351562e+01
3.907725906372070312e+01
3.941407775878906250e+01
3.974696350097656250e+01
4.007540512084960938e+01
4.039925765991210938e+01
4.071761703491210938e+01
4.103043746948242188e+01
4.133707809448242188e+01
4.163711166381835938e+01
4.193013381958007812e+01
4.221573257446289062e+01
4.249363327026367188e+01
4.276335144042968750e+01
4.302468109130859375e+01
4.327715301513671875e+01
4.352050018310546875e+01
4.375436782836914062e+01
4.397843551635742188e+01
4.419234085083007812e+01
4.439579010009765625e+01
4.458835983276367188e+01
4.476996612548828125e+01
4.494008636474609375e+01
4.509812164306640625e+01
4.524412155151367188e+01
4.537733459472656250e+01
4.549759292602539062e+01
4.560441970825195312e+01
4.569746398925781250e+01
4.577605819702148438e+01
4.584024429321289062e+01
4.588904190063476562e+01
4.592244720458984375e+01
4.594017028808593750e+01
4.594160842895507812e+01
4.592649841308593750e+01
4.589456176757812500e+01
4.584581756591796875e+01
4.577984237670898438e+01
4.569654846191406250e+01
4.559583663940429688e+01
4.547798919677734375e+01
4.534290313720703125e+01
4.519073486328125000e+01
4.502189254760742188e+01
4.483649444580078125e+01
4.463526153564453125e+01
4.441838836669921875e+01
4.418663787841796875e+01
4.394068908691406250e+01
4.368102264404296875e+01
4.340870666503906250e+01
4.312453079223632812e+01
4.282911300659179688e+01
4.252369689941406250e+01
4.220922470092773438e+01
4.188650894165039062e+01
4.155669403076171875e+01
4.122079086303710938e+01
4.087966918945312500e+01
4.053430175781250000e+01
4.018603897094726562e+01
3.983510589599609375e+01
3.948295974731445312e+01
3.913030242919921875e+01
3.877795791625976562e+01
