2.547015571594238281e+01
2.584386634826660156e+01
2.620326423645019531e+01
2.654900169372558594e+01
2.688196563720703125e+01
2.720327377319335938e+01
2.751394844055175781e+01
2.781507110595703125e+01
2.810785102844238281e+01
2.839359664916992188e+01
2.867376136779785156e+01
2.894950675964355469e+01
2.922224998474121094e+01
2.949328422546386719e+01
2.976392936706542969e+01
3.003550720214843750e+01
3.030918312072753906e+01
3.058611679077148438e+01
3.086727905273437500e+01
3.115363883972167969e+01
3.144611358642578125e+01
3.174557113647460938e+01
3.205238342285156250e+01
3.236735534667968750e+01
3.269065856933593750e+01
3.302267074584960938e+01
3.336339187622070312e+01
3.371293640136718750e+01
3.407126998901367188e+01
3.443803024291992188e+01
3.481295776367187500e+01
3.519563293457031250e+01
3.558547973632812500e+01
3.598176956176757812e+01
3.638376998901367188e+01
3.679083251953125000e+01
3.720196151733398438e+01
3.761607742309570312e+01
3.803244018554687500e+01
3.844985580444335938e+01
3.886724090576171875e+01
3.928358840942382812e+01
3.969753646850585938e+01
4.010824966430664062e+01
4.051439666748046875e+01
4.091479873657226562e+01
4.130824279785156250e+01
4.169381713867187500e+01
4.207016754150390625e+01
4.243637084960937500e+01
4.279104614257812500e+01
4.313370513916015625e+01
4.346268463134765625e+01
4.377737426757812500e+01
4.407667922973632812e+01
4.435973739624023438e+01
4.462589263916015625e+01
4.487409591674804688e+01
4.510369110107421875e+01
4.531394195556640625e+01
4.550458526611328125e+01
4.567457962036132812e+01
4.582373809814453125e+01
4.595133590698242188e+01
4.605772781372070312e+01
4.614201736450195312e+01
4.620424652099609375e+01
4.624433898925781250e+01
4.626228713989257812e+01
4.625803756713867188e+01
4.623202514648437500e+01
4.618394470214843750e+01
4.611484527587890625e+01
4.602442932128906250e+01
4.591370773315429688e+01
4.578274917602539062e+01
4.563250732421875000e+01
4.546337127685546875e+01
4.527622222900390625e+01
4.507201385498046875e+01
4.485111618041992188e+01
4.461491775512695312e+01
4.436407089233398438e+01
4.409936904907226562e+01
4.382203674316406250e+01
4.353303146362304688e+01
4.323348236083984375e+01
4.292411804199218750e+01
4.260613250732421875e+01
4.228058624267578125e+01
4.194839859008789062e+01
4.161058807373046875e+01
4.126812362670898438e+01
4.092215347290039062e+01
4.057336807250976562e+01
4.022293472290039062e+01
3.987142944335937500e+01
3.952002334594726562e+01
3.916930770874023438e+01
3.882019424438476562e+01
