2.590427970886230469e+01
2.631646537780761719e+01
2.670928573608398438e+01
2.708298301696777344e+01
2.743807792663574219e+01
2.777520179748535156e+01
2.809520149230957031e+01
2.839912796020507812e+01
2.868791198730468750e+01
2.896291351318359375e+01
2.922548294067382812e+01
2.947700881958007812e+01
2.971909332275390625e+01
2.995324134826660156e+01
3.018107986450195312e+01
3.040423011779785156e+01
3.062455749511718750e+01
3.084337425231933594e+01
3.106263542175292969e+01
3.128367233276367188e+01
3.150805473327636719e+01
3.173722839355468750e+01
3.197246360778808594e+01
3.221514892578125000e+01
3.246617126464843750e+01
3.272655487060546875e+01
3.299726486206054688e+01
3.327857971191406250e+01
3.357129669189453125e+01
3.387582015991210938e+01
3.419213485717773438e+01
3.452037048339843750e+01
3.486026763916015625e+01
3.521158981323242188e+01
3.557382202148437500e+01
3.594653701782226562e+01
3.632872009277343750e+01
3.671968460083007812e+01
3.711830139160156250e+01
3.752343750000000000e+01
3.793383026123046875e+01
3.834816360473632812e+01
3.876509857177734375e+01
3.918304443359375000e+01
3.960068511962890625e+01
4.001615142822265625e+01
4.042797851562500000e+01
4.083457183837890625e+01
4.123416137695312500e+01
4.162527847290039062e+01
4.200626373291015625e+01
4.237548828125000000e+01
4.273147583007812500e+01
4.307283020019531250e+01
4.339788818359375000e+01
4.370550918579101562e+01
4.399432754516601562e+01
4.426316833496093750e+01
4.451097106933593750e+01
4.473665237426757812e+01
4.493935775756835938e+01
4.511835098266601562e+01
4.527295303344726562e+01
4.540259170532226562e+01
4.550680541992187500e+01
4.558540725708007812e+01
4.563806152343750000e+01
4.566491317749023438e+01
4.566593933105468750e+01
4.564139175415039062e+01
4.559157180786132812e+01
4.551706695556640625e+01
4.541820144653320312e+01
4.529583740234375000e+01
4.515078353881835938e+01
4.498392105102539062e+01
4.479622650146484375e+01
4.458879089355468750e+01
4.436269760131835938e+01
4.411940383911132812e+01
4.385998153686523438e+01
4.358592605590820312e+01
4.329838562011718750e+01
4.299896240234375000e+01
4.268895721435546875e+01
4.236989974975585938e+01
4.204300308227539062e+01
4.170972442626953125e+01
4.137135696411132812e+01
4.102929306030273438e+01
4.068459320068359375e+01
4.033856964111328125e+01
3.999211502075195312e+01
3.964633178710937500e+01
3.930221939086914062e+01
3.896046829223632812e+01
3.862171173095703125e+01
3.828668975830078125e+01
3.795581054687500000e+01
3.762949371337890625e+01
