2.547784233093261719e+01
2.589398765563964844e+01
2.629804801940917969e+01
2.669024658203125000e+01
2.707117843627929688e+01
2.744120597839355469e+01
2.780105018615722656e+01
2.815138626098632812e+01
2.849283981323242188e+01
2.882629013061523438e+01
2.915259742736816406e+01
2.947251510620117188e+01
2.978709602355957031e+01
3.009705162048339844e+01
3.040342521667480469e+01
3.070705795288085938e+01
3.100877761840820312e+01
3.130953025817871094e+01
3.161005783081054688e+01
3.191123771667480469e+01
3.221377182006835938e+01
3.251823043823242188e+01
3.282536315917968750e+01
3.313550949096679688e+01
3.344951248168945312e+01
3.376745986938476562e+01
3.408972549438476562e+01
3.441678237915039062e+01
3.474852371215820312e+01
3.508534622192382812e+01
3.542708206176757812e+01
3.577368164062500000e+01
3.612497329711914062e+01
3.648086929321289062e+01
3.684101867675781250e+01
3.720504760742187500e+01
3.757238388061523438e+01
3.794279098510742188e+01
3.831564712524414062e+01
3.869010162353515625e+01
3.906578445434570312e+01
3.944168853759765625e+01
3.981703948974609375e+01
4.019104385375976562e+01
4.056291580200195312e+01
4.093147277832031250e+01
4.129576492309570312e+01
4.165495681762695312e+01
4.200768280029296875e+01
4.235304260253906250e+01
4.269004058837890625e+01
4.301717758178710938e+01
4.333369827270507812e+01
4.363838958740234375e+01
4.392985534667968750e+01
4.420727920532226562e+01
4.446936035156250000e+01
4.471532440185546875e+01
4.494358825683593750e+01
4.515363693237304688e+01
4.534428787231445312e+01
4.551467132568359375e+01
4.566401672363281250e+01
4.579155731201171875e+01
4.589668655395507812e+01
4.597882080078125000e+01
4.603744506835937500e+01
4.607218170166015625e+01
4.608265304565429688e+01
4.606902313232421875e+01
4.603097152709960938e+01
4.596879577636718750e+01
4.588250732421875000e+01
4.577238464355468750e+01
4.563915252685546875e+01
4.548316955566406250e+01
4.530506134033203125e+01
4.510552597045898438e+01
4.488544845581054688e+01
4.464595794677734375e+01
4.438763809204101562e+01
4.411192703247070312e+01
4.381989288330078125e+01
4.351267242431640625e+01
4.319157028198242188e+01
4.285773468017578125e+01
4.251238250732421875e+01
4.215712738037109375e+01
4.179287719726562500e+01
4.142126464843750000e+01
4.104317092895507812e+01
4.066024398803710938e+01
4.027327346801757812e+01
3.988367080688476562e+01
3.949240875244140625e+01
3.910050964355468750e+01
3.870900726318359375e+01
3.831884384155273438e+01
3.793094635009765625e+01
3.754585266113281250e+01
