2.643280982971191406e+01
2.681462097167968750e+01
2.718175697326660156e+01
2.753471374511718750e+01
2.787412261962890625e+01
2.820098686218261719e+01
2.851612281799316406e+01
2.882071685791015625e+01
2.911566352844238281e+01
2.940237808227539062e+01
2.968192481994628906e+01
2.995552062988281250e+01
3.022451210021972656e+01
3.049022865295410156e+01
3.075395011901855469e+01
3.101697540283203125e+01
3.128043174743652344e+01
3.154562950134277344e+01
3.181356811523437500e+01
3.208544540405273438e+01
3.236236572265625000e+01
3.264493942260742188e+01
3.293415069580078125e+01
3.323065948486328125e+01
3.353501129150390625e+01
3.384764480590820312e+01
3.416898345947265625e+01
3.449917221069335938e+01
3.483826446533203125e+01
3.518610763549804688e+01
3.554262924194335938e+01
3.590753555297851562e+01
3.628028869628906250e+01
3.666030120849609375e+01
3.704701232910156250e+01
3.743947601318359375e+01
3.783681488037109375e+01
3.823808670043945312e+01
3.864218139648437500e+01
3.904782104492187500e+01
3.945391082763671875e+01
3.985922622680664062e+01
4.026212692260742188e+01
4.066149139404296875e+01
4.105578994750976562e+01
4.144361495971679688e+01
4.182361602783203125e+01
4.219426727294921875e+01
4.255430221557617188e+01
4.290222930908203125e+01
4.323674011230468750e+01
4.355663299560546875e+01
4.386058044433593750e+01
4.414754486083984375e+01
4.441636276245117188e+01
4.466601562500000000e+01
4.489568328857421875e+01
4.510453414916992188e+01
4.529188156127929688e+01
4.545712280273437500e+01
4.559975051879882812e+01
4.571948242187500000e+01
4.581607437133789062e+01
4.588924026489257812e+01
4.593917083740234375e+01
4.596588134765625000e+01
4.596961975097656250e+01
4.595074844360351562e+01
4.590963745117187500e+01
4.584701919555664062e+01
4.576332092285156250e+01
4.565953063964843750e+01
4.553636550903320312e+01
4.539481353759765625e+01
4.523575973510742188e+01
4.506033325195312500e+01
4.486965179443359375e+01
4.466483688354492188e+01
4.444720840454101562e+01
4.421784210205078125e+01
4.397793197631835938e+01
4.372877120971679688e+01
4.347162246704101562e+01
4.320777130126953125e+01
4.293804931640625000e+01
4.266390609741210938e+01
4.238648223876953125e+01
4.210646057128906250e+01
4.182530593872070312e+01
4.154356384277343750e+01
4.126202392578125000e+01
4.098186111450195312e+01
4.070336532592773438e+01
4.042743682861328125e+01
4.015422821044921875e+01
3.988439941406250000e+01
3.961826324462890625e+01
3.935600662231445312e+01
3.909770965576171875e+01
3.884344863891601562e+01
