2.484917259216308594e+01
2.521076393127441406e+01
2.555452537536621094e+01
2.588082313537597656e+01
2.619036293029785156e+01
2.648393058776855469e+01
2.676229476928710938e+01
2.702671051025390625e+01
2.727811622619628906e+01
2.751773643493652344e+01
2.774711990356445312e+01
2.796742057800292969e+01
2.818021392822265625e+01
2.838696861267089844e+01
2.858909416198730469e+01
2.878812980651855469e+01
2.898577308654785156e+01
2.918317604064941406e+01
2.938187408447265625e+01
2.958333206176757812e+01
2.978861427307128906e+01
2.999913597106933594e+01
3.021584701538085938e+01
3.043981361389160156e+01
3.067192268371582031e+01
3.091289329528808594e+01
3.116347694396972656e+01
3.142400932312011719e+01
3.169510078430175781e+01
3.197686958312988281e+01
3.226951217651367188e+01
3.257304000854492188e+01
3.288742828369140625e+01
3.321234512329101562e+01
3.354759597778320312e+01
3.389261627197265625e+01
3.424705123901367188e+01
3.461029434204101562e+01
3.498157119750976562e+01
3.536025619506835938e+01
3.574549484252929688e+01
3.613643646240234375e+01
3.653214263916015625e+01
3.693172836303710938e+01
3.733402252197265625e+01
3.773827362060546875e+01
3.814318084716796875e+01
3.854777908325195312e+01
3.895097732543945312e+01
3.935160446166992188e+01
3.974853515625000000e+01
4.014066314697265625e+01
4.052674865722656250e+01
4.090565872192382812e+01
4.127620315551757812e+01
4.163721847534179688e+01
4.198753356933593750e+01
4.232591629028320312e+01
4.265123367309570312e+01
4.296218872070312500e+01
4.325789642333984375e+01
4.353694534301757812e+01
4.379832839965820312e+01
4.404096984863281250e+01
4.426383972167968750e+01
4.446591186523437500e+01
4.464623260498046875e+01
4.480415725708007812e+01
4.493851470947265625e+01
4.504890441894531250e+01
4.513447189331054688e+01
4.519487380981445312e+01
4.522967529296875000e+01
4.523862838745117188e+01
4.522148132324218750e+01
4.517829895019531250e+01
4.510904312133789062e+01
4.501413345336914062e+01
4.489392852783203125e+01
4.474884033203125000e+01
4.457974624633789062e+01
4.438730621337890625e+01
4.417258453369140625e+01
4.393663024902343750e+01
4.368053817749023438e+01
4.340567016601562500e+01
4.311342239379882812e+01
4.280527114868164062e+01
4.248271179199218750e+01
4.214736938476562500e+01
4.180086517333984375e+01
4.144492340087890625e+01
4.108112716674804688e+01
4.071109390258789062e+01
4.033641052246093750e+01
3.995880889892578125e+01
3.957963562011718750e+01
3.920028305053710938e+01
3.882218170166015625e+01
3.844657897949218750e+01
