2.616059875488281250e+01
2.648349189758300781e+01
2.679244041442871094e+01
2.708810615539550781e+01
2.737143135070800781e+01
2.764318084716796875e+01
2.790450286865234375e+01
2.815640449523925781e+01
2.839986991882324219e+01
2.863635826110839844e+01
2.886698532104492188e+01
2.909293174743652344e+01
2.931555747985839844e+01
2.953604698181152344e+01
2.975566482543945312e+01
2.997566032409667969e+01
3.019724273681640625e+01
3.042152023315429688e+01
3.064970779418945312e+01
3.088269805908203125e+01
3.112143898010253906e+01
3.136681747436523438e+01
3.161972236633300781e+01
3.188064193725585938e+01
3.215026473999023438e+01
3.242915725708007812e+01
3.271750640869140625e+01
3.301564025878906250e+01
3.332376861572265625e+01
3.364193725585937500e+01
3.397002029418945312e+01
3.430790710449218750e+01
3.465527343750000000e+01
3.501167297363281250e+01
3.537689590454101562e+01
3.575003433227539062e+01
3.613080596923828125e+01
3.651818847656250000e+01
3.691152954101562500e+01
3.731003189086914062e+01
3.771264266967773438e+01
3.811835098266601562e+01
3.852618789672851562e+01
3.893500518798828125e+01
3.934379196166992188e+01
3.975117111206054688e+01
4.015612792968750000e+01
4.055738449096679688e+01
4.095364761352539062e+01
4.134363937377929688e+01
4.172624969482421875e+01
4.210011291503906250e+01
4.246381378173828125e+01
4.281631088256835938e+01
4.315629577636718750e+01
4.348236846923828125e+01
4.379370498657226562e+01
4.408891296386718750e+01
4.436685180664062500e+01
4.462636184692382812e+01
4.486674499511718750e+01
4.508662033081054688e+01
4.528557205200195312e+01
4.546250152587890625e+01
4.561676788330078125e+01
4.574774169921875000e+01
4.585482025146484375e+01
4.593775558471679688e+01
4.599606704711914062e+01
4.602961349487304688e+01
4.603829574584960938e+01
4.602210998535156250e+01
4.598140716552734375e+01
4.591627502441406250e+01
4.582714462280273438e+01
4.571465682983398438e+01
4.557922744750976562e+01
4.542175674438476562e+01
4.524307632446289062e+01
4.504407882690429688e+01
4.482593917846679688e+01
4.458969116210937500e+01
4.433634948730468750e+01
4.406722259521484375e+01
4.378384399414062500e+01
4.348717880249023438e+01
4.317884445190429688e+01
4.285998535156250000e+01
4.253174972534179688e+01
4.219581985473632812e+01
4.185337448120117188e+01
4.150550079345703125e+01
4.115321350097656250e+01
4.079813766479492188e+01
4.044085311889648438e+01
4.008247756958007812e+01
3.972391128540039062e+01
3.936574172973632812e+01
3.900889968872070312e+01
3.865377044677734375e+01
