2.649467849731445312e+01
2.684784698486328125e+01
2.718454933166503906e+01
2.750550651550292969e+01
2.781175041198730469e+01
2.810445976257324219e+01
2.838472938537597656e+01
2.865410804748535156e+01
2.891373252868652344e+01
2.916518783569335938e+01
2.940994834899902344e+01
2.964955902099609375e+01
2.988565254211425781e+01
3.011961174011230469e+01
3.035292816162109375e+01
3.058714866638183594e+01
3.082363891601562500e+01
3.106351280212402344e+01
3.130823135375976562e+01
3.155863952636718750e+01
3.181594467163085938e+01
3.208071899414062500e+01
3.235383605957031250e+01
3.263596343994140625e+01
3.292715454101562500e+01
3.322801589965820312e+01
3.353841400146484375e+01
3.385833740234375000e+01
3.418775558471679688e+01
3.452630233764648438e+01
3.487331771850585938e+01
3.522849273681640625e+01
3.559118652343750000e+01
3.596036529541015625e+01
3.633524703979492188e+01
3.671514511108398438e+01
3.709866714477539062e+01
3.748506546020507812e+01
3.787311553955078125e+01
3.826198577880859375e+01
3.865013504028320312e+01
3.903680419921875000e+01
3.942055892944335938e+01
3.980067443847656250e+01
4.017565917968750000e+01
4.054495239257812500e+01
4.090708160400390625e+01
4.126145172119140625e+01
4.160700607299804688e+01
4.194269943237304688e+01
4.226792526245117188e+01
4.258172988891601562e+01
4.288359451293945312e+01
4.317244338989257812e+01
4.344788360595703125e+01
4.370927810668945312e+01
4.395586395263671875e+01
4.418709945678710938e+01
4.440275573730468750e+01
4.460208129882812500e+01
4.478464889526367188e+01
4.494985580444335938e+01
4.509748840332031250e+01
4.522714233398437500e+01
4.533833312988281250e+01
4.543088531494140625e+01
4.550437927246093750e+01
4.555860137939453125e+01
4.559318923950195312e+01
4.560806274414062500e+01
4.560316848754882812e+01
4.557820129394531250e+01
4.553317260742187500e+01
4.546832275390625000e+01
4.538335418701171875e+01
4.527854537963867188e+01
4.515417861938476562e+01
4.501066589355468750e+01
4.484805679321289062e+01
4.466699981689453125e+01
4.446777725219726562e+01
4.425114440917968750e+01
4.401766967773437500e+01
4.376816940307617188e+01
4.350318145751953125e+01
4.322373580932617188e+01
4.293073272705078125e+01
4.262491989135742188e+01
4.230747222900390625e+01
4.197925186157226562e+01
4.164140319824218750e+01
4.129507446289062500e+01
4.094108200073242188e+01
4.058047866821289062e+01
4.021461105346679688e+01
3.984429931640625000e+01
3.947057342529296875e+01
3.909436798095703125e+01
3.871684265136718750e+01
3.833865737915039062e+01
