2.489330673217773438e+01
2.534762001037597656e+01
2.578316116333007812e+01
2.620016860961914062e+01
2.659887695312500000e+01
2.697995758056640625e+01
2.734409713745117188e+01
2.769212532043457031e+01
2.802519416809082031e+01
2.834440803527832031e+01
2.865117835998535156e+01
2.894700622558593750e+01
2.923326683044433594e+01
2.951169776916503906e+01
2.978394508361816406e+01
3.005179595947265625e+01
3.031691932678222656e+01
3.058100891113281250e+01
3.084579277038574219e+01
3.111292839050292969e+01
3.138408660888671875e+01
3.166065788269042969e+01
3.194391250610351562e+01
3.223511505126953125e+01
3.253551101684570312e+01
3.284593963623046875e+01
3.316724395751953125e+01
3.349993896484375000e+01
3.384453964233398438e+01
3.420093917846679688e+01
3.456957244873046875e+01
3.494992828369140625e+01
3.534200286865234375e+01
3.574490737915039062e+01
3.615816497802734375e+01
3.658065032958984375e+01
3.701142883300781250e+01
3.744945907592773438e+01
3.789291000366210938e+01
3.834101104736328125e+01
3.879161834716796875e+01
3.924346542358398438e+01
3.969495010375976562e+01
4.014367675781250000e+01
4.058852386474609375e+01
4.102759933471679688e+01
4.145899581909179688e+01
4.188121795654296875e+01
4.229219055175781250e+01
4.269048309326171875e+01
4.307457733154296875e+01
4.344292068481445312e+01
4.379419708251953125e+01
4.412718200683593750e+01
4.444051742553710938e+01
4.473325729370117188e+01
4.500457763671875000e+01
4.525365447998046875e+01
4.547962570190429688e+01
4.568233871459960938e+01
4.586111831665039062e+01
4.601577377319335938e+01
4.614635848999023438e+01
4.625251007080078125e+01
4.633464431762695312e+01
4.639283370971679688e+01
4.642744445800781250e+01
4.643872451782226562e+01
4.642729949951171875e+01
4.639376068115234375e+01
4.633867263793945312e+01
4.626265335083007812e+01
4.616665649414062500e+01
4.605136871337890625e+01
4.591760253906250000e+01
4.576626968383789062e+01
4.559807205200195312e+01
4.541420364379882812e+01
4.521523284912109375e+01
4.500247192382812500e+01
4.477637481689453125e+01
4.453802490234375000e+01
4.428833770751953125e+01
4.402818679809570312e+01
4.375831222534179688e+01
4.347959518432617188e+01
4.319282531738281250e+01
4.289877700805664062e+01
4.259826660156250000e+01
4.229196548461914062e+01
4.198039627075195312e+01
4.166454696655273438e+01
4.134481811523437500e+01
4.102200698852539062e+01
4.069647216796875000e+01
4.036882400512695312e+01
4.003968811035156250e+01
3.970953750610351562e+01
3.937874603271484375e+01
3.904770278930664062e+01
