2.330311393737792969e+01
2.367602920532226562e+01
2.403466796875000000e+01
2.437935256958007812e+01
2.471054840087890625e+01
2.502879714965820312e+01
2.533496665954589844e+01
2.562980079650878906e+01
2.591441535949707031e+01
2.618973922729492188e+01
2.645716667175292969e+01
2.671784210205078125e+01
2.697326278686523438e+01
2.722483062744140625e+01
2.747407531738281250e+01
2.772240829467773438e+01
2.797137260437011719e+01
2.822257232666015625e+01
2.847753524780273438e+01
2.873760986328125000e+01
2.900426673889160156e+01
2.927875328063964844e+01
2.956243515014648438e+01
2.985634803771972656e+01
3.016153717041015625e+01
3.047886466979980469e+01
3.080918312072753906e+01
3.115288543701171875e+01
3.151049995422363281e+01
3.188243675231933594e+01
3.226842498779296875e+01
3.266868972778320312e+01
3.308287429809570312e+01
3.351045608520507812e+01
3.395095062255859375e+01
3.440360260009765625e+01
3.486735534667968750e+01
3.534135437011718750e+01
3.582412338256835938e+01
3.631445312500000000e+01
3.681081008911132812e+01
3.731177520751953125e+01
3.781554412841796875e+01
3.832025146484375000e+01
3.882449340820312500e+01
3.932592010498046875e+01
3.982297515869140625e+01
4.031357574462890625e+01
4.079601669311523438e+01
4.126825714111328125e+01
4.172843170166015625e+01
4.217483520507812500e+01
4.260555648803710938e+01
4.301914978027343750e+01
4.341376113891601562e+01
4.378788375854492188e+01
4.414033889770507812e+01
4.446974563598632812e+01
4.477504730224609375e+01
4.505494689941406250e+01
4.530877304077148438e+01
4.553586196899414062e+01
4.573553466796875000e+01
4.590740966796875000e+01
4.605118942260742188e+01
4.616693115234375000e+01
4.625439834594726562e+01
4.631392669677734375e+01
4.634588241577148438e+01
4.635071182250976562e+01
4.632910919189453125e+01
4.628170776367187500e+01
4.620945739746093750e+01
4.611327362060546875e+01
4.599431610107421875e+01
4.585366058349609375e+01
4.569262313842773438e+01
4.551237487792968750e+01
4.531410980224609375e+01
4.509951782226562500e+01
4.486974334716796875e+01
4.462622070312500000e+01
4.437028121948242188e+01
4.410323715209960938e+01
4.382648086547851562e+01
4.354110717773437500e+01
4.324836730957031250e+01
4.294942474365234375e+01
4.264519882202148438e+01
4.233670043945312500e+01
4.202471160888671875e+01
4.171015548706054688e+01
4.139342880249023438e+01
4.107535934448242188e+01
4.075625228881835938e+01
4.043640136718750000e+01
4.011633682250976562e+01
3.979608917236328125e+01
3.947584533691406250e+01
3.915560150146484375e+01
