2.685666275024414062e+01
2.717983627319335938e+01
2.748494720458984375e+01
2.777314186096191406e+01
2.804543495178222656e+01
2.830317497253417969e+01
2.854767799377441406e+01
2.878048324584960938e+01
2.900325965881347656e+01
2.921755027770996094e+01
2.942530632019042969e+01
2.962801361083984375e+01
2.982767486572265625e+01
3.002601432800292969e+01
3.022478103637695312e+01
3.042562294006347656e+01
3.063022041320800781e+01
3.084020996093750000e+01
3.105702209472656250e+01
3.128182411193847656e+01
3.151605033874511719e+01
3.176064109802246094e+01
3.201643371582031250e+01
3.228424453735351562e+01
3.256472015380859375e+01
3.285809326171875000e+01
3.316468048095703125e+01
3.348447418212890625e+01
3.381736755371093750e+01
3.416300582885742188e+01
3.452091598510742188e+01
3.489052963256835938e+01
3.527102279663085938e+01
3.566131591796875000e+01
3.606063842773437500e+01
3.646759033203125000e+01
3.688101959228515625e+01
3.729957962036132812e+01
3.772182464599609375e+01
3.814630508422851562e+01
3.857150650024414062e+01
3.899586486816406250e+01
3.941786956787109375e+01
3.983602905273437500e+01
4.024874496459960938e+01
4.065438842773437500e+01
4.105189895629882812e+01
4.143955612182617188e+01
4.181597518920898438e+01
4.218003845214843750e+01
4.253058624267578125e+01
4.286619949340820312e+01
4.318607330322265625e+01
4.348921203613281250e+01
4.377481079101562500e+01
4.404179000854492188e+01
4.428982162475585938e+01
4.451797103881835938e+01
4.472621536254882812e+01
4.491368103027343750e+01
4.508007812500000000e+01
4.522544097900390625e+01
4.534948730468750000e+01
4.545199584960937500e+01
4.553310775756835938e+01
4.559276580810546875e+01
4.563143539428710938e+01
4.564885711669921875e+01
4.564588546752929688e+01
4.562230682373046875e+01
4.557886123657226562e+01
4.551570892333984375e+01
4.543359375000000000e+01
4.533279418945312500e+01
4.521413421630859375e+01
4.507818984985351562e+01
4.492537689208984375e+01
4.475646972656250000e+01
4.457221603393554688e+01
4.437331390380859375e+01
4.416031265258789062e+01
4.393408203125000000e+01
4.369546890258789062e+01
4.344501876831054688e+01
4.318348312377929688e+01
4.291166687011718750e+01
4.263068771362304688e+01
4.234042739868164062e+01
4.204227828979492188e+01
4.173696517944335938e+01
4.142469024658203125e+01
4.110663986206054688e+01
4.078333663940429688e+01
4.045545578002929688e+01
4.012335968017578125e+01
3.978803634643554688e+01
3.945014190673828125e+01
3.910994720458984375e+01
3.876811599731445312e+01
3.842538452148437500e+01
