2.682349967956542969e+01
2.717503356933593750e+01
2.750612258911132812e+01
2.781760978698730469e+01
2.811017990112304688e+01
2.838484764099121094e+01
2.864276123046875000e+01
2.888507652282714844e+01
2.911338996887207031e+01
2.932901191711425781e+01
2.953348731994628906e+01
2.972856521606445312e+01
2.991573715209960938e+01
3.009679031372070312e+01
3.027355384826660156e+01
3.044743347167968750e+01
3.062034034729003906e+01
3.079369354248046875e+01
3.096938705444335938e+01
3.114864921569824219e+01
3.133291816711425781e+01
3.152350807189941406e+01
3.172162437438964844e+01
3.192833328247070312e+01
3.214445495605468750e+01
3.237084197998046875e+01
3.260812377929687500e+01
3.285681533813476562e+01
3.311710357666015625e+01
3.338925933837890625e+01
3.367318725585937500e+01
3.396900558471679688e+01
3.427605819702148438e+01
3.459422683715820312e+01
3.492287445068359375e+01
3.526130676269531250e+01
3.560883331298828125e+01
3.596444702148437500e+01
3.632720184326171875e+01
3.669613265991210938e+01
3.707007217407226562e+01
3.744765472412109375e+01
3.782801437377929688e+01
3.820967102050781250e+01
3.859133911132812500e+01
3.897182846069335938e+01
3.934973907470703125e+01
3.972388076782226562e+01
4.009296417236328125e+01
4.045579528808593750e+01
4.081110000610351562e+01
4.115781402587890625e+01
4.149470138549804688e+01
4.182083892822265625e+01
4.213511657714843750e+01
4.243666839599609375e+01
4.272461318969726562e+01
4.299789428710937500e+01
4.325607299804687500e+01
4.349819564819335938e+01
4.372375869750976562e+01
4.393207168579101562e+01
4.412279510498046875e+01
4.429517364501953125e+01
4.444906997680664062e+01
4.458400344848632812e+01
4.469985961914062500e+01
4.479596328735351562e+01
4.487261962890625000e+01
4.492936325073242188e+01
4.496611404418945312e+01
4.498296737670898438e+01
4.497981643676757812e+01
4.495670318603515625e+01
4.491385269165039062e+01
4.485122299194335938e+01
4.476905441284179688e+01
4.466769409179687500e+01
4.454748535156250000e+01
4.440826416015625000e+01
4.425107574462890625e+01
4.407613754272460938e+01
4.388362884521484375e+01
4.367440414428710938e+01
4.344894790649414062e+01
4.320808792114257812e+01
4.295218276977539062e+01
4.268239593505859375e+01
4.239913940429687500e+01
4.210349655151367188e+01
4.179626083374023438e+01
4.147840499877929688e+01
4.115071105957031250e+01
4.081435394287109375e+01
4.047018432617187500e+01
4.011940002441406250e+01
3.976298522949218750e+01
3.940191268920898438e+01
3.903714370727539062e+01
3.866993713378906250e+01
