2.375581741333007812e+01
2.419927406311035156e+01
2.462989616394042969e+01
2.504786491394042969e+01
2.545349502563476562e+01
2.584708976745605469e+01
2.622927665710449219e+01
2.660053443908691406e+01
2.696167564392089844e+01
2.731345748901367188e+01
2.765685272216796875e+01
2.799275207519531250e+01
2.832233047485351562e+01
2.864657402038574219e+01
2.896668052673339844e+01
2.928373336791992188e+01
2.959889411926269531e+01
2.991330718994140625e+01
3.022820472717285156e+01
3.054447364807128906e+01
3.086340522766113281e+01
3.118574333190917969e+01
3.151243591308593750e+01
3.184431076049804688e+01
3.218204879760742188e+01
3.252633285522460938e+01
3.287746810913085938e+01
3.323579788208007812e+01
3.360165786743164062e+01
3.397512054443359375e+01
3.435604476928710938e+01
3.474422073364257812e+01
3.513943862915039062e+01
3.554110717773437500e+01
3.594877243041992188e+01
3.636164474487304688e+01
3.677890777587890625e+01
3.719968032836914062e+01
3.762286376953125000e+01
3.804754638671875000e+01
3.847242355346679688e+01
3.889618301391601562e+01
3.931784057617187500e+01
3.973573684692382812e+01
4.014881515502929688e+01
4.055564117431640625e+01
4.095478057861328125e+01
4.134519577026367188e+01
4.172530364990234375e+01
4.209395980834960938e+01
4.245013046264648438e+01
4.279244995117187500e+01
4.312005996704101562e+01
4.343181991577148438e+01
4.372692871093750000e+01
4.400429916381835938e+01
4.426367568969726562e+01
4.450394058227539062e+01
4.472496032714843750e+01
4.492594528198242188e+01
4.510681915283203125e+01
4.526717758178710938e+01
4.540712356567382812e+01
4.552619171142578125e+01
4.562472534179687500e+01
4.570273971557617188e+01
4.576042556762695312e+01
4.579800415039062500e+01
4.581575393676757812e+01
4.581421661376953125e+01
4.579362487792968750e+01
4.575451278686523438e+01
4.569753265380859375e+01
4.562285232543945312e+01
4.553140640258789062e+01
4.542353439331054688e+01
4.530004882812500000e+01
4.516134262084960938e+01
4.500819015502929688e+01
4.484096527099609375e+01
4.466028976440429688e+01
4.446710205078125000e+01
4.426168823242187500e+01
4.404462432861328125e+01
4.381641769409179688e+01
4.357760238647460938e+01
4.332873535156250000e+01
4.307051086425781250e+01
4.280317306518554688e+01
4.252726364135742188e+01
4.224320983886718750e+01
4.195172882080078125e+01
4.165311813354492188e+01
4.134789657592773438e+01
4.103659439086914062e+01
4.071955490112304688e+01
4.039729309082031250e+01
4.007040405273437500e+01
3.973922729492187500e+01
3.940452575683593750e+01
