2.524988746643066406e+01
2.567574691772460938e+01
2.608760643005371094e+01
2.648580932617187500e+01
2.687089729309082031e+01
2.724343109130859375e+01
2.760424423217773438e+01
2.795422172546386719e+01
2.829424858093261719e+01
2.862541389465332031e+01
2.894881629943847656e+01
2.926560401916503906e+01
2.957690811157226562e+01
2.988419723510742188e+01
3.018857192993164062e+01
3.049129867553710938e+01
3.079360961914062500e+01
3.109683418273925781e+01
3.140206146240234375e+01
3.171030235290527344e+01
3.202278518676757812e+01
3.234037780761718750e+01
3.266384887695312500e+01
3.299412536621093750e+01
3.333169937133789062e+01
3.367711639404296875e+01
3.403080368041992188e+01
3.439289093017578125e+01
3.476361846923828125e+01
3.514286422729492188e+01
3.553055572509765625e+01
3.592618560791015625e+01
3.632950210571289062e+01
3.673973846435546875e+01
3.715630722045898438e+01
3.757838439941406250e+01
3.800485610961914062e+01
3.843484497070312500e+01
3.886716461181640625e+01
3.930053710937500000e+01
3.973366165161132812e+01
4.016526412963867188e+01
4.059373092651367188e+01
4.101802062988281250e+01
4.143636703491210938e+01
4.184727096557617188e+01
4.224938964843750000e+01
4.264129257202148438e+01
4.302151870727539062e+01
4.338861846923828125e+01
4.374139785766601562e+01
4.407861709594726562e+01
4.439887619018554688e+01
4.470111083984375000e+01
4.498440551757812500e+01
4.524763107299804688e+01
4.549006271362304688e+01
4.571091079711914062e+01
4.590943145751953125e+01
4.608514404296875000e+01
4.623761749267578125e+01
4.636640167236328125e+01
4.647141265869140625e+01
4.655227279663085938e+01
4.660906600952148438e+01
4.664189910888671875e+01
4.665080642700195312e+01
4.663605117797851562e+01
4.659789276123046875e+01
4.653694915771484375e+01
4.645342636108398438e+01
4.634791946411132812e+01
4.622112274169921875e+01
4.607346725463867188e+01
4.590588760375976562e+01
4.571886062622070312e+01
4.551345443725585938e+01
4.529024887084960938e+01
4.505029296875000000e+01
4.479428482055664062e+01
4.452313232421875000e+01
4.423779678344726562e+01
4.393918228149414062e+01
4.362813949584960938e+01
4.330577850341796875e+01
4.297277832031250000e+01
4.263019561767578125e+01
4.227888870239257812e+01
4.191978836059570312e+01
4.155382919311523438e+01
4.118198013305664062e+01
4.080500411987304688e+01
4.042388534545898438e+01
4.003937911987304688e+01
3.965233993530273438e+01
3.926377105712890625e+01
3.887429809570312500e+01
3.848480606079101562e+01
3.809597396850585938e+01
3.770864105224609375e+01
