7.757126594753873405e+01
7.759663633670712102e+01
7.760316595045321719e+01
7.758986398974103338e+01
7.755844637616225157e+01
7.751149270736915753e+01
7.746286182322774039e+01
7.740923453148913325e+01
7.734034777500880864e+01
7.728022323193448528e+01
7.719969770029921108e+01
7.708260468126651688e+01
7.695086095400971260e+01
7.679278760800669090e+01
7.662200214169638457e+01
7.643952029567471129e+01
7.623439655385740821e+01
7.598530628490574657e+01
7.572536469419259220e+01
7.547151822263816712e+01
7.523102673016826714e+01
7.498000144573208559e+01
7.474965868147575065e+01
7.453218957594003768e+01
7.431651779187430407e+01
7.411076201434752875e+01
7.387935268699223457e+01
7.360937827067854755e+01
7.328208575758577581e+01
7.292020233439757249e+01
7.253875888270894734e+01
7.213816649852928720e+01
7.175018926380573703e+01
7.138087770250569974e+01
7.098515205494906866e+01
7.054968362040931140e+01
7.014410704262840568e+01
6.974457766453078023e+01
6.935847857671751626e+01
6.898902196299540890e+01
6.861902099436740343e+01
6.823267938306081248e+01
6.781403274241263546e+01
6.739601769181638247e+01
6.696762066790699919e+01
6.655242999135894877e+01
6.613461480697166905e+01
6.570162685419396098e+01
6.523426267040620985e+01
6.473539107427359340e+01
6.423691317512778198e+01
6.372718924106198557e+01
6.318831506916728102e+01
6.263826555054092182e+01
6.212303103218221878e+01
6.162307769364033305e+01
6.116557070072863667e+01
6.071033143055957026e+01
6.022940913188632095e+01
5.979301059248344075e+01
5.938160545383740896e+01
5.895315153798565433e+01
5.850436703445169684e+01
5.805334066484046929e+01
5.758369476804131182e+01
5.711496743752373106e+01
5.659657620934040523e+01
5.610458038167868722e+01
5.561144289609047320e+01
5.512636662189196812e+01
5.465222404217007579e+01
5.413588900895512523e+01
5.361846727336865115e+01
5.313180953117785776e+01
5.265626485379286947e+01
5.219906071615750420e+01
5.180904196309610654e+01
5.146765941738843964e+01
5.107155513698315019e+01
5.070365988590970829e+01
5.034128715647589303e+01
4.997646953746578191e+01
4.963899173573847179e+01
4.929132501915685793e+01
4.893265389164238854e+01
4.857664042313756170e+01
4.818613924555053529e+01
4.783663983839801404e+01
4.752134804500170873e+01
4.715500169375312822e+01
4.676824769232850798e+01
4.632570607018881503e+01
4.583561328988048444e+01
4.534745137077970867e+01
4.490325388540945539e+01
4.439455665876718626e+01
4.383467701547173334e+01
4.331322017154136006e+01
4.280453090298634322e+01
4.236055743055269573e+01
