8.334218343469404999e+01
8.321294776651200209e+01
8.306263682783048807e+01
8.289203607763425907e+01
8.270090189038805306e+01
8.249395736438347626e+01
8.227616218559477090e+01
8.204418700665030428e+01
8.179413825064871446e+01
8.153528135192667037e+01
8.128370176964216398e+01
8.102381002739066673e+01
8.074607484632507237e+01
8.045300784772507541e+01
8.015013470428080211e+01
7.984288701439504621e+01
7.952914679554511679e+01
7.920982670265696868e+01
7.888972893069816905e+01
7.854581120354265522e+01
7.818550241797719025e+01
7.779749344021745117e+01
7.745055384402148491e+01
7.710923408695423120e+01
7.675236816980289234e+01
7.638152183292744724e+01
7.601033382572961727e+01
7.563726900299771216e+01
7.525340763563333724e+01
7.484819982286298057e+01
7.440172286872251561e+01
7.394239428733345676e+01
7.346044572364935732e+01
7.298451846726916870e+01
7.251411872764758471e+01
7.206720503290901547e+01
7.163777953368079920e+01
7.122699202539513408e+01
7.080764185027216229e+01
7.039727678843776459e+01
6.994338446936546916e+01
6.949691969558935511e+01
6.899765819711515746e+01
6.845706600198762715e+01
6.788873222660605222e+01
6.734675261432330728e+01
6.674862912253409775e+01
6.616063775772072120e+01
6.563167313045842377e+01
6.511184427798734475e+01
6.460620198447897167e+01
6.410454195958983803e+01
6.366339041650475394e+01
6.324601545567901439e+01
6.284111265181785910e+01
6.246829604121863611e+01
6.206052574688150969e+01
6.161633989640159115e+01
6.116133128107171757e+01
6.067824548391457995e+01
6.016205238959484092e+01
5.965436609415473868e+01
5.915295556908491648e+01
5.861361696634213558e+01
5.806981527147087263e+01
5.756768621439600508e+01
5.705417179168950526e+01
5.656178786290049487e+01
5.608421520509221381e+01
5.561094683798815907e+01
5.512874962873088691e+01
5.466174576377262184e+01
5.423463779490673886e+01
5.384345527359344175e+01
5.343670635201744545e+01
5.303620570143044688e+01
5.257992053385988385e+01
5.210847855476595925e+01
5.163807427652672288e+01
5.119102877727666367e+01
5.074329174120968844e+01
5.027395628644147507e+01
4.983713006870626572e+01
4.939193584241968438e+01
4.893637093134408644e+01
4.847910088576744414e+01
4.805649717105895746e+01
4.763327286884425149e+01
4.723324329175631675e+01
4.686607688274426664e+01
4.651713605710433086e+01
4.618871917101346725e+01
4.585976155812355159e+01
4.553219169442994740e+01
4.518186082265196291e+01
4.477229915197388266e+01
4.436765091402564565e+01
4.391219594271270665e+01
4.339655602342388363e+01
4.288995346792550123e+01
