7.617406666459231701e+01
7.642952387351806465e+01
7.664059281762530418e+01
7.682404964779935597e+01
7.697222061761011958e+01
7.709011577834846207e+01
7.718353195295043179e+01
7.725652753483373658e+01
7.731862838421533013e+01
7.736127172752664194e+01
7.736583440401980738e+01
7.733279112682279788e+01
7.726368346269858023e+01
7.716938881870639477e+01
7.706861482632606908e+01
7.697042078064110626e+01
7.686897498377159366e+01
7.678661701797618377e+01
7.671510547348746911e+01
7.665632816727642762e+01
7.659892157276405555e+01
7.650149105407750483e+01
7.637469258953342433e+01
7.622338286350208136e+01
7.601373971035906152e+01
7.579806171809549653e+01
7.553703910358662199e+01
7.520699157579147709e+01
7.483550256856618432e+01
7.440804738371910787e+01
7.398780458559431850e+01
7.358320453302657427e+01
7.321841782939674204e+01
7.287196795900547386e+01
7.251386506097185247e+01
7.213715195246008705e+01
7.176380493462460208e+01
7.142112189979994241e+01
7.104768310507975571e+01
7.064838693585576834e+01
7.023007665646156283e+01
6.978711591246612045e+01
6.930345590013729407e+01
6.883184456725514622e+01
6.835060179501419952e+01
6.791588204495215564e+01
6.750048086454668805e+01
6.705035948324406547e+01
6.657239415195572008e+01
6.608628265460188800e+01
6.557981981765354362e+01
6.505235844442069038e+01
6.449287691897684738e+01
6.388591304130437720e+01
6.330081533631373958e+01
6.273443823728391777e+01
6.221951175962178837e+01
6.169856530059725941e+01
6.120875274593596060e+01
6.073330354856387459e+01
6.026190162835939645e+01
5.980896627481929073e+01
5.933221353727643077e+01
5.884656614999051527e+01
5.830997133822230438e+01
5.777583576383227637e+01
5.726838016935482045e+01
5.679644983686293358e+01
5.632775485210891020e+01
5.587403044649884976e+01
5.543545437422377375e+01
5.500645641263199792e+01
5.457820137018398299e+01
5.414095410659908936e+01
5.372641992375651654e+01
5.331814619626567975e+01
5.289844279393190618e+01
5.241030483272494678e+01
5.195013201070707254e+01
5.148732375640538805e+01
5.104855543853214783e+01
5.059112922856576944e+01
5.012384962175490699e+01
4.964295434660069617e+01
4.922434419411889905e+01
4.887618004437453578e+01
4.851665710390892627e+01
4.811620429064788595e+01
4.770138720969043078e+01
4.728161644509667383e+01
4.688333082144258412e+01
4.648530960696371750e+01
4.605330039244733342e+01
4.557804527497870595e+01
4.507976721338419424e+01
4.459554829057199044e+01
4.409781741188940174e+01
4.362910515409875245e+01
4.318280896324949225e+01
4.274146491517336699e+01
