8.750068722547823086e+01
8.734461941699262866e+01
8.716512936804940637e+01
8.697820857682570761e+01
8.678135408543660390e+01
8.656824904560508571e+01
8.632615497034979057e+01
8.607164975285212449e+01
8.582498478863232094e+01
8.557643875452561133e+01
8.530728645921871589e+01
8.501088299883376465e+01
8.471099762540697498e+01
8.438952917480179394e+01
8.405064557973068418e+01
8.370502969859100517e+01
8.334134053910921125e+01
8.291948892617934064e+01
8.250373550468326300e+01
8.208224634758295224e+01
8.164510300201514781e+01
8.122222311465074540e+01
8.080946390130161205e+01
8.039394856477169071e+01
7.995681452799716737e+01
7.952274923613508406e+01
7.913055527058109817e+01
7.874606694505324356e+01
7.833277477038258496e+01
7.788878650576762652e+01
7.743989698622985429e+01
7.699084720113422975e+01
7.655342450835443913e+01
7.608100555550019806e+01
7.559347593815138566e+01
7.511113039733719177e+01
7.460293297896306797e+01
7.404653986993234582e+01
7.341962982566154494e+01
7.277032379606087886e+01
7.214587146458556788e+01
7.152049795104636587e+01
7.089677880655375475e+01
7.031914451023001789e+01
6.977782256125435367e+01
6.929430559979535076e+01
6.883485007979092529e+01
6.836986302399515125e+01
6.782843774048070884e+01
6.724713628274780319e+01
6.668090611044983973e+01
6.611720040171466906e+01
6.554495021190999182e+01
6.497531147459297074e+01
6.440146443478046479e+01
6.385713590273727647e+01
6.332690693492558864e+01
6.278817647418765091e+01
6.226041565420612756e+01
6.173399913477080503e+01
6.123323166359818970e+01
6.070706405903106884e+01
6.017158086878857404e+01
5.965286785568497407e+01
5.917237098324476108e+01
5.869047169120679541e+01
5.820280255692677684e+01
5.772176540210657691e+01
5.721410028503908762e+01
5.672009089719573893e+01
5.625240971863809847e+01
5.582854337216729590e+01
5.538873588713647678e+01
5.491917019626584562e+01
5.444266046126554670e+01
5.397213454921013920e+01
5.347999866046271933e+01
5.297049333432235585e+01
5.252584461090911816e+01
5.207461869196185944e+01
5.160156220668353910e+01
5.114731357172524184e+01
5.067655645212288817e+01
5.019259863634730578e+01
4.972908852801807456e+01
4.926038881461580843e+01
4.876522832477138536e+01
4.825312287361973773e+01
4.782026066145511578e+01
4.744586763822990605e+01
4.705542122125673643e+01
4.671881457097394019e+01
4.641126677524994193e+01
4.605165888943061248e+01
4.565604784837363894e+01
4.526282745393995555e+01
4.485135664493670049e+01
4.438343698642474067e+01
4.392388367818146122e+01
4.343986737229595008e+01
