9.292104423005986291e+01
9.255539338488885903e+01
9.217218702725365631e+01
9.176982069767038297e+01
9.135706189812130162e+01
9.093243502874609874e+01
9.049507905740115632e+01
9.003902533911917772e+01
8.957083940110916842e+01
8.910215680105537217e+01
8.863403275996093100e+01
8.817516647615511260e+01
8.771835226945368902e+01
8.726444873116025747e+01
8.681421962972886774e+01
8.634902580771809255e+01
8.586903861106846136e+01
8.535611727200776500e+01
8.482421756453302919e+01
8.430455992125293108e+01
8.379410987669041333e+01
8.327277540244858756e+01
8.274180980891082982e+01
8.220198213412595578e+01
8.168621778861782445e+01
8.117348206082968431e+01
8.066350097451339707e+01
8.018978436967573487e+01
7.972041490289912247e+01
7.923712088665901376e+01
7.870717617167218805e+01
7.814583213519387073e+01
7.756299901665884988e+01
7.698200426941097874e+01
7.638025883500051805e+01
7.578065494473155184e+01
7.518653052229956302e+01
7.460712967784914440e+01
7.408498556702771509e+01
7.361946947613978409e+01
7.316061416990825705e+01
7.268053668047279814e+01
7.214452612015284672e+01
7.156932165876506247e+01
7.093562021445615073e+01
7.027521001563826530e+01
6.963181282166655706e+01
6.901943896192045713e+01
6.840538014461679950e+01
6.777750198837681239e+01
6.716299448128361860e+01
6.658503594378535695e+01
6.599663979948745407e+01
6.543942984645276795e+01
6.485583804839860989e+01
6.426675212386363967e+01
6.365210961512750742e+01
6.304149678285776304e+01
6.242725126639557942e+01
6.183479177166516649e+01
6.127459400431591519e+01
6.074920326829489881e+01
6.022824090568681754e+01
5.968278111559008181e+01
5.908520227705176353e+01
5.847768845949147476e+01
5.786390645774129382e+01
5.725977949906890530e+01
5.668365954525512507e+01
5.609801526918268166e+01
5.550376501087967540e+01
5.497029190165479662e+01
5.452887161834456720e+01
5.409843774116167481e+01
5.369533963294316692e+01
5.341299300935660455e+01
5.307676390585061199e+01
5.266952797745884141e+01
5.222262904716322396e+01
5.182987089271412628e+01
5.145193404910668278e+01
5.108172240648111284e+01
5.071871009545539266e+01
5.040446804089600619e+01
4.998231478904691727e+01
4.951256310765140256e+01
4.905033650338487661e+01
4.849711703498501691e+01
4.798128414023869226e+01
4.758967472044341207e+01
4.724599927319188453e+01
4.688206750037301873e+01
4.639282785967611744e+01
4.587976501286428288e+01
4.532502667143385366e+01
4.470747778045572574e+01
4.413127144698838578e+01
4.355358140016617341e+01
4.292852433171007220e+01
4.235136944421973482e+01
