7.960294006095514874e+01
7.962134959378151677e+01
7.962552745118141218e+01
7.961337056700678261e+01
7.958824088677002351e+01
7.954563483950202851e+01
7.947837929343808128e+01
7.938388672567893423e+01
7.926482855569766173e+01
7.914319868183353890e+01
7.902083728649481031e+01
7.888147638053715127e+01
7.872900238831959996e+01
7.856321962400593861e+01
7.837467526935122919e+01
7.815478857772905030e+01
7.791415869292924867e+01
7.767652474373048221e+01
7.743694278322954005e+01
7.719287411121625553e+01
7.695778120668200017e+01
7.672173710774679023e+01
7.648518329672299387e+01
7.624864096418106385e+01
7.598385838802650483e+01
7.569445940074592727e+01
7.537641356708938645e+01
7.503596239774090293e+01
7.470398399313739901e+01
7.436052250436218003e+01
7.401413731018287478e+01
7.364652211032731088e+01
7.329158854976463999e+01
7.290561877004212477e+01
7.250207633635305626e+01
7.212823556345612985e+01
7.174199703690347008e+01
7.139190305763123945e+01
7.104720085792270368e+01
7.064828237034498670e+01
7.025854455248094155e+01
6.985625902002541920e+01
6.943788190306609920e+01
6.901243871196760438e+01
6.854846677613598160e+01
6.804976367781277702e+01
6.751376362967894806e+01
6.698014193248948800e+01
6.643748863168042362e+01
6.592034157560784990e+01
6.541842804309321480e+01
6.493098528641225187e+01
6.445218327725420693e+01
6.395838606199912135e+01
6.343273508392061188e+01
6.292869898471672485e+01
6.243826640087760893e+01
6.195782974217875250e+01
6.150597361652000217e+01
6.106584017421525346e+01
6.060197500014172078e+01
6.012554158928052317e+01
5.962301360618886292e+01
5.909357058296595966e+01
5.854224246736411175e+01
5.801134483701127920e+01
5.748393856921009615e+01
5.696789862685839267e+01
5.649551997681724913e+01
5.606809243584508096e+01
5.565418938816147687e+01
5.524900806088431438e+01
5.485048103711476131e+01
5.446402329558205935e+01
5.400533902678820652e+01
5.351316181151098306e+01
5.299199434400797770e+01
5.245451030202695364e+01
5.195241636395257956e+01
5.150160389094266833e+01
5.112070111201978051e+01
5.074972246210482751e+01
5.042287565730229915e+01
5.011473333761446725e+01
4.982895115484709692e+01
4.952207018224077473e+01
4.920478195766208529e+01
4.879794797077696700e+01
4.838411430982757366e+01
4.793039049862698420e+01
4.748051443029488183e+01
4.701394777746612874e+01
4.654922199660637716e+01
4.607143555923624945e+01
4.555605423043441249e+01
4.504247716057875550e+01
4.450984297147571311e+01
4.393778482709840461e+01
4.339938994494042390e+01
4.288854391517736531e+01
