8.089484897838099187e+01
8.078262096976264672e+01
8.065420769187991823e+01
8.051688759005810425e+01
8.035313879682455251e+01
8.015984559121801567e+01
7.996568547294909024e+01
7.976894627116426761e+01
7.957499603754452266e+01
7.939676317652215687e+01
7.919194938476810819e+01
7.896549716707819755e+01
7.872675106626769548e+01
7.848082782231001886e+01
7.823134414071536469e+01
7.797965844276392033e+01
7.770594536693047871e+01
7.743491201308506788e+01
7.716707066338557297e+01
7.689728764209256440e+01
7.661982738952215755e+01
7.630645043976414854e+01
7.601018597222370943e+01
7.570748315358231650e+01
7.540926685687752240e+01
7.510214150538425315e+01
7.476115054175947705e+01
7.439161367867698971e+01
7.405591938963382859e+01
7.370903352535394504e+01
7.333174474685017685e+01
7.293982878896288469e+01
7.256252233227857573e+01
7.217490901752466925e+01
7.174987559148925698e+01
7.131611113466797747e+01
7.086114220431811361e+01
7.038246240875383819e+01
6.991197722444650253e+01
6.943737556880469697e+01
6.895359932719379970e+01
6.847837462147909093e+01
6.801844600363776294e+01
6.758300664348982423e+01
6.714765887458666782e+01
6.668790245888307311e+01
6.620819168964963808e+01
6.573821077995262385e+01
6.527717031806984949e+01
6.482589407867311593e+01
6.437136734639396707e+01
6.390575581868407085e+01
6.343566655071198568e+01
6.295779785243697546e+01
6.242682253541543957e+01
6.187525456372832622e+01
6.134308509902668760e+01
6.082320333009007385e+01
6.034040650987488874e+01
5.988067122603021630e+01
5.943875252326783709e+01
5.898654523881819500e+01
5.854218759493010538e+01
5.810252722710111328e+01
5.761342622020261928e+01
5.713164299937312052e+01
5.662858485046738366e+01
5.612818832971689176e+01
5.563681126506634911e+01
5.514967111228876462e+01
5.469553766771304737e+01
5.427222927280752884e+01
5.387088199489570428e+01
5.344071862741478185e+01
5.301523467766891429e+01
5.259844319443835303e+01
5.215130290282061054e+01
5.171438001888520120e+01
5.124331814879306535e+01
5.080272770451288977e+01
5.036309404043892357e+01
4.993962976009721189e+01
4.952474949442220264e+01
4.908019754302574711e+01
4.862445675145279722e+01
4.819891805002199447e+01
4.779059651046520685e+01
4.738342758558943046e+01
4.699570191309697975e+01
4.663948555107076288e+01
4.624811195281169773e+01
4.583181935406206975e+01
4.543432547134488431e+01
4.507379682785960284e+01
4.475232973134892234e+01
4.438093009188726512e+01
4.398790455121554288e+01
4.353624157822081742e+01
4.306353240242945901e+01
4.256655223142062283e+01
