8.501427110027175615e+01
8.496203488619624977e+01
8.489767282087309752e+01
8.481797118175133221e+01
8.470931477407225429e+01
8.458909831495574849e+01
8.444789722657441189e+01
8.428067225514780603e+01
8.409730180859581594e+01
8.390081043897092172e+01
8.368249209597163940e+01
8.342529320749518718e+01
8.312463522636063828e+01
8.281714968616809358e+01
8.249360206902129278e+01
8.216979616444021417e+01
8.186943277137135055e+01
8.156545784221246720e+01
8.125210771516942998e+01
8.092853002280877206e+01
8.055456761512304809e+01
8.018574435630110031e+01
7.983042944291133836e+01
7.946356933612739226e+01
7.908216894199676972e+01
7.867925612497000998e+01
7.825474488773767234e+01
7.781480332606366801e+01
7.743180900363688579e+01
7.704378912099382148e+01
7.662399626456543444e+01
7.619496882262748727e+01
7.575993134005878460e+01
7.534241196328223111e+01
7.492295167634678421e+01
7.445216632358884112e+01
7.399561614663481635e+01
7.350909930777606860e+01
7.300895958812144215e+01
7.249593846031723388e+01
7.195529799463446352e+01
7.139207676523908219e+01
7.084237626218894945e+01
7.029754471433528806e+01
6.973054231581485851e+01
6.918387026578997734e+01
6.865900219210944044e+01
6.812974819920596303e+01
6.759272086643974831e+01
6.706978264623850805e+01
6.653141125580251014e+01
6.598437332190432869e+01
6.542725181854241612e+01
6.485783829944394085e+01
6.423413518665350352e+01
6.364843903622036692e+01
6.310451339226181489e+01
6.255269079343401728e+01
6.201712478866238598e+01
6.148325337753215791e+01
6.094231737038785468e+01
6.039143650054749202e+01
5.984112229682472872e+01
5.933912182419324211e+01
5.880254515995238762e+01
5.830126606187192095e+01
5.781242679631828452e+01
5.732560673031913723e+01
5.682967838415568451e+01
5.634013168911694436e+01
5.582808416810663488e+01
5.527315703449195894e+01
5.466289080536713385e+01
5.409640465292511635e+01
5.358086227479520147e+01
5.309061782744695535e+01
5.263120171572614936e+01
5.219910697828272106e+01
5.181772422630913866e+01
5.145929249691482710e+01
5.113311258981448049e+01
5.075889616433298102e+01
5.038346878375123339e+01
4.997107215680812686e+01
4.952682050653640289e+01
4.898787121449054638e+01
4.844470374549492675e+01
4.792020213413804441e+01
4.744398932455462869e+01
4.699928978964494064e+01
4.656692290883717789e+01
4.614389175038053281e+01
4.571773439939649819e+01
4.528850043459759434e+01
4.490655815843105358e+01
4.452956639058020727e+01
4.414811292224136707e+01
4.375048907170901913e+01
4.332109781030865037e+01
4.289039797566668000e+01
