7.972217487513374579e+01
7.948262470076224417e+01
7.921704991003673513e+01
7.890988433415708414e+01
7.859378949078643473e+01
7.826689429447760915e+01
7.795479162743961865e+01
7.765667406820472252e+01
7.736008830549215531e+01
7.705276630241037594e+01
7.671229942468485774e+01
7.634539045434075888e+01
7.597036149667303562e+01
7.561448562114900085e+01
7.522768421257882210e+01
7.479927723858200750e+01
7.435952929059686767e+01
7.387589928980526111e+01
7.341915045509476556e+01
7.296180637838044447e+01
7.250249583217106419e+01
7.207320583399187797e+01
7.165975531005730659e+01
7.128563049460700540e+01
7.095038938584272614e+01
7.067620121026497770e+01
7.042557332036045636e+01
7.017286049855404428e+01
6.994197981164099076e+01
6.969787333960348974e+01
6.942204779904463408e+01
6.914466904950005244e+01
6.885868091643915534e+01
6.855749544011379726e+01
6.826776870119978469e+01
6.800337121011918384e+01
6.773040548366951441e+01
6.747222232128083874e+01
6.718383490200473318e+01
6.687447090952039730e+01
6.655792564330256766e+01
6.622713924103470617e+01
6.592511813236021112e+01
6.561644562692397642e+01
6.527199537917229577e+01
6.490804444387775618e+01
6.453889700415700759e+01
6.416470100723745418e+01
6.379128429435895242e+01
6.340920211206367441e+01
6.300962420746332526e+01
6.262232149536984593e+01
6.225286935721241122e+01
6.185064191328604011e+01
6.145657716084928524e+01
6.107799714937392821e+01
6.070280433099825501e+01
6.030180843329968354e+01
5.987469401531279090e+01
5.943396516898557280e+01
5.893912608699235278e+01
5.843236485134644909e+01
5.792875536162705430e+01
5.742585005174326085e+01
5.694720934878634466e+01
5.650233527436714809e+01
5.604673464650910120e+01
5.562060599189718602e+01
5.522869096903959019e+01
5.486213093215538805e+01
5.447680558730483824e+01
5.404255024779549643e+01
5.361691907971217574e+01
5.315958633366853547e+01
5.264934643777867507e+01
5.216264574640367613e+01
5.172124970679923450e+01
5.133549880099322849e+01
5.100591699967625203e+01
5.068868223063297052e+01
5.033933702673446220e+01
5.000784815026357677e+01
4.966183723668940075e+01
4.935490325303006642e+01
4.904584451604848994e+01
4.872191750743822070e+01
4.836908575000324362e+01
4.793343897028884726e+01
4.747541384662645214e+01
4.709732805050972360e+01
4.671835405734611868e+01
4.628736199605003065e+01
4.582529118497609488e+01
4.532677746056569390e+01
4.478261785298295905e+01
4.421832195621711747e+01
4.368379771270232936e+01
4.316723936837229303e+01
4.262319518459649714e+01
4.206016524631824183e+01
