8.178992586532658038e+01
8.165354582362526514e+01
8.150094367563006870e+01
8.133642341469324322e+01
8.117458169992508488e+01
8.099829854498067050e+01
8.082015797925249956e+01
8.063371686412762074e+01
8.044347752304682331e+01
8.024483506834360469e+01
8.002066332561652473e+01
7.977997782118781345e+01
7.952050647253656734e+01
7.924699550975125817e+01
7.896844350031693693e+01
7.869787736435482373e+01
7.840950215523541544e+01
7.810474450503629384e+01
7.779437649728527049e+01
7.748763046226456197e+01
7.720500778680080600e+01
7.690322493594761966e+01
7.656424979635727368e+01
7.619402707227457938e+01
7.582833339667909911e+01
7.544529669532178673e+01
7.506771085457143045e+01
7.473314629370155160e+01
7.438787970018452711e+01
7.406633256065421733e+01
7.376297684591307302e+01
7.342684917059436600e+01
7.303607025969157007e+01
7.259850718373718337e+01
7.217374021868815248e+01
7.166102488711743490e+01
7.113485277027470488e+01
7.065627650411138916e+01
7.020012278095704517e+01
6.975518061147222681e+01
6.931521156232706460e+01
6.892804812949148641e+01
6.854521841360906365e+01
6.819116391783903453e+01
6.784811682760214069e+01
6.745424397768964297e+01
6.693492139066553648e+01
6.636436881525212073e+01
6.578432623966187975e+01
6.518733664524233973e+01
6.461451010985372534e+01
6.406369689970028958e+01
6.354354641379731561e+01
6.303021377797043812e+01
6.254505553700581544e+01
6.204167621978494651e+01
6.151843336861333711e+01
6.102101033613798364e+01
6.054950640531277628e+01
6.008636737643424652e+01
5.962317984561517648e+01
5.909935479452644813e+01
5.858247141406402392e+01
5.811097785620973610e+01
5.765176006549138066e+01
5.721227405493619500e+01
5.681137122554495278e+01
5.644063888766821435e+01
5.609121134020255539e+01
5.573870052558018529e+01
5.532876397360393383e+01
5.487072803538711696e+01
5.441046983016337890e+01
5.393288706131944110e+01
5.343800275687019763e+01
5.289422746073134363e+01
5.234772119841233007e+01
5.180249999673264227e+01
5.127716729403020679e+01
5.072312111659242362e+01
5.019573264104867150e+01
4.974912911664990389e+01
4.935118761942321441e+01
4.896230134464506989e+01
4.855242482832140638e+01
4.815435433752826100e+01
4.770427557686992515e+01
4.726888150742596650e+01
4.678551574257935641e+01
4.627240339923483248e+01
4.575620480239661703e+01
4.526749138586543353e+01
4.480043940522456580e+01
4.434012373172803478e+01
4.384545719568252764e+01
4.339464177522167176e+01
4.298540238589111340e+01
4.258906797668368682e+01
4.217912337284172963e+01
4.176709429775088722e+01
