9.008280743134196200e+01
8.987121847592908352e+01
8.964485270879104917e+01
8.940500888393354728e+01
8.915425942548311866e+01
8.889009738265900751e+01
8.861389454783962094e+01
8.831748371080259119e+01
8.800506789641478633e+01
8.766299783663481549e+01
8.730754381191265168e+01
8.694454120212829196e+01
8.657694767013288129e+01
8.619413425504569659e+01
8.579870175516614950e+01
8.538464981872067483e+01
8.496471911956498957e+01
8.454712076535807341e+01
8.411771160352022036e+01
8.366745348013814976e+01
8.321840196093302211e+01
8.276767842406427178e+01
8.229434837531424307e+01
8.182703423628203154e+01
8.136898690589907801e+01
8.089542661588872363e+01
8.042317686014291667e+01
7.995370995147951021e+01
7.949238580758186856e+01
7.903377155218771577e+01
7.856343805614072551e+01
7.807037470319080796e+01
7.757185609342531052e+01
7.706959861095286612e+01
7.655642927064489811e+01
7.601394558276929558e+01
7.545757880454225131e+01
7.489355015736946086e+01
7.432336784288349918e+01
7.374017402277789301e+01
7.314763986286648390e+01
7.254778830810117540e+01
7.195605370477186113e+01
7.138102174948917877e+01
7.082942773991041463e+01
7.029553399514081491e+01
6.975946033624072129e+01
6.920745618816684441e+01
6.864461182121702620e+01
6.806624538763099963e+01
6.744401466092685382e+01
6.684428910851571004e+01
6.627469053945868893e+01
6.568753040946957356e+01
6.508437711199226783e+01
6.451413921238963667e+01
6.395762291222162332e+01
6.335507628581144246e+01
6.272179644973975599e+01
6.209824011510562514e+01
6.151218827456387572e+01
6.093654834781754914e+01
6.037727239993415651e+01
5.980669460065352183e+01
5.925530591776526990e+01
5.875056230983030758e+01
5.822406426077146335e+01
5.770994641275650139e+01
5.722744793680397635e+01
5.672943561407998203e+01
5.618817347145960639e+01
5.565933117787341899e+01
5.510695716420165269e+01
5.451060682523203837e+01
5.391151642815503209e+01
5.331995176235600553e+01
5.276105360454141646e+01
5.223568798559202975e+01
5.175437858557724269e+01
5.131046752617336892e+01
5.088009512580758553e+01
5.043667268186273134e+01
5.002747393558645683e+01
4.961097726623310677e+01
4.921966400230890315e+01
4.884532601965621268e+01
4.844507590912570549e+01
4.804738599061954574e+01
4.765302434931666653e+01
4.723486928650154226e+01
4.682091707425636429e+01
4.643887291304173459e+01
4.604036243364968328e+01
4.564738801299873927e+01
4.524848579645088620e+01
4.485776760775445382e+01
4.446973491855342075e+01
4.407261757430914884e+01
4.368121187400760874e+01
4.331723064827775715e+01
