8.638526289506033606e+01
8.621176225461384490e+01
8.601927290959116590e+01
8.580543048793516903e+01
8.557441782041735223e+01
8.532102196269366345e+01
8.504258163931059755e+01
8.475745900250494458e+01
8.446900283095868645e+01
8.417777504141551503e+01
8.388921823360676910e+01
8.359555308097529291e+01
8.328867830212671208e+01
8.296837201531873518e+01
8.263289229763225308e+01
8.228835273871700906e+01
8.192999420056294468e+01
8.156126409990991988e+01
8.118603532543504286e+01
8.080953799882233568e+01
8.041621304288344163e+01
8.000442389992272751e+01
7.957915002662076631e+01
7.915299835947193685e+01
7.872829706935540628e+01
7.830253359875567298e+01
7.788211446424850237e+01
7.746719145514248339e+01
7.704280875036376131e+01
7.660215269901520685e+01
7.616585768248977217e+01
7.571528908695971438e+01
7.524770062636977741e+01
7.478111100374503906e+01
7.429738310911082522e+01
7.377734829725169163e+01
7.321736912393910757e+01
7.264353532753375475e+01
7.208212435006268493e+01
7.153240202164823813e+01
7.100844095570177217e+01
7.049589493754677960e+01
7.001003047816229241e+01
6.953854064851174144e+01
6.907326085664560367e+01
6.858920607636359534e+01
6.809199462952577164e+01
6.758358756180520288e+01
6.704882798996796112e+01
6.648461780714308134e+01
6.589442992114121012e+01
6.529098006186454484e+01
6.469924571935533208e+01
6.413779955158382506e+01
6.357126961749434457e+01
6.302422462060295771e+01
6.250727455415586320e+01
6.201833636476386147e+01
6.154921302899450808e+01
6.107424419593969134e+01
6.061344236801318175e+01
6.014921072347816988e+01
5.964832534964207866e+01
5.915813431716932769e+01
5.868209601213929716e+01
5.818946542475546835e+01
5.767340349975720670e+01
5.715295296929814839e+01
5.666131121947455540e+01
5.618180925573471285e+01
5.564466646148552087e+01
5.510805525218204082e+01
5.459890695771581903e+01
5.410884397056363326e+01
5.363565455346498823e+01
5.316010740335852347e+01
5.270435688292216270e+01
5.228455712705829939e+01
5.184066483030045447e+01
5.139558020529967308e+01
5.097037251552049497e+01
5.048148956208736138e+01
4.998256121382496531e+01
4.948813225902237178e+01
4.900869223367958227e+01
4.856013756444500729e+01
4.811551989421307951e+01
4.770970077147770638e+01
4.735542509339698114e+01
4.701206576784628055e+01
4.669939840086374971e+01
4.635886828622211198e+01
4.600482251094302910e+01
4.565503853300504744e+01
4.530041308544696221e+01
4.494877539138237665e+01
4.454534129589249858e+01
4.407912556355478273e+01
4.359561958479149979e+01
4.315586370344647094e+01
