7.598135435013158201e+01
7.611988041969162566e+01
7.625783464601114758e+01
7.638924137279060744e+01
7.651129564353772139e+01
7.661018566525575579e+01
7.668945693316305778e+01
7.673883826928204144e+01
7.677295590383552337e+01
7.678782116583700201e+01
7.678753377793807999e+01
7.677142286003841321e+01
7.673192728873601709e+01
7.668344772617952287e+01
7.661957684729839002e+01
7.654419982430842140e+01
7.645683161010457241e+01
7.634323969603846649e+01
7.619396515457405883e+01
7.601749446739957250e+01
7.583722603554222985e+01
7.567975021150851944e+01
7.550686492950644890e+01
7.530345296393309695e+01
7.508761811148433196e+01
7.485025022560932939e+01
7.459599962651941496e+01
7.434223711533174139e+01
7.406381921477871799e+01
7.381253635165542448e+01
7.355882505624893497e+01
7.329131800476436354e+01
7.300303071344850991e+01
7.267931306269004210e+01
7.231215616352805853e+01
7.192655136144365713e+01
7.151352361810457126e+01
7.108259412952692458e+01
7.066146821972853331e+01
7.024114869666195204e+01
6.979589816721265549e+01
6.936880779690079635e+01
6.895844841935409875e+01
6.853327515085373989e+01
6.810868873586508698e+01
6.768544427298400024e+01
6.725727267822409772e+01
6.681616475540376143e+01
6.634176878709692460e+01
6.586033985417996917e+01
6.536642956304292795e+01
6.488705842873626750e+01
6.442382337150966976e+01
6.393639157003932638e+01
6.343964159759017463e+01
6.295010937413407959e+01
6.243751941985059517e+01
6.193435433596467021e+01
6.148104891708371156e+01
6.102252154364511227e+01
6.055267832926980986e+01
6.009441468740409675e+01
5.964848868398613746e+01
5.918853502198448524e+01
5.871675057901905603e+01
5.822573950875487725e+01
5.773540325764597014e+01
5.720672471137251591e+01
5.668436377048203667e+01
5.616886623142926283e+01
5.562830289620502100e+01
5.509819047337501274e+01
5.461165054620663994e+01
5.414190500994077837e+01
5.369097690194121952e+01
5.323042811574569555e+01
5.276912766413023093e+01
5.229034912388112843e+01
5.181748849612858265e+01
5.132669159844471096e+01
5.085562526061276145e+01
5.042664367864392716e+01
4.996181011412815565e+01
4.949228799413317859e+01
4.899975291513885622e+01
4.851598988648242283e+01
4.806312577969870148e+01
4.763338360617201772e+01
4.717914294116801699e+01
4.670211089970279517e+01
4.623380678004377842e+01
4.578155533578196668e+01
4.540283031897094190e+01
4.507528482992466934e+01
4.476476589523083760e+01
4.440482440650699658e+01
4.402579342652559546e+01
4.370300186435203926e+01
4.335128488759372800e+01
4.294672366981855305e+01
