7.953942137942239299e+01
7.958073003747637131e+01
7.960661940394297176e+01
7.961778491127849122e+01
7.960928247896278265e+01
7.958921961408171342e+01
7.954930204957315709e+01
7.949324906187811735e+01
7.940639610509019519e+01
7.928372960618841603e+01
7.913691275099763800e+01
7.898306414923807495e+01
7.882558450105642578e+01
7.866403722890643735e+01
7.850100909532028481e+01
7.830885506622097125e+01
7.811769799528154579e+01
7.791063289757582311e+01
7.769547893308156006e+01
7.745051822059343749e+01
7.716426688594675909e+01
7.686271966159819158e+01
7.657880655442752982e+01
7.626869474339535770e+01
7.595239606786100239e+01
7.560470050186873436e+01
7.526835014573683225e+01
7.496572001358981652e+01
7.468275148694415577e+01
7.439044924785443413e+01
7.411401139328691556e+01
7.382782822858507643e+01
7.353802237390328855e+01
7.321300515581192769e+01
7.284083602853479533e+01
7.246999766421160416e+01
7.207779091889351264e+01
7.163476935524410294e+01
7.117305781543016963e+01
7.071179518590963653e+01
7.024331000150417026e+01
6.975446837139698175e+01
6.924998517168147316e+01
6.875570039473210215e+01
6.828101322248312499e+01
6.779529486585427378e+01
6.730109003118064948e+01
6.681493469867972124e+01
6.634974845405299959e+01
6.591723343737479013e+01
6.542639052834988433e+01
6.496521863494557181e+01
6.453675751624815859e+01
6.408765196660658603e+01
6.363195729098485032e+01
6.312659257502822641e+01
6.260116461936414822e+01
6.204471120781575166e+01
6.150318114822206894e+01
6.094907983110780947e+01
6.041789699465902430e+01
5.993670131338592455e+01
5.942669656763103347e+01
5.890295190085566190e+01
5.835824415072077898e+01
5.783359023753622097e+01
5.729545880619600950e+01
5.676585072713356794e+01
5.623862437155376881e+01
5.571515686678645096e+01
5.519104616642812999e+01
5.469563610597766257e+01
5.418278210016874397e+01
5.367993776790725491e+01
5.321658093415370416e+01
5.280346842785570516e+01
5.244015314956087082e+01
5.209541543579190659e+01
5.174852010678450398e+01
5.138745682101733792e+01
5.100571925102153159e+01
5.058140288508892723e+01
5.007189780105962740e+01
4.955393726043781299e+01
4.906815573727359236e+01
4.863009666247349116e+01
4.821969691184242635e+01
4.783103200024210366e+01
4.748166966539948675e+01
4.716307392545157029e+01
4.684456095320426527e+01
4.653198376679116421e+01
4.622673657294649985e+01
4.588984601026575660e+01
4.551068320141986590e+01
4.510258017489115900e+01
4.467920395730157423e+01
4.420748049905412813e+01
4.370330374500226611e+01
4.318191444655931832e+01
