8.643022865247300501e+01
8.625740937921263196e+01
8.606775880488351049e+01
8.586310311106234394e+01
8.564022002687856627e+01
8.540019581907661461e+01
8.514140853555485933e+01
8.487337012456244167e+01
8.459490820265503430e+01
8.430956161694160755e+01
8.401326676943672567e+01
8.370750706433550192e+01
8.341336125947115931e+01
8.311769435064906020e+01
8.282200417110219348e+01
8.251237090374922900e+01
8.219161544455519675e+01
8.185207683754988750e+01
8.148306493813751672e+01
8.110765242268097097e+01
8.072182567363918793e+01
8.031376411731717724e+01
7.989546234962993765e+01
7.948371289121716643e+01
7.910160194189062111e+01
7.871489522751984680e+01
7.832771049046516509e+01
7.794288773515445712e+01
7.755664667217239128e+01
7.713909628525895812e+01
7.670193351502705070e+01
7.626371518282522288e+01
7.583579405468860557e+01
7.541894855851379020e+01
7.499195817972591271e+01
7.454815307383734080e+01
7.407497936348696044e+01
7.354890581306496244e+01
7.300030434474571450e+01
7.248419318183727000e+01
7.198573681354105247e+01
7.147152304063814654e+01
7.092859062947472637e+01
7.039199633492312103e+01
6.985128920249236728e+01
6.930119671723855390e+01
6.872522927102068024e+01
6.816664669079037253e+01
6.762333257247368579e+01
6.707918331362454012e+01
6.653140279899150755e+01
6.598781972032159615e+01
6.544597413170804145e+01
6.489635330734256513e+01
6.432371741696880463e+01
6.377420908552771550e+01
6.323401872583965400e+01
6.267873935674888486e+01
6.211452375283762706e+01
6.153666820300080786e+01
6.100173187996947632e+01
6.048791008811724623e+01
5.999088123163634378e+01
5.949738207570820947e+01
5.901627330415307426e+01
5.855580877458907452e+01
5.811357789907793148e+01
5.766039835363526578e+01
5.721727688266546608e+01
5.674614144369238034e+01
5.625421455964006157e+01
5.569776049780696781e+01
5.513999770559770752e+01
5.457154103935850031e+01
5.399867771976006026e+01
5.341606778015037804e+01
5.284456756061698712e+01
5.233446425549830394e+01
5.186448309525346190e+01
5.138263121711320736e+01
5.090529654701260398e+01
5.047130573520085051e+01
5.005049385657617478e+01
4.960895479512235084e+01
4.918905888004286453e+01
4.880821742721250445e+01
4.843908183852728655e+01
4.806200134057933582e+01
4.766045829193060968e+01
4.729546728562989699e+01
4.695459027652282913e+01
4.661661199271406275e+01
4.630685040377430539e+01
4.601889345668626419e+01
4.571204652486201070e+01
4.535830505320901551e+01
4.495251473402211673e+01
4.452865537292596088e+01
4.409040739602872350e+01
4.361160131116892558e+01
