8.103361755589118331e+01
8.103183445768311799e+01
8.101194547483011377e+01
8.097469424713406738e+01
8.092444226546614061e+01
8.085323053190609244e+01
8.076066839204328573e+01
8.063119842001833604e+01
8.048410213423304072e+01
8.034051821990401265e+01
8.018852857624196417e+01
8.002970909996849969e+01
7.987112228263102054e+01
7.970854963585773589e+01
7.953831723195607140e+01
7.932904277773187118e+01
7.909800621174443336e+01
7.884617050200584742e+01
7.858177745821905091e+01
7.832125748788240571e+01
7.806475972686344278e+01
7.779118000545273048e+01
7.750793138845038754e+01
7.721292421271968465e+01
7.692267119455470947e+01
7.663257687536804497e+01
7.632940332625412339e+01
7.602177319627695340e+01
7.572532809894892125e+01
7.545078317195719819e+01
7.516521448335181788e+01
7.486524026420558187e+01
7.455638191067927778e+01
7.422145610713030806e+01
7.384548935490174415e+01
7.346119610492598895e+01
7.306722036848996993e+01
7.262475493477815291e+01
7.218801530879389361e+01
7.176435684638626356e+01
7.135930440556364829e+01
7.095485553181956107e+01
7.050864618547923612e+01
7.002293009506452393e+01
6.956326794077257603e+01
6.910400256036780320e+01
6.863366446109777996e+01
6.812919258778636333e+01
6.763508484231422813e+01
6.711212762100370810e+01
6.657891898847609014e+01
6.603569994780963270e+01
6.546217243881197589e+01
6.492334086178436792e+01
6.443474347076400477e+01
6.395490723909959030e+01
6.349239050821580577e+01
6.304591074095687020e+01
6.261682528916902157e+01
6.216867342646436612e+01
6.169547472288569168e+01
6.122882115681376547e+01
6.069072199968267256e+01
6.010303956016330318e+01
5.949712457471558480e+01
5.887313357984663753e+01
5.822931052362318383e+01
5.761808326637102340e+01
5.700384539301635556e+01
5.647926414288509278e+01
5.606950790084027858e+01
5.565540789056083071e+01
5.517271327794415470e+01
5.478436023108915265e+01
5.442950429055925810e+01
5.404990036466644199e+01
5.357286788943845579e+01
5.307394224219261503e+01
5.260674048089677513e+01
5.206203747940565307e+01
5.153886637269576454e+01
5.102214309393271918e+01
5.051726500493173688e+01
5.011724291186565239e+01
4.979087950636706239e+01
4.951265464068266198e+01
4.920194147956712527e+01
4.881959067005715269e+01
4.837968627575925495e+01
4.800340908447139299e+01
4.767439649480846242e+01
4.730773911821552957e+01
4.689615027535137415e+01
4.643040686168987463e+01
4.601923378228887174e+01
4.560330678368123358e+01
4.511124596882324767e+01
4.461317707723711123e+01
4.415193163255434428e+01
4.369844209674254643e+01
