7.603327450263024900e+01
7.616490036815737596e+01
7.627330246865592756e+01
7.636603613636472687e+01
7.644136268018883129e+01
7.650123096342331053e+01
7.655096237137358628e+01
7.657847584328121116e+01
7.658743621538523882e+01
7.657131140000750236e+01
7.654582544359564622e+01
7.651371665028608504e+01
7.644767457451546022e+01
7.636756855167466540e+01
7.626557638656949223e+01
7.616861846871522346e+01
7.606825540401285934e+01
7.594225609546209910e+01
7.579221452005303661e+01
7.562019531226528102e+01
7.543628573288114580e+01
7.524121218789453280e+01
7.503165899468511668e+01
7.481411811204073103e+01
7.457789782075649043e+01
7.432760446918769048e+01
7.405632854564927925e+01
7.376890820187691133e+01
7.347680337399596340e+01
7.316417659497248849e+01
7.284092515981048166e+01
7.252526154566132277e+01
7.219637114476149975e+01
7.188620862379059417e+01
7.156305107777680519e+01
7.119724485722919383e+01
7.084165497241620812e+01
7.047709693364471661e+01
7.012594489953222876e+01
6.976812207527031262e+01
6.938911253560098658e+01
6.896384425047196487e+01
6.851854261738732532e+01
6.806370741237225275e+01
6.761138261111045722e+01
6.714696549056756680e+01
6.667188878055324608e+01
6.621082957388253476e+01
6.575149044542817478e+01
6.529024468907979895e+01
6.483260348676698470e+01
6.436906469563352573e+01
6.389586171335708542e+01
6.343244602680154998e+01
6.297359187461820085e+01
6.249381026394000571e+01
6.200843011743915412e+01
6.150618527299952376e+01
6.098717741009597404e+01
6.047861722455460409e+01
5.997032124811570242e+01
5.947658585793385555e+01
5.898369908640544423e+01
5.848226911051929733e+01
5.801106605842575448e+01
5.753934028556272295e+01
5.701150646399692334e+01
5.648347172933842586e+01
5.601793787537422986e+01
5.558229706232040002e+01
5.513858021013817989e+01
5.470741884991081605e+01
5.426818592817718212e+01
5.378931495892525305e+01
5.329252587515313877e+01
5.277332799980082711e+01
5.227162649261759952e+01
5.178808464757829455e+01
5.135819658101631546e+01
5.095637724467435703e+01
5.053416254588992729e+01
5.012922406549405707e+01
4.975239863397091256e+01
4.935373728670290205e+01
4.899734449459103303e+01
4.868583381408202371e+01
4.836242438541335531e+01
4.802720624212730627e+01
4.767782226481498498e+01
4.727806992038852485e+01
4.684843012573625742e+01
4.642523390723525267e+01
4.601529652584774510e+01
4.562814920114545458e+01
4.522934486202646553e+01
4.482849483611783370e+01
4.441400294852349617e+01
4.397464292016496046e+01
4.353368937154362328e+01
4.312202008919857832e+01
