7.759874483183708094e+01
7.755376399619791528e+01
7.748802614925909893e+01
7.740089717321691865e+01
7.730783335282625046e+01
7.719297164446658144e+01
7.706153589369121448e+01
7.693079738375591603e+01
7.679420216542168021e+01
7.664802781397847298e+01
7.649448254955171933e+01
7.633536600609966172e+01
7.617736289429628016e+01
7.602264434307618046e+01
7.585691501617115762e+01
7.567818637782113456e+01
7.548677464329215070e+01
7.528329504697477148e+01
7.503891124449512517e+01
7.478314357281840330e+01
7.450472578185610928e+01
7.423100962699156469e+01
7.397020542208075256e+01
7.368727203488289490e+01
7.339836446627651867e+01
7.309969796642361928e+01
7.279506048142785346e+01
7.249553563727022265e+01
7.219495841641310108e+01
7.187777753013355664e+01
7.155583548719287990e+01
7.122758789520825928e+01
7.089098765238381361e+01
7.054247392773234537e+01
7.018955987778603856e+01
6.981391763516408844e+01
6.943471783855136437e+01
6.905363871360141559e+01
6.866922013208537123e+01
6.826108154347490142e+01
6.783934012047015472e+01
6.741394316002327969e+01
6.697754763192497762e+01
6.653451701106040161e+01
6.608419589009660911e+01
6.562684356347142511e+01
6.516429251008543133e+01
6.469831150492306904e+01
6.421972374009467899e+01
6.374381278577617138e+01
6.325738228181940315e+01
6.275580882690989171e+01
6.226904153240516138e+01
6.178472760372532235e+01
6.130561013266664361e+01
6.081582873159081259e+01
6.034110307823091546e+01
5.989730890508581496e+01
5.947647163329460795e+01
5.906903644244002294e+01
5.863676243188927373e+01
5.820289992579950678e+01
5.776215204948807269e+01
5.733827310574167768e+01
5.692588780143913141e+01
5.653911876101235379e+01
5.613824726582859626e+01
5.569711978814135023e+01
5.525495072878652536e+01
5.480730777015590860e+01
5.434519489347898968e+01
5.386595450290172948e+01
5.336074095211445467e+01
5.282662902808289829e+01
5.225421538527659493e+01
5.171390877358394533e+01
5.120909100691977756e+01
5.076559896815883377e+01
5.037080924071376131e+01
4.996446454540170379e+01
4.959800235853417405e+01
4.929116029753606654e+01
4.897509139480948193e+01
4.867363861766784794e+01
4.837100080460178475e+01
4.812329863871853775e+01
4.783723241132680215e+01
4.753847062780840815e+01
4.724599696857969633e+01
4.690530100750301301e+01
4.653276393532226507e+01
4.612883408227600057e+01
4.576484281502911244e+01
4.538647950350554794e+01
4.496825145492910281e+01
4.454558998543447501e+01
4.406765791207371308e+01
4.359103553713752888e+01
4.313076768413849038e+01
4.268305719704580525e+01
