6.103144967188930536e+01
6.133514330001799664e+01
6.161659053145232434e+01
6.189032495626102559e+01
6.215146613984941837e+01
6.239363413084529952e+01
6.260788294846385327e+01
6.279719234027606234e+01
6.296629608567411651e+01
6.311470412062348601e+01
6.325008901613908563e+01
6.338130915976138624e+01
6.350171514963793840e+01
6.361401720910995294e+01
6.371802083112743986e+01
6.380236235583470972e+01
6.388340004120862403e+01
6.395574131586721478e+01
6.402644541234008102e+01
6.409225929096736252e+01
6.414712680751584628e+01
6.419841835717247136e+01
6.423988177833038549e+01
6.428911281380376863e+01
6.434204074210816771e+01
6.437331302345135953e+01
6.438341154435163105e+01
6.439011353222591083e+01
6.437200828540983366e+01
6.433856114319061703e+01
6.428752237669921499e+01
6.423802644776624504e+01
6.416276450736951631e+01
6.406077372495175837e+01
6.392081081197361669e+01
6.379846605842282514e+01
6.366130860102209255e+01
6.348674416462199588e+01
6.329369533722685048e+01
6.307904501891516702e+01
6.282798879141952852e+01
6.256897001127761371e+01
6.229882039711400665e+01
6.205880643037927769e+01
6.179800742467173791e+01
6.150871399884633917e+01
6.119982001364593316e+01
6.089201515757570604e+01
6.059128818381157799e+01
6.027105683983214135e+01
5.995264519594395836e+01
5.963195688292123720e+01
5.930839896786082477e+01
5.896227023834556036e+01
5.861484433969295083e+01
5.828190965262302115e+01
5.793791216875649752e+01
5.760035123088738374e+01
5.726853156663037225e+01
5.690643732930341514e+01
5.652417624601789470e+01
5.610576309829026087e+01
5.572256191991942131e+01
5.536918639354354355e+01
5.502596997296114267e+01
5.472385887377986080e+01
5.441573751752139998e+01
5.408317036273876255e+01
5.375284582053635063e+01
5.343797117417510378e+01
5.310826470772524033e+01
5.275247930420756148e+01
5.237877814684192401e+01
5.200902063562406852e+01
5.163701515639111506e+01
5.125733637059503423e+01
5.082647363091640358e+01
5.042561134888921259e+01
5.004002265084460532e+01
4.966963149732727345e+01
4.930506912155805566e+01
4.896912620405533545e+01
4.870107837189120659e+01
4.844240550439466375e+01
4.817254179767680711e+01
4.789111632017463904e+01
4.758247947530336575e+01
4.723713940754306151e+01
4.688707152102073650e+01
4.655287691774216086e+01
4.619648405821134673e+01
4.579385519541115457e+01
4.538268494944956188e+01
4.500038596481306286e+01
4.463069611224974409e+01
4.419251675498806264e+01
4.372496289018805982e+01
4.325769681762586316e+01
4.284003973107704866e+01
4.240404086502991987e+01
