7.835338637956152752e+01
7.861266425812843295e+01
7.884667757385186349e+01
7.905595169195420624e+01
7.922759800678930731e+01
7.936625339232151077e+01
7.947985939027040558e+01
7.957136002489397697e+01
7.963478010275953523e+01
7.969009147440804952e+01
7.972211685777793377e+01
7.972299599963746175e+01
7.968534477210040734e+01
7.962214309664010159e+01
7.954396920656554926e+01
7.945337663283369523e+01
7.934360977484918465e+01
7.921964483194474838e+01
7.908104797335690250e+01
7.892298330465590084e+01
7.874954272973610614e+01
7.859083946364664541e+01
7.843366898757787453e+01
7.826644373506493935e+01
7.808344128779121718e+01
7.786348206665830674e+01
7.762334063043044807e+01
7.736811970933123916e+01
7.707828720435961145e+01
7.675693746470648193e+01
7.642516694136678268e+01
7.608936411015760370e+01
7.575462505199124053e+01
7.541925532359792328e+01
7.507053171559985572e+01
7.469808503258964549e+01
7.431241879124321770e+01
7.392866675374328622e+01
7.353785427675954622e+01
7.313410965626074756e+01
7.272615116657284773e+01
7.229813680970943324e+01
7.182718756429378004e+01
7.133005440553112919e+01
7.079050427927816713e+01
7.024894160269801091e+01
6.971574307952602112e+01
6.919654930569093665e+01
6.864348955511199790e+01
6.808806822917799195e+01
6.751083528497002817e+01
6.694669295303202716e+01
6.641825332864358700e+01
6.589093160315624687e+01
6.534667681428143737e+01
6.479563680418047511e+01
6.422710389580724666e+01
6.363710026633999917e+01
6.306518372288525853e+01
6.250632563282215415e+01
6.194366847555031796e+01
6.139072546499389915e+01
6.086305950332038606e+01
6.032442326761754003e+01
5.974981603852182133e+01
5.916577046273469165e+01
5.860280592590877546e+01
5.802796695246586012e+01
5.745062016181336872e+01
5.691091581535185639e+01
5.635813343908082373e+01
5.579960882730931360e+01
5.525566567786101047e+01
5.470422143350869959e+01
5.420705167234286392e+01
5.374460745933019723e+01
5.325449497105633156e+01
5.277845047969837822e+01
5.225051978390584395e+01
5.171206791708417683e+01
5.115504983718894039e+01
5.064866161554272139e+01
5.017370131132642541e+01
4.968719776863363080e+01
4.919135477688413971e+01
4.872705434396991109e+01
4.831231079271637441e+01
4.787682081109957011e+01
4.747105740890304304e+01
4.706994957837748927e+01
4.663933008158523563e+01
4.622025744923634250e+01
4.577235078288312309e+01
4.526554945287002596e+01
4.475304898301846634e+01
4.422533702611875839e+01
4.374477749283276751e+01
4.326732040638560051e+01
4.276165537078132672e+01
4.222021584996571875e+01
