8.161341301255053793e+01
8.140614466409917327e+01
8.119460647435174394e+01
8.097544379826841521e+01
8.074238592054085473e+01
8.050116715742578322e+01
8.025352132334609223e+01
7.999922850196723800e+01
7.973529063619123747e+01
7.945692087332858478e+01
7.916588114407120713e+01
7.884415258677749705e+01
7.852036822845030883e+01
7.820675780407952971e+01
7.790058283816475182e+01
7.759124101506057514e+01
7.727508283758216123e+01
7.695754051528855655e+01
7.665707939182240693e+01
7.635922542204478702e+01
7.606484514722161805e+01
7.575365263439145735e+01
7.541378763838291377e+01
7.506329389542243291e+01
7.471080089823971093e+01
7.436331559876150266e+01
7.398207144409842329e+01
7.359450651100065954e+01
7.320304238191899060e+01
7.280662344233824967e+01
7.239671770717374955e+01
7.198729117537013167e+01
7.157070777115667681e+01
7.113348164831100462e+01
7.070389174514278352e+01
7.027582014384356057e+01
6.988024361253866346e+01
6.948622094834608731e+01
6.907378062144792352e+01
6.867200038570760512e+01
6.828828225261084128e+01
6.793870894394751758e+01
6.758836732313706364e+01
6.723001688145802746e+01
6.684341629128391560e+01
6.643004827705514970e+01
6.601615866012500078e+01
6.559971027503235064e+01
6.517931304020625305e+01
6.475630179747007276e+01
6.433011820893240440e+01
6.389108192842390821e+01
6.343000553214509551e+01
6.293503168916203094e+01
6.244023878419460516e+01
6.192458708161237979e+01
6.139684695557752292e+01
6.088526174093379950e+01
6.035441974363894246e+01
5.984534906127910858e+01
5.937320283573073709e+01
5.890949760507533028e+01
5.844400765776492790e+01
5.801787372941181786e+01
5.758397337410393391e+01
5.711355315797823806e+01
5.662801655961047942e+01
5.616272471451269155e+01
5.568577364138013053e+01
5.518633057221831706e+01
5.468886772212400871e+01
5.420797681397782952e+01
5.376808637314672268e+01
5.333050550965356251e+01
5.289841706036747127e+01
5.243359912141107060e+01
5.193614887596456953e+01
5.143905679934953667e+01
5.098227392385381052e+01
5.050419009590089559e+01
5.004753115377166495e+01
4.958121144551157755e+01
4.915258684346370188e+01
4.880366525636671327e+01
4.840961662198203896e+01
4.800376322624744319e+01
4.762200391374982189e+01
4.722832099822100815e+01
4.679147445737818600e+01
4.637981558409359195e+01
4.602585990894883849e+01
4.567395909178061686e+01
4.531740499052902749e+01
4.496089964222919377e+01
4.461012131746379339e+01
4.428988817076553630e+01
4.395709346422201236e+01
4.360731738156093940e+01
4.324210574573449861e+01
4.285192770909736737e+01
