8.286970715247596786e+01
8.261621530483289177e+01
8.235265841507786888e+01
8.206473064293042796e+01
8.177017274939353797e+01
8.147715269249306402e+01
8.117123318897260731e+01
8.087788392739574306e+01
8.058448971989666632e+01
8.029610979190327669e+01
8.001493071475948682e+01
7.973303898589848870e+01
7.943824027022095891e+01
7.914216950288947316e+01
7.884931038941661541e+01
7.854701881481896919e+01
7.823676480581556802e+01
7.790673819078998008e+01
7.754785379730653005e+01
7.717571863261947840e+01
7.680395611998035577e+01
7.643215966320154564e+01
7.605132370408487930e+01
7.567072566961441282e+01
7.526112203809285006e+01
7.483528594747662055e+01
7.441158485613149765e+01
7.399255804143942328e+01
7.359600101451113119e+01
7.321726699774121983e+01
7.283323504941506599e+01
7.243543051798707211e+01
7.203608969217677327e+01
7.163540270831413181e+01
7.121795842091263751e+01
7.078626981739542146e+01
7.034737255707743486e+01
6.992526651485167122e+01
6.948880442733450025e+01
6.903004293590775831e+01
6.855222167544097545e+01
6.804911556840595210e+01
6.754837093304232098e+01
6.706756250229199168e+01
6.659299408164146428e+01
6.612313825275271029e+01
6.562497623895438892e+01
6.512617845138284167e+01
6.463248905243723641e+01
6.415068402375734991e+01
6.367542204377354409e+01
6.319873688782894305e+01
6.273464755750923416e+01
6.228856135941352079e+01
6.185463631866753076e+01
6.143443669307936972e+01
6.102393478470926880e+01
6.061551540307625174e+01
6.020010277781279484e+01
5.980175902688180400e+01
5.936666534719502408e+01
5.890316205779929959e+01
5.843264295603427882e+01
5.795918876734322112e+01
5.749222146617135110e+01
5.702095249283003398e+01
5.653487450386226953e+01
5.602326854445158233e+01
5.549459782443137357e+01
5.498543215784993521e+01
5.447716637266699280e+01
5.400187321070664836e+01
5.353329837070958774e+01
5.304238973458239315e+01
5.257318500791907923e+01
5.210591036034362133e+01
5.166709013775457038e+01
5.127341939175987306e+01
5.090270138245146114e+01
5.053858080403661290e+01
5.015689705018192512e+01
4.978720566020365368e+01
4.938870443263504484e+01
4.895049898734806959e+01
4.853427473067606002e+01
4.811029338325093363e+01
4.771437136638906651e+01
4.734207842754163664e+01
4.697472923907302800e+01
4.659606916016133482e+01
4.620436395143750730e+01
4.582982703611677522e+01
4.546698265815305717e+01
4.511515512714625942e+01
4.475210682612191704e+01
4.436386800914967665e+01
4.395377298679796496e+01
4.351903263533747435e+01
4.312097441891069138e+01
4.272697871755242005e+01
