6.194500309990269926e+01
6.219570321738522267e+01
6.244025867679136610e+01
6.266253189862505479e+01
6.285993332286423652e+01
6.304277106003564057e+01
6.321626877188871418e+01
6.337408143051109732e+01
6.352680633151278045e+01
6.366075517784206284e+01
6.379046715092104591e+01
6.390536341770640405e+01
6.399834766803038377e+01
6.408754323027642386e+01
6.415952712558325288e+01
6.421685491675509638e+01
6.426679402027053811e+01
6.431551188494958637e+01
6.435942816909337694e+01
6.440410945323678504e+01
6.444655953544737770e+01
6.448192201483371377e+01
6.451642959622654416e+01
6.454555060721862958e+01
6.456108096513389683e+01
6.456163498988692595e+01
6.456207981733551549e+01
6.455707540637241948e+01
6.453745790967292351e+01
6.450560622072454464e+01
6.445459796487169513e+01
6.439586439433441001e+01
6.432371251181055527e+01
6.423214161925459109e+01
6.412013977636514994e+01
6.398088541162162102e+01
6.382930548336051402e+01
6.366168207024956160e+01
6.348522566628703601e+01
6.329996182307932884e+01
6.310339067657065470e+01
6.289763648696818876e+01
6.268691837746789020e+01
6.246382519324402693e+01
6.224341956398770748e+01
6.202057872311227271e+01
6.179554845595815493e+01
6.153227244783202821e+01
6.125647394186581352e+01
6.098776186559998536e+01
6.070602931867786367e+01
6.042660336372458829e+01
6.014424050968577262e+01
5.984055264840851152e+01
5.951234492961136624e+01
5.917322914912438847e+01
5.883026468183674496e+01
5.845868118484558806e+01
5.808369547759677687e+01
5.771113875321483988e+01
5.735907526123749989e+01
5.701925141295844668e+01
5.669465113545611246e+01
5.636291081349872201e+01
5.604152038484251364e+01
5.571177911216051371e+01
5.535310840978605995e+01
5.497416085766226956e+01
5.459920274562221465e+01
5.423082046460255867e+01
5.387267374160783362e+01
5.354878950969607843e+01
5.322723614148183202e+01
5.290108068779935735e+01
5.256857836555153085e+01
5.220937875344397128e+01
5.182574589931106601e+01
5.140049985931202059e+01
5.096497299201008246e+01
5.053980409451158806e+01
5.007955877386611121e+01
4.960841719279090967e+01
4.919168995376070086e+01
4.881316447963654070e+01
4.847204168432849514e+01
4.815908270464014151e+01
4.788273212562306469e+01
4.761454337081868715e+01
4.733728516726580438e+01
4.704001498223504996e+01
4.672752776407861575e+01
4.644823473516182588e+01
4.619043763888834064e+01
4.590626015411137217e+01
4.559045879896599018e+01
4.525037907567336504e+01
4.491486697790211480e+01
4.455777919078995097e+01
4.413246311247360154e+01
4.365594819351324674e+01
