7.129920300055506743e+01
7.140181632795234634e+01
7.147681909089310182e+01
7.154232945933070198e+01
7.159774755416714243e+01
7.163221923273381719e+01
7.164694709566587960e+01
7.164972994482464230e+01
7.161762341916482910e+01
7.154971825447658773e+01
7.147968458768134781e+01
7.139400119119122223e+01
7.130942064908141731e+01
7.121153448994650148e+01
7.109428563309253946e+01
7.098098550368688109e+01
7.085050292438158692e+01
7.072251732787380263e+01
7.058512185574686271e+01
7.045659101478035780e+01
7.034567959784325808e+01
7.023284784406646963e+01
7.009133764619372187e+01
6.994131334094198849e+01
6.976573130417676794e+01
6.956461904622177883e+01
6.935666793745625114e+01
6.914711769309569434e+01
6.895435538578630030e+01
6.874831132179821225e+01
6.856139772531052756e+01
6.834951303854258242e+01
6.810846699710739927e+01
6.784510430230825762e+01
6.756079597177466667e+01
6.732460357219383695e+01
6.708452760260701098e+01
6.682134269775842483e+01
6.654543240058251286e+01
6.623306964436895328e+01
6.589511186403292697e+01
6.554638081959465978e+01
6.520466134292091454e+01
6.485814901403604438e+01
6.449519497115443301e+01
6.411344311379765770e+01
6.372039896362247902e+01
6.332610734124607177e+01
6.292817382452172836e+01
6.251573873631038936e+01
6.211920045831048753e+01
6.174643204668224428e+01
6.132769319046126810e+01
6.090627830430875633e+01
6.049188579084957240e+01
6.008445855216318421e+01
5.963238401977925918e+01
5.916891349801605315e+01
5.871954328862739203e+01
5.825821899208298760e+01
5.778000268845885756e+01
5.728386226811610982e+01
5.681686744828362379e+01
5.639293268568848561e+01
5.596379110410627078e+01
5.552648936383356215e+01
5.511696877392633809e+01
5.474861606781499290e+01
5.440212468324148887e+01
5.401686189903816881e+01
5.363008266068317198e+01
5.323602124196851548e+01
5.279944208890541546e+01
5.238456159174865689e+01
5.198737731955966979e+01
5.157800199054735657e+01
5.117186626524518545e+01
5.075541430582905633e+01
5.036277304752115924e+01
4.995721228409403381e+01
4.957061496294813452e+01
4.918101132677367104e+01
4.881383512364375576e+01
4.847201213289362443e+01
4.813901146289047261e+01
4.783942051446457810e+01
4.753268143094462062e+01
4.720268924231908869e+01
4.687472064179423370e+01
4.653370275650656396e+01
4.617195906530805161e+01
4.578064441904364656e+01
4.535263466159518941e+01
4.492633643910474461e+01
4.451581685612311645e+01
4.406696181372009136e+01
4.366060150182907051e+01
4.323161286297976602e+01
4.275066282126854844e+01
4.225557391233942894e+01
