8.197536495584918725e+01
8.182537969411843903e+01
8.167386571832044240e+01
8.151853789680308182e+01
8.135319000831377423e+01
8.118011049280920588e+01
8.100388345343945673e+01
8.082548298325761493e+01
8.063490621853202356e+01
8.042631156411873405e+01
8.021339339964285386e+01
7.997785692455970263e+01
7.973503458769127406e+01
7.948266312628743435e+01
7.922544303261963705e+01
7.895934366480634026e+01
7.868322979969133257e+01
7.839825171460655895e+01
7.810640191271356514e+01
7.779312166796344741e+01
7.747003088073014965e+01
7.714141457613449404e+01
7.681258653984529872e+01
7.646486151666449871e+01
7.611047737208255626e+01
7.575600964740314680e+01
7.540449896166886390e+01
7.505849018418652463e+01
7.472547579096168135e+01
7.440168689054894458e+01
7.407995183301724751e+01
7.374074108811582562e+01
7.338117500316279518e+01
7.301505691317787239e+01
7.264539354913119951e+01
7.226079765697008384e+01
7.187492138591989033e+01
7.148561091356820896e+01
7.108489185294803292e+01
7.067499726501446844e+01
7.026530337287948669e+01
6.985555156523790288e+01
6.943668604771423247e+01
6.899769714517464081e+01
6.854869471355762300e+01
6.808996695181794223e+01
6.762391799263440362e+01
6.715405218787809360e+01
6.670191647945617319e+01
6.626359558401821914e+01
6.583473705521254260e+01
6.539260369218273183e+01
6.492494861202915502e+01
6.444827881236861344e+01
6.395421357140877916e+01
6.345118476654742068e+01
6.295394547905920035e+01
6.247771687398366680e+01
6.197516392079776892e+01
6.146926053928373790e+01
6.096616936759342309e+01
6.046541213320013952e+01
5.996003067297240818e+01
5.946612310128241319e+01
5.898029249371216309e+01
5.847927009674924648e+01
5.800951614434710990e+01
5.755720085278520060e+01
5.710396188964022457e+01
5.667448877050820499e+01
5.625742055473702408e+01
5.585089403100620586e+01
5.543181888458190087e+01
5.499851258188909497e+01
5.454307153480706205e+01
5.407456079911614211e+01
5.361015017981276998e+01
5.312813875269753794e+01
5.261954457182370248e+01
5.207622185298368578e+01
5.155536102863845116e+01
5.106154725506539904e+01
5.061168671140323738e+01
5.016712310943744058e+01
4.970194881271100940e+01
4.921741821103697134e+01
4.876737863902819470e+01
4.835738824491451027e+01
4.797289722549841429e+01
4.761710326251585457e+01
4.724310570034373313e+01
4.684476653015298098e+01
4.645561925480627963e+01
4.607538364957197530e+01
4.566623312424520975e+01
4.522218655587077762e+01
4.478101826501175964e+01
4.436486483077332110e+01
4.395684663967432471e+01
4.354713268380807278e+01
