7.981202416384380172e+01
7.976789987819924477e+01
7.971335557005086514e+01
7.964691113470452422e+01
7.956911144368729083e+01
7.948025192162300812e+01
7.938065419627388053e+01
7.927152833632159457e+01
7.914873172416193370e+01
7.901156912283433087e+01
7.885313826411103832e+01
7.868402914385518443e+01
7.849708462770860251e+01
7.829997439756145639e+01
7.809833446268984858e+01
7.788874186123176457e+01
7.766739219743502076e+01
7.742780664960987735e+01
7.717336356479478354e+01
7.690509353288585714e+01
7.662419885975901934e+01
7.634167722261123856e+01
7.606126547711743058e+01
7.578453328886854479e+01
7.548984523206412689e+01
7.518983956545397973e+01
7.488617690968149532e+01
7.457396581440696082e+01
7.425458749495338395e+01
7.392215364927606913e+01
7.355700484806295947e+01
7.317866724023770075e+01
7.280472565892573300e+01
7.243322813689043471e+01
7.206792517754057315e+01
7.171002916239282854e+01
7.135375003643991931e+01
7.099020105416538229e+01
7.060746725925953626e+01
7.020555880856717579e+01
6.980263523075237231e+01
6.938545091429158163e+01
6.896691194320705165e+01
6.855032996717295646e+01
6.812961053738628436e+01
6.771639759509557166e+01
6.730448134422171336e+01
6.689516445264021627e+01
6.646424622324308018e+01
6.603418158162442353e+01
6.559424817317851364e+01
6.516055129539874713e+01
6.472537054411778001e+01
6.427709308279460743e+01
6.382408708725003521e+01
6.336896455379479676e+01
6.289631153433896316e+01
6.239808744740888358e+01
6.188541769728764308e+01
6.135051195737702301e+01
6.080878735440974481e+01
6.025948623343314381e+01
5.974294456253618080e+01
5.924775572393360079e+01
5.877221337411351954e+01
5.829314650194451985e+01
5.778622272273589289e+01
5.727699975709139579e+01
5.677971362915379672e+01
5.631207984850176018e+01
5.585780308791377990e+01
5.540412336693954387e+01
5.494808461559050983e+01
5.448571042084357430e+01
5.399721678895244992e+01
5.350580695185788471e+01
5.298521908377920653e+01
5.246752220469784334e+01
5.194315839490307951e+01
5.142470389770615924e+01
5.090669623566743240e+01
5.039005872500876393e+01
4.990804579717620726e+01
4.945179003722478939e+01
4.899648315641467633e+01
4.850969113754266715e+01
4.803255437211874579e+01
4.753929810391669974e+01
4.701660476254809851e+01
4.652988326654809725e+01
4.609151278070132207e+01
4.569101903140992960e+01
4.528765887854425642e+01
4.491599673264117598e+01
4.454345867705185924e+01
4.418936413135620001e+01
4.382179940896583759e+01
4.344532521012938986e+01
4.306038429709303017e+01
4.270769165771764619e+01
