7.667986164945700978e+01
7.663721164202037528e+01
7.658306573663517725e+01
7.651989521525965188e+01
7.644799873737562734e+01
7.637197620328912251e+01
7.627865469687982625e+01
7.617197799344587850e+01
7.605425653255230145e+01
7.592812686662783506e+01
7.579361720188704510e+01
7.565135979333750527e+01
7.549132858032767501e+01
7.532060197416406311e+01
7.513599481910333111e+01
7.493346692514947449e+01
7.471699713297121548e+01
7.448665561322194151e+01
7.425279252021221055e+01
7.401956525168675682e+01
7.377936050329785189e+01
7.351787287786537206e+01
7.323823053278272255e+01
7.293177353970976640e+01
7.259147021638732156e+01
7.225359793668815200e+01
7.191192942021234558e+01
7.156696017865721160e+01
7.122478024645431560e+01
7.088057175731067616e+01
7.054069581046327642e+01
7.020164805568693112e+01
6.987282411342233956e+01
6.954447419928192176e+01
6.921927815922155958e+01
6.891295154694142866e+01
6.859625986295841926e+01
6.826982070096305222e+01
6.793826531514864087e+01
6.758990401293640105e+01
6.723177139663556545e+01
6.686973507557948437e+01
6.650847551976534078e+01
6.613734366270378473e+01
6.573099553081634383e+01
6.529002249169839445e+01
6.484702677447111796e+01
6.440506892358469315e+01
6.396457281353330160e+01
6.352099723313481405e+01
6.308137698320577158e+01
6.263120163812338603e+01
6.219218054495334513e+01
6.176409972548667326e+01
6.132812335826219652e+01
6.089335417285395380e+01
6.046476251606498664e+01
6.003506411701772549e+01
5.958881687111538383e+01
5.915298258090152927e+01
5.871014801295097385e+01
5.825296691291855211e+01
5.775640426943274974e+01
5.725673548099628363e+01
5.674380647035463454e+01
5.621985765304508220e+01
5.568785290746073713e+01
5.515090457810336488e+01
5.457834648088950757e+01
5.400214884182445729e+01
5.348074478214680738e+01
5.299504560146652210e+01
5.250575084193012998e+01
5.202843742189268994e+01
5.155645062917498933e+01
5.111485092968045763e+01
5.069211408101308791e+01
5.027248442256494343e+01
4.983150889478722689e+01
4.939200610797293933e+01
4.896868846655333840e+01
4.855350487838109075e+01
4.816206932090857151e+01
4.780411063355534651e+01
4.745561584366047470e+01
4.707156361456878813e+01
4.667789055011188282e+01
4.630393500162625742e+01
4.595676995012811972e+01
4.558170266466662213e+01
4.518081840449016795e+01
4.477150465840701088e+01
4.438208924283571832e+01
4.399303480579298053e+01
4.365242519307680880e+01
4.335643826022139535e+01
4.305644160336427717e+01
4.273276409230462036e+01
4.238549306500235048e+01
4.205056435357808198e+01
