7.541781685207254782e+01
7.533337668155668609e+01
7.524360689155719228e+01
7.514972275873140006e+01
7.504042618086495509e+01
7.491950996120405648e+01
7.478970201311560118e+01
7.464753328345352656e+01
7.448718682500825139e+01
7.432315396819275577e+01
7.415427492525230946e+01
7.397618313779774724e+01
7.379066046439113791e+01
7.359610889466080152e+01
7.340806012981047957e+01
7.322477639097746760e+01
7.303305740276199742e+01
7.283709333326684998e+01
7.263690660894775419e+01
7.242764661586421937e+01
7.220038439763806082e+01
7.196258206301590121e+01
7.171162454221712323e+01
7.146056997433241520e+01
7.121207926108803576e+01
7.097816580784123630e+01
7.073836226307923880e+01
7.048818963122141668e+01
7.023151855173114200e+01
6.996153232724873305e+01
6.966977062996640768e+01
6.936608447513589226e+01
6.905207673029889293e+01
6.873452778533197716e+01
6.839237958859233402e+01
6.802115497317461745e+01
6.764145291186395070e+01
6.726270601352823064e+01
6.688419228250097603e+01
6.648528139743534382e+01
6.607801909530127205e+01
6.566219102540658525e+01
6.526389486340238477e+01
6.486131900060600231e+01
6.443133627635738492e+01
6.401673938487292048e+01
6.361217436359876842e+01
6.320886126755694789e+01
6.281842218506283615e+01
6.243414002419894615e+01
6.203412973617322024e+01
6.164792762849001662e+01
6.127284091147907219e+01
6.089483405025212193e+01
6.049210448874118384e+01
6.008718977732961264e+01
5.966027451332440279e+01
5.922813282406151103e+01
5.878311019774871227e+01
5.831547114350941285e+01
5.784565925104391937e+01
5.738420736353646845e+01
5.690693412293742171e+01
5.642863339852595317e+01
5.598994397523716771e+01
5.554232285351635312e+01
5.508678356293043521e+01
5.464336337774918206e+01
5.421443713988897173e+01
5.381649619069342805e+01
5.344247537027241179e+01
5.306227136560500668e+01
5.266856217520740557e+01
5.227550010987714302e+01
5.186302444307425930e+01
5.145472802357664222e+01
5.104899512319096999e+01
5.063172696588006261e+01
5.020288358004449236e+01
4.978853515427671539e+01
4.938288240061854850e+01
4.896223542623865654e+01
4.854344585014439417e+01
4.811401912131753988e+01
4.765383926019924132e+01
4.719416576207089520e+01
4.670505691542127380e+01
4.623678178454862575e+01
4.579563643899110303e+01
4.538258224200546209e+01
4.499485992483070618e+01
4.462253094552085741e+01
4.427207622673595466e+01
4.392347161905556163e+01
4.356047316592134422e+01
4.316945425693801042e+01
4.275799965496357657e+01
4.234684721607776225e+01
4.193269257864414357e+01
4.153528962323181162e+01
