7.363185133745926692e+01
7.359990169536543192e+01
7.355348695157921668e+01
7.349703511687377500e+01
7.343151777464022700e+01
7.335521024318133243e+01
7.326996710163223270e+01
7.317086814486457058e+01
7.306468815162513408e+01
7.294946883579274299e+01
7.282916332199532405e+01
7.270348654422794255e+01
7.255987509078246944e+01
7.240428249306644659e+01
7.223617536831459063e+01
7.203506299889008346e+01
7.182322973496383156e+01
7.160476813844037736e+01
7.137034081188816970e+01
7.111412654591038063e+01
7.086226008528308284e+01
7.059358275640303759e+01
7.032013865740803737e+01
7.005124612213661806e+01
6.978726264663735890e+01
6.952919090650981104e+01
6.927659403970078245e+01
6.902776349215383789e+01
6.878694664636022083e+01
6.854351596997722140e+01
6.829249516932087261e+01
6.803247296245795894e+01
6.777307396490623148e+01
6.750118337131964097e+01
6.721547533482025472e+01
6.690053359912394626e+01
6.655888454266852250e+01
6.620928390644249362e+01
6.584151831770603280e+01
6.545295583561750163e+01
6.505242497431025583e+01
6.464434982651552275e+01
6.423388192502073935e+01
6.384409649570955736e+01
6.344621623723114112e+01
6.304997895295419141e+01
6.265145989701348839e+01
6.225903250572881831e+01
6.187580212406432167e+01
6.148765407363431734e+01
6.109272163551807466e+01
6.069131044313874668e+01
6.030192814279509861e+01
5.989216542423194767e+01
5.947023930515435808e+01
5.905547678940681067e+01
5.864742104683215729e+01
5.823378022354733474e+01
5.781322046812298510e+01
5.739309115748040568e+01
5.697093833677341479e+01
5.654942731216202390e+01
5.614516105481818897e+01
5.572847014360902307e+01
5.530161524145895413e+01
5.487807647930623745e+01
5.443955660419931775e+01
5.397839044102925499e+01
5.351796044086127324e+01
5.305503749246895495e+01
5.261805095657806675e+01
5.218483262673277068e+01
5.174264044395165030e+01
5.126406527730596707e+01
5.076560987304674200e+01
5.026911956671238357e+01
4.976852431271912991e+01
4.929318056625918132e+01
4.884726426922031095e+01
4.844635095869227825e+01
4.803698020427474091e+01
4.762184373793117942e+01
4.717491596665600184e+01
4.671918806832962190e+01
4.628141570649312087e+01
4.583181521921115120e+01
4.539971044379749543e+01
4.497216257402072159e+01
4.457426515194052286e+01
4.418925373973822701e+01
4.378931475211091850e+01
4.338340854954395098e+01
4.299648097725484774e+01
4.262555743081681214e+01
4.225454496458530684e+01
4.189179163891785862e+01
4.152864874757689506e+01
4.118121589849118180e+01
4.085988334413308820e+01
4.051263318336977903e+01
