7.638062062936785424e+01
7.633567311826131174e+01
7.628068068920758549e+01
7.621538882075320487e+01
7.613764693591356547e+01
7.604669914447964629e+01
7.594507181434045151e+01
7.583058950694061195e+01
7.569749073670749340e+01
7.555232546553651218e+01
7.539407373782378841e+01
7.522585953191536134e+01
7.505227838526988648e+01
7.486700812632379609e+01
7.466099009902539763e+01
7.444566411606719214e+01
7.422197466473534178e+01
7.398589135733888611e+01
7.373887299463403622e+01
7.348249691628699054e+01
7.322398548308760269e+01
7.295962137136967840e+01
7.269119509949922531e+01
7.242201629020669884e+01
7.215810819621948724e+01
7.189083986722010877e+01
7.162014616223048336e+01
7.133689794052048683e+01
7.104600951347015325e+01
7.074387779253747510e+01
7.043791906524467095e+01
7.011962866649017201e+01
6.978800008031615221e+01
6.947087555408724313e+01
6.914310283954412739e+01
6.879860281972118230e+01
6.844119220551546334e+01
6.806217055329895516e+01
6.767465582308243199e+01
6.730059871086920964e+01
6.691079470527195383e+01
6.650833498365275886e+01
6.610762002275221505e+01
6.570514704923412808e+01
6.528878301840204301e+01
6.487966117518028852e+01
6.448943696364761990e+01
6.409366159241596961e+01
6.367082822773202366e+01
6.324106460638590477e+01
6.281280262872444098e+01
6.237442608663560861e+01
6.193351463496251341e+01
6.148405087351438425e+01
6.103647720231759166e+01
6.059696904602476764e+01
6.016783820802596239e+01
5.973675768816609377e+01
5.928174432355804413e+01
5.883046262890369604e+01
5.838054913994783135e+01
5.792946468464754162e+01
5.748136466534994327e+01
5.703785418096207849e+01
5.657026282202054546e+01
5.610434407000624901e+01
5.563309803836948220e+01
5.513791278528681516e+01
5.464910649262102282e+01
5.419224779980135054e+01
5.374078566509718513e+01
5.328464888675205202e+01
5.282423480172796104e+01
5.237272421978706660e+01
5.189234980942679698e+01
5.140687075584234833e+01
5.089889854831955773e+01
5.040140212351184346e+01
4.992156382013143201e+01
4.945485193005735169e+01
4.901157592076331326e+01
4.860706566795217753e+01
4.820081714709181853e+01
4.780377825144838511e+01
4.740503434077192679e+01
4.694925536239221486e+01
4.649881643972781831e+01
4.608366452002956493e+01
4.570186922623862813e+01
4.535879252787434979e+01
4.503053770317666959e+01
4.471341515817261580e+01
4.439519053587751074e+01
4.408158860518004474e+01
4.373493721713457205e+01
4.338913704749959521e+01
4.299900390769651892e+01
4.257144598484443065e+01
4.214969805319662299e+01
4.173536071870752551e+01
