6.749450683593750000e+01
6.726911926269531250e+01
6.704375457763671875e+01
6.681837463378906250e+01
6.659300231933593750e+01
6.636763000488281250e+01
6.614225006103515625e+01
6.591688537597656250e+01
6.569155120849609375e+01
6.546625518798828125e+01
6.524101257324218750e+01
6.501588439941406250e+01
6.479094696044921875e+01
6.456626892089843750e+01
6.434196472167968750e+01
6.411819458007812500e+01
6.389514541625976562e+01
6.367296218872070312e+01
6.345152664184570312e+01
6.323079299926757812e+01
6.301087951660156250e+01
6.279183959960937500e+01
6.257337570190429688e+01
6.235542297363281250e+01
6.213813781738281250e+01
6.192141723632812500e+01
6.170534515380859375e+01
6.149005126953125000e+01
6.127547454833984375e+01
6.106153488159179688e+01
6.084848785400390625e+01
6.063599395751953125e+01
6.042393875122070312e+01
6.021212768554687500e+01
6.000002670288085938e+01
5.978723907470703125e+01
5.957248687744140625e+01
5.935618209838867188e+01
5.913647460937500000e+01
5.891175460815429688e+01
5.868156051635742188e+01
5.844775390625000000e+01
5.820977783203125000e+01
5.796751785278320312e+01
5.772143173217773438e+01
5.747217559814453125e+01
5.722108078002929688e+01
5.696845245361328125e+01
5.671485519409179688e+01
5.646043777465820312e+01
5.620558929443359375e+01
5.595067596435546875e+01
5.569617843627929688e+01
5.544108200073242188e+01
5.518592453002929688e+01
5.493007659912109375e+01
5.467244720458984375e+01
5.441335296630859375e+01
5.415295410156250000e+01
5.389200973510742188e+01
5.362955093383789062e+01
5.336566543579101562e+01
5.310070037841796875e+01
5.283414459228515625e+01
5.256401062011718750e+01
5.228689193725585938e+01
5.200165557861328125e+01
5.170544052124023438e+01
5.139965057373046875e+01
5.108530807495117188e+01
5.076290893554687500e+01
5.043518447875976562e+01
5.010149383544921875e+01
4.976405715942382812e+01
4.942372894287109375e+01
4.908148956298828125e+01
4.873637390136718750e+01
4.838674163818359375e+01
4.803576660156250000e+01
4.768265914916992188e+01
4.732801437377929688e+01
4.697158432006835938e+01
4.661295318603515625e+01
4.625444030761718750e+01
4.589532852172851562e+01
4.553545379638671875e+01
4.517393875122070312e+01
4.481147003173828125e+01
4.444739151000976562e+01
4.408021545410156250e+01
4.371221160888671875e+01
4.334685516357421875e+01
4.298432922363281250e+01
4.262078094482421875e+01
4.225279617309570312e+01
4.187456512451171875e+01
4.149088668823242188e+01
4.109854888916015625e+01
4.070025634765625000e+01
4.030031967163085938e+01
