7.168773651123046875e+01
7.139778900146484375e+01
7.109992980957031250e+01
7.079691314697265625e+01
7.048851776123046875e+01
7.017492675781250000e+01
6.985671234130859375e+01
6.953562927246093750e+01
6.921446990966796875e+01
6.889302825927734375e+01
6.857096862792968750e+01
6.824927520751953125e+01
6.792803955078125000e+01
6.760783386230468750e+01
6.728831481933593750e+01
6.697031402587890625e+01
6.665284729003906250e+01
6.633385467529296875e+01
6.601391601562500000e+01
6.569389343261718750e+01
6.537364959716796875e+01
6.505417633056640625e+01
6.473699951171875000e+01
6.442150115966796875e+01
6.410692596435546875e+01
6.379377746582031250e+01
6.348065948486328125e+01
6.316930007934570312e+01
6.286016082763671875e+01
6.255250930786132812e+01
6.224663543701171875e+01
6.194253540039062500e+01
6.164042663574218750e+01
6.133974075317382812e+01
6.104009628295898438e+01
6.074248123168945312e+01
6.044674301147460938e+01
6.015355682373046875e+01
5.986400222778320312e+01
5.957899475097656250e+01
5.929940795898437500e+01
5.902631378173828125e+01
5.875686264038085938e+01
5.848685836791992188e+01
5.821571350097656250e+01
5.794265747070312500e+01
5.766764831542968750e+01
5.738861846923828125e+01
5.710577774047851562e+01
5.681813812255859375e+01
5.652696228027343750e+01
5.623458099365234375e+01
5.593980026245117188e+01
5.564014434814453125e+01
5.534056091308593750e+01
5.503858566284179688e+01
5.473704147338867188e+01
5.443201828002929688e+01
5.412475967407226562e+01
5.381628799438476562e+01
5.350775146484375000e+01
5.319767379760742188e+01
5.288441467285156250e+01
5.256978225708007812e+01
5.224964523315429688e+01
5.192665100097656250e+01
5.159830474853515625e+01
5.126417541503906250e+01
5.092529296875000000e+01
5.058679199218750000e+01
5.024683761596679688e+01
4.990247726440429688e+01
4.955384826660156250e+01
4.920402526855468750e+01
4.885019302368164062e+01
4.849518966674804688e+01
4.813978576660156250e+01
4.778230285644531250e+01
4.742316818237304688e+01
4.706544113159179688e+01
4.670771789550781250e+01
4.634993743896484375e+01
4.599222946166992188e+01
4.563035964965820312e+01
4.526441574096679688e+01
4.489693069458007812e+01
4.452754974365234375e+01
4.415996170043945312e+01
4.379375076293945312e+01
4.342880630493164062e+01
4.306369781494140625e+01
4.270162200927734375e+01
4.234043502807617188e+01
4.198201751708984375e+01
4.162541961669921875e+01
4.127050399780273438e+01
4.092047882080078125e+01
4.057136535644531250e+01
4.022292327880859375e+01
3.987538909912109375e+01
