6.554074096679687500e+01
6.536685943603515625e+01
6.518549346923828125e+01
6.499626922607421875e+01
6.479953765869140625e+01
6.459567260742187500e+01
6.438587951660156250e+01
6.416928863525390625e+01
6.394899368286132812e+01
6.372690200805664062e+01
6.350435256958007812e+01
6.328212738037109375e+01
6.306193161010742188e+01
6.284297180175781250e+01
6.262303924560546875e+01
6.240392684936523438e+01
6.218574905395507812e+01
6.196927261352539062e+01
6.175384521484375000e+01
6.153900909423828125e+01
6.132424545288085938e+01
6.110959243774414062e+01
6.089528274536132812e+01
6.068230438232421875e+01
6.047090911865234375e+01
6.026037597656250000e+01
6.005054092407226562e+01
5.984198760986328125e+01
5.963346862792968750e+01
5.942582321166992188e+01
5.921975708007812500e+01
5.901469421386718750e+01
5.880968093872070312e+01
5.860463714599609375e+01
5.839894104003906250e+01
5.819176864624023438e+01
5.798278427124023438e+01
5.777210617065429688e+01
5.755948638916015625e+01
5.734451675415039062e+01
5.712644195556640625e+01
5.690554809570312500e+01
5.668255615234375000e+01
5.645682144165039062e+01
5.622867584228515625e+01
5.599880599975585938e+01
5.576635360717773438e+01
5.553005981445312500e+01
5.529014968872070312e+01
5.504682922363281250e+01
5.480084609985351562e+01
5.455121994018554688e+01
5.429841613769531250e+01
5.404396820068359375e+01
5.378842926025390625e+01
5.353300857543945312e+01
5.327793884277343750e+01
5.302310562133789062e+01
5.276782989501953125e+01
5.251252746582031250e+01
5.225565338134765625e+01
5.199443054199218750e+01
5.172331619262695312e+01
5.143942260742187500e+01
5.114107131958007812e+01
5.083541488647460938e+01
5.052428436279296875e+01
5.020921325683593750e+01
4.988400650024414062e+01
4.955276870727539062e+01
4.921812820434570312e+01
4.887583160400390625e+01
4.852482986450195312e+01
4.816719055175781250e+01
4.780290603637695312e+01
4.743281936645507812e+01
4.705722808837890625e+01
4.667373275756835938e+01
4.628366470336914062e+01
4.588600921630859375e+01
4.548428344726562500e+01
4.507807540893554688e+01
4.466896438598632812e+01
4.425684738159179688e+01
4.384057235717773438e+01
4.342305755615234375e+01
4.300648498535156250e+01
4.259211730957031250e+01
4.217963409423828125e+01
4.176897430419921875e+01
4.135945510864257812e+01
4.095153045654296875e+01
4.054664993286132812e+01
4.014175033569335938e+01
3.974259567260742188e+01
3.934750366210937500e+01
3.895252609252929688e+01
3.855850219726562500e+01
3.816666412353515625e+01
3.777334976196289062e+01
