6.569100189208984375e+01
6.552523803710937500e+01
6.535853576660156250e+01
6.519101715087890625e+01
6.502273559570312500e+01
6.485385131835937500e+01
6.468452453613281250e+01
6.451466369628906250e+01
6.434411621093750000e+01
6.417276763916015625e+01
6.400073242187500000e+01
6.382816696166992188e+01
6.365499496459960938e+01
6.348133850097656250e+01
6.330714416503906250e+01
6.313242721557617188e+01
6.295719146728515625e+01
6.278155136108398438e+01
6.260545730590820312e+01
6.242905426025390625e+01
6.225219345092773438e+01
6.207474136352539062e+01
6.189690017700195312e+01
6.171868896484375000e+01
6.154013442993164062e+01
6.136116790771484375e+01
6.118164443969726562e+01
6.100118255615234375e+01
6.081967163085937500e+01
6.063646697998046875e+01
6.045188140869140625e+01
6.026507186889648438e+01
6.007632446289062500e+01
5.988574218750000000e+01
5.969322967529296875e+01
5.949910354614257812e+01
5.930329132080078125e+01
5.910618972778320312e+01
5.890746307373046875e+01
5.870746994018554688e+01
5.850636291503906250e+01
5.830440139770507812e+01
5.810140228271484375e+01
5.789686584472656250e+01
5.769021987915039062e+01
5.748103713989257812e+01
5.726859664916992188e+01
5.705279159545898438e+01
5.683319854736328125e+01
5.661017227172851562e+01
5.638323211669921875e+01
5.615255737304687500e+01
5.591728591918945312e+01
5.567761230468750000e+01
5.543280792236328125e+01
5.518402481079101562e+01
5.493038558959960938e+01
5.467474365234375000e+01
5.441555786132812500e+01
5.415578460693359375e+01
5.389554214477539062e+01
5.363291549682617188e+01
5.337313461303710938e+01
5.311483383178710938e+01
5.285792541503906250e+01
5.259820938110351562e+01
5.233708572387695312e+01
5.206609725952148438e+01
5.178466033935546875e+01
5.149496459960937500e+01
5.119818115234375000e+01
5.089884567260742188e+01
5.059251022338867188e+01
5.027753448486328125e+01
4.995286560058593750e+01
4.961618804931640625e+01
4.927089691162109375e+01
4.892094039916992188e+01
4.856600952148437500e+01
4.820479202270507812e+01
4.784228515625000000e+01
4.748001098632812500e+01
4.711463546752929688e+01
4.674627304077148438e+01
4.637533187866210938e+01
4.600212097167968750e+01
4.563044357299804688e+01
4.526007080078125000e+01
4.489195632934570312e+01
4.452580642700195312e+01
4.416372680664062500e+01
4.380633926391601562e+01
4.345289230346679688e+01
4.310438537597656250e+01
4.275982284545898438e+01
4.242305374145507812e+01
4.208911514282226562e+01
4.175818252563476562e+01
4.143169021606445312e+01
4.110553741455078125e+01
