6.504035186767578125e+01
6.487710571289062500e+01
6.471279144287109375e+01
6.454717254638671875e+01
6.438027954101562500e+01
6.421273803710937500e+01
6.404435729980468750e+01
6.387654113769531250e+01
6.370887374877929688e+01
6.354095458984375000e+01
6.337284469604492188e+01
6.320454025268554688e+01
6.303639221191406250e+01
6.286866760253906250e+01
6.270125198364257812e+01
6.253435516357421875e+01
6.236784744262695312e+01
6.220170593261718750e+01
6.203603744506835938e+01
6.187097167968750000e+01
6.170643997192382812e+01
6.154243087768554688e+01
6.137873840332031250e+01
6.121536254882812500e+01
6.105258941650390625e+01
6.089023590087890625e+01
6.072843170166015625e+01
6.056705093383789062e+01
6.040601730346679688e+01
6.024536132812500000e+01
6.008516311645507812e+01
5.992518234252929688e+01
5.976541137695312500e+01
5.960569763183593750e+01
5.944541549682617188e+01
5.928409576416015625e+01
5.912055206298828125e+01
5.895447158813476562e+01
5.878485488891601562e+01
5.860899353027343750e+01
5.842766571044921875e+01
5.823965072631835938e+01
5.804378509521484375e+01
5.784102630615234375e+01
5.763113403320312500e+01
5.741491699218750000e+01
5.719396972656250000e+01
5.697003555297851562e+01
5.674489212036132812e+01
5.651953506469726562e+01
5.629606628417968750e+01
5.607524108886718750e+01
5.585633850097656250e+01
5.563941192626953125e+01
5.542170715332031250e+01
5.520255279541015625e+01
5.498014450073242188e+01
5.474893951416015625e+01
5.451047134399414062e+01
5.426504516601562500e+01
5.400944137573242188e+01
5.373962783813476562e+01
5.346206283569335938e+01
5.317541885375976562e+01
5.287730026245117188e+01
5.257245635986328125e+01
5.226039123535156250e+01
5.194451141357421875e+01
5.162325286865234375e+01
5.129347991943359375e+01
5.095439910888671875e+01
5.060881805419921875e+01
5.025787734985351562e+01
4.990081405639648438e+01
4.953698348999023438e+01
4.916521835327148438e+01
4.878071975708007812e+01
4.838259506225585938e+01
4.797553253173828125e+01
4.756089019775390625e+01
4.713396072387695312e+01
4.669925308227539062e+01
4.625854873657226562e+01
4.581111145019531250e+01
4.535711288452148438e+01
4.489883804321289062e+01
4.443785476684570312e+01
4.397676849365234375e+01
4.351293182373046875e+01
4.305044555664062500e+01
4.259119033813476562e+01
4.214203262329101562e+01
4.169736862182617188e+01
4.125581741333007812e+01
4.081829833984375000e+01
4.038634490966796875e+01
3.996596145629882812e+01
3.955393981933593750e+01
3.915263366699218750e+01
3.875810241699218750e+01
