6.048299026489257812e+01
6.040790176391601562e+01
6.033669662475585938e+01
6.026938629150390625e+01
6.020586395263671875e+01
6.014630126953125000e+01
6.009046554565429688e+01
6.003853988647460938e+01
5.999028396606445312e+01
5.994519424438476562e+01
5.990179443359375000e+01
5.985905456542968750e+01
5.981691360473632812e+01
5.977454757690429688e+01
5.973160552978515625e+01
5.968801116943359375e+01
5.964404296875000000e+01
5.960047149658203125e+01
5.955667495727539062e+01
5.951322555541992188e+01
5.946971893310546875e+01
5.942560577392578125e+01
5.938028335571289062e+01
5.933286285400390625e+01
5.928226089477539062e+01
5.922881698608398438e+01
5.917202377319335938e+01
5.910994720458984375e+01
5.904214477539062500e+01
5.896847915649414062e+01
5.888866043090820312e+01
5.880174636840820312e+01
5.870810699462890625e+01
5.860808944702148438e+01
5.850132751464843750e+01
5.838667678833007812e+01
5.826595306396484375e+01
5.813883590698242188e+01
5.800468444824218750e+01
5.786312484741210938e+01
5.771511840820312500e+01
5.755927658081054688e+01
5.739717483520507812e+01
5.723021697998046875e+01
5.705915069580078125e+01
5.688444519042968750e+01
5.670577239990234375e+01
5.652224731445312500e+01
5.633404159545898438e+01
5.613990783691406250e+01
5.594255065917968750e+01
5.574250030517578125e+01
5.554216766357421875e+01
5.533831405639648438e+01
5.513569641113281250e+01
5.493010330200195312e+01
5.472345352172851562e+01
5.451264953613281250e+01
5.429340362548828125e+01
5.406394577026367188e+01
5.382286453247070312e+01
5.356836318969726562e+01
5.329969024658203125e+01
5.301991653442382812e+01
5.272991561889648438e+01
5.243083190917968750e+01
5.212453842163085938e+01
5.180947113037109375e+01
5.148551940917968750e+01
5.115177154541015625e+01
5.081115722656250000e+01
5.046424865722656250e+01
5.010993194580078125e+01
4.974853134155273438e+01
4.937839126586914062e+01
4.899996185302734375e+01
4.861549377441406250e+01
4.822703933715820312e+01
4.783649063110351562e+01
4.744175338745117188e+01
4.704522705078125000e+01
4.664593505859375000e+01
4.624601745605468750e+01
4.584499359130859375e+01
4.544438552856445312e+01
4.504170608520507812e+01
4.464248657226562500e+01
4.424826049804687500e+01
4.385601425170898438e+01
4.347028350830078125e+01
4.308799362182617188e+01
4.270912551879882812e+01
4.233489227294921875e+01
4.196861648559570312e+01
4.160804748535156250e+01
4.125529479980468750e+01
4.091216278076171875e+01
4.057872009277343750e+01
4.025600051879882812e+01
3.994138717651367188e+01
