6.730745697021484375e+01
6.708305358886718750e+01
6.685820770263671875e+01
6.663272094726562500e+01
6.640690612792968750e+01
6.618066406250000000e+01
6.595400238037109375e+01
6.572700500488281250e+01
6.550011444091796875e+01
6.527341461181640625e+01
6.504700469970703125e+01
6.482081604003906250e+01
6.459540557861328125e+01
6.437031555175781250e+01
6.414569854736328125e+01
6.392149734497070312e+01
6.369762802124023438e+01
6.347412872314453125e+01
6.325083923339843750e+01
6.302792739868164062e+01
6.280554199218750000e+01
6.258361053466796875e+01
6.236221694946289062e+01
6.214145660400390625e+01
6.192115020751953125e+01
6.170133972167968750e+01
6.148229217529296875e+01
6.126354598999023438e+01
6.104498291015625000e+01
6.082669067382812500e+01
6.060853958129882812e+01
6.039059066772460938e+01
6.017201614379882812e+01
5.995269012451171875e+01
5.973264312744140625e+01
5.951082992553710938e+01
5.928791809082031250e+01
5.906453323364257812e+01
5.883807373046875000e+01
5.860744857788085938e+01
5.837334060668945312e+01
5.813381958007812500e+01
5.788980102539062500e+01
5.764004135131835938e+01
5.738816452026367188e+01
5.714034271240234375e+01
5.689234542846679688e+01
5.664429855346679688e+01
5.639759826660156250e+01
5.615172958374023438e+01
5.590688705444335938e+01
5.566658782958984375e+01
5.543033218383789062e+01
5.518983078002929688e+01
5.494412612915039062e+01
5.469583511352539062e+01
5.444393539428710938e+01
5.418799591064453125e+01
5.392579269409179688e+01
5.365836334228515625e+01
5.338882064819335938e+01
5.310980606079101562e+01
5.282048034667968750e+01
5.252311706542968750e+01
5.221410369873046875e+01
5.189583969116210938e+01
5.157220458984375000e+01
5.124072265625000000e+01
5.090463638305664062e+01
5.056622695922851562e+01
5.022694015502929688e+01
4.988705825805664062e+01
4.954732131958007812e+01
4.921167755126953125e+01
4.887979125976562500e+01
4.854735565185546875e+01
4.821202850341796875e+01
4.788053512573242188e+01
4.754783630371093750e+01
4.721875381469726562e+01
4.688946151733398438e+01
4.655377197265625000e+01
4.621678161621093750e+01
4.588157653808593750e+01
4.554397201538085938e+01
4.520290374755859375e+01
4.485955047607421875e+01
4.451398468017578125e+01
4.416873550415039062e+01
4.382351684570312500e+01
4.348038101196289062e+01
4.313999557495117188e+01
4.279962921142578125e+01
4.246067428588867188e+01
4.212372970581054688e+01
4.179378890991210938e+01
4.147588348388671875e+01
4.116759490966796875e+01
4.086653137207031250e+01
4.057001876831054688e+01
