7.763752746582031250e+01
7.734181976318359375e+01
7.703331756591796875e+01
7.671045684814453125e+01
7.637707519531250000e+01
7.603192901611328125e+01
7.567676544189453125e+01
7.531209564208984375e+01
7.494028472900390625e+01
7.456136322021484375e+01
7.417716979980468750e+01
7.378697204589843750e+01
7.339119720458984375e+01
7.299239349365234375e+01
7.259075164794921875e+01
7.218615722656250000e+01
7.177838897705078125e+01
7.136730194091796875e+01
7.095381927490234375e+01
7.053830718994140625e+01
7.012183380126953125e+01
6.970373535156250000e+01
6.928469848632812500e+01
6.886441802978515625e+01
6.844393920898437500e+01
6.802304077148437500e+01
6.760185241699218750e+01
6.718181610107421875e+01
6.676270294189453125e+01
6.634432220458984375e+01
6.592706298828125000e+01
6.551056671142578125e+01
6.509438323974609375e+01
6.467959594726562500e+01
6.426618194580078125e+01
6.385390090942382812e+01
6.344230651855468750e+01
6.303237915039062500e+01
6.262385177612304688e+01
6.221648025512695312e+01
6.181060409545898438e+01
6.140567398071289062e+01
6.100163269042968750e+01
6.059830474853515625e+01
6.019577026367187500e+01
5.979410171508789062e+01
5.939340209960937500e+01
5.899356460571289062e+01
5.859451675415039062e+01
5.819675445556640625e+01
5.779994964599609375e+01
5.740370941162109375e+01
5.700803375244140625e+01
5.661313629150390625e+01
5.621882247924804688e+01
5.582489395141601562e+01
5.543158721923828125e+01
5.503916168212890625e+01
5.464765548706054688e+01
5.425678253173828125e+01
5.386699676513671875e+01
5.347851181030273438e+01
5.309093093872070312e+01
5.270387649536132812e+01
5.231742095947265625e+01
5.193208694458007812e+01
5.154750061035156250e+01
5.116356658935546875e+01
5.078062057495117188e+01
5.039889144897460938e+01
5.001819610595703125e+01
4.963845443725585938e+01
4.926034545898437500e+01
4.888326644897460938e+01
4.850711059570312500e+01
4.813192749023437500e+01
4.775753021240234375e+01
4.738401031494140625e+01
4.701118087768554688e+01
4.663893890380859375e+01
4.626764297485351562e+01
4.589683151245117188e+01
4.552638244628906250e+01
4.515623474121093750e+01
4.478701019287109375e+01
4.441905975341796875e+01
4.405169677734375000e+01
4.368437576293945312e+01
4.331687927246093750e+01
4.294985198974609375e+01
4.258315658569335938e+01
4.221678924560546875e+01
4.185032272338867188e+01
4.148453140258789062e+01
4.111956405639648438e+01
4.075562667846679688e+01
4.039298248291015625e+01
4.003240203857421875e+01
3.967367553710937500e+01
3.931663513183593750e+01
