7.160271453857421875e+01
7.125466156005859375e+01
7.090876007080078125e+01
7.056481933593750000e+01
7.022275543212890625e+01
6.988262939453125000e+01
6.954390716552734375e+01
6.920653533935546875e+01
6.887028503417968750e+01
6.853528594970703125e+01
6.820151519775390625e+01
6.786930847167968750e+01
6.753899383544921875e+01
6.721035003662109375e+01
6.688365936279296875e+01
6.655875396728515625e+01
6.623558044433593750e+01
6.591401672363281250e+01
6.559393310546875000e+01
6.527536773681640625e+01
6.495814514160156250e+01
6.464209747314453125e+01
6.432706451416015625e+01
6.401297760009765625e+01
6.369988632202148438e+01
6.338775253295898438e+01
6.307637786865234375e+01
6.276601791381835938e+01
6.245719909667968750e+01
6.215014648437500000e+01
6.184435272216796875e+01
6.153969192504882812e+01
6.123585891723632812e+01
6.093306350708007812e+01
6.063189315795898438e+01
6.033238220214843750e+01
6.003462219238281250e+01
5.973719787597656250e+01
5.944004058837890625e+01
5.914402770996093750e+01
5.884921264648437500e+01
5.855437850952148438e+01
5.825808334350585938e+01
5.796100234985351562e+01
5.766218948364257812e+01
5.736304855346679688e+01
5.706371307373046875e+01
5.676285552978515625e+01
5.645752334594726562e+01
5.614852523803710938e+01
5.583650588989257812e+01
5.552259826660156250e+01
5.520637893676757812e+01
5.488866424560546875e+01
5.456925582885742188e+01
5.424784088134765625e+01
5.392571258544921875e+01
5.360268020629882812e+01
5.327733993530273438e+01
5.295074462890625000e+01
5.262169265747070312e+01
5.229007339477539062e+01
5.195623779296875000e+01
5.161811447143554688e+01
5.127526092529296875e+01
5.093022155761718750e+01
5.058247375488281250e+01
5.023089599609375000e+01
4.987627792358398438e+01
4.951922607421875000e+01
4.916090774536132812e+01
4.880098724365234375e+01
4.843905258178710938e+01
4.807455062866210938e+01
4.770727157592773438e+01
4.733908843994140625e+01
4.697058868408203125e+01
4.660148620605468750e+01
4.623241806030273438e+01
4.586272811889648438e+01
4.549265289306640625e+01
4.512154388427734375e+01
4.474956130981445312e+01
4.437839889526367188e+01
4.400745773315429688e+01
4.363667297363281250e+01
4.326639938354492188e+01
4.289658737182617188e+01
4.252758026123046875e+01
4.215916442871093750e+01
4.179180526733398438e+01
4.142441940307617188e+01
4.105802536010742188e+01
4.069340896606445312e+01
4.032994842529296875e+01
3.996741485595703125e+01
3.960680770874023438e+01
3.924877166748046875e+01
3.889387130737304688e+01
3.854201126098632812e+01
