6.797507476806640625e+01
6.766399383544921875e+01
6.735479736328125000e+01
6.704784393310546875e+01
6.674255371093750000e+01
6.643907928466796875e+01
6.613774108886718750e+01
6.583833312988281250e+01
6.554076385498046875e+01
6.524578857421875000e+01
6.495342254638671875e+01
6.466310119628906250e+01
6.437537384033203125e+01
6.408995056152343750e+01
6.380739974975585938e+01
6.353033828735351562e+01
6.325722503662109375e+01
6.298858642578125000e+01
6.272531127929687500e+01
6.246732330322265625e+01
6.221281433105468750e+01
6.196212005615234375e+01
6.171587371826171875e+01
6.147381591796875000e+01
6.123572540283203125e+01
6.100225448608398438e+01
6.077383041381835938e+01
6.054971313476562500e+01
6.032944107055664062e+01
6.011270141601562500e+01
5.989940261840820312e+01
5.968877029418945312e+01
5.947941589355468750e+01
5.927089309692382812e+01
5.906291198730468750e+01
5.885468292236328125e+01
5.864532852172851562e+01
5.843473815917968750e+01
5.822390365600585938e+01
5.801309585571289062e+01
5.780186080932617188e+01
5.758955764770507812e+01
5.737520599365234375e+01
5.715950012207031250e+01
5.694447708129882812e+01
5.672711944580078125e+01
5.650574111938476562e+01
5.627738952636718750e+01
5.604524612426757812e+01
5.580771636962890625e+01
5.556394958496093750e+01
5.531465148925781250e+01
5.506108093261718750e+01
5.480597686767578125e+01
5.455043411254882812e+01
5.429327011108398438e+01
5.403817367553710938e+01
5.378407287597656250e+01
5.352930450439453125e+01
5.327384567260742188e+01
5.301725387573242188e+01
5.276015090942382812e+01
5.250080108642578125e+01
5.224018859863281250e+01
5.197509765625000000e+01
5.170621109008789062e+01
5.143390655517578125e+01
5.116087722778320312e+01
5.088607788085937500e+01
5.060964202880859375e+01
5.033280181884765625e+01
5.005176925659179688e+01
4.975441741943359375e+01
4.941709518432617188e+01
4.907575225830078125e+01
4.872745895385742188e+01
4.837373733520507812e+01
4.801600265502929688e+01
4.765386199951171875e+01
4.729210281372070312e+01
4.693040847778320312e+01
4.657075500488281250e+01
4.621301651000976562e+01
4.585428237915039062e+01
4.549674606323242188e+01
4.514289093017578125e+01
4.479457092285156250e+01
4.444924163818359375e+01
4.411223220825195312e+01
4.378419494628906250e+01
4.345943832397460938e+01
4.313871765136718750e+01
4.282262039184570312e+01
4.250751113891601562e+01
4.219686889648437500e+01
4.189231491088867188e+01
4.159347534179687500e+01
4.129961776733398438e+01
4.100802230834960938e+01
4.071655654907226562e+01
