7.014239501953125000e+01
6.983702850341796875e+01
6.953312683105468750e+01
6.923072052001953125e+01
6.893024444580078125e+01
6.863180541992187500e+01
6.833596038818359375e+01
6.804258728027343750e+01
6.775147247314453125e+01
6.746228790283203125e+01
6.717494201660156250e+01
6.688933563232421875e+01
6.660606384277343750e+01
6.632530212402343750e+01
6.604706573486328125e+01
6.577122497558593750e+01
6.549776458740234375e+01
6.522637176513671875e+01
6.495696258544921875e+01
6.468946838378906250e+01
6.442387390136718750e+01
6.416049957275390625e+01
6.389914321899414062e+01
6.364012527465820312e+01
6.338317871093750000e+01
6.312807464599609375e+01
6.287445068359375000e+01
6.262220001220703125e+01
6.237110900878906250e+01
6.212080383300781250e+01
6.187134933471679688e+01
6.162247848510742188e+01
6.137336730957031250e+01
6.112369918823242188e+01
6.087329101562500000e+01
6.062166213989257812e+01
6.036975097656250000e+01
6.011744689941406250e+01
5.986391830444335938e+01
5.960962677001953125e+01
5.935435485839843750e+01
5.909929275512695312e+01
5.884557342529296875e+01
5.859447860717773438e+01
5.834560012817382812e+01
5.809781646728515625e+01
5.785196304321289062e+01
5.760753631591796875e+01
5.736486434936523438e+01
5.712332153320312500e+01
5.688165283203125000e+01
5.663869094848632812e+01
5.639132308959960938e+01
5.613938522338867188e+01
5.588292694091796875e+01
5.562424850463867188e+01
5.535652160644531250e+01
5.507970428466796875e+01
5.479688644409179688e+01
5.450939941406250000e+01
5.422005844116210938e+01
5.393098449707031250e+01
5.364458084106445312e+01
5.335954284667968750e+01
5.307342910766601562e+01
5.278186798095703125e+01
5.248780441284179688e+01
5.218742370605468750e+01
5.187700271606445312e+01
5.155410385131835938e+01
5.122417449951171875e+01
5.088840866088867188e+01
5.054450607299804688e+01
5.019565963745117188e+01
4.984435272216796875e+01
4.948895645141601562e+01
4.912314987182617188e+01
4.874839401245117188e+01
4.837007904052734375e+01
4.799121856689453125e+01
4.761471939086914062e+01
4.724325942993164062e+01
4.687551116943359375e+01
4.651139450073242188e+01
4.615858840942382812e+01
4.581661987304687500e+01
4.548366546630859375e+01
4.516041564941406250e+01
4.484778976440429688e+01
4.454765701293945312e+01
4.426247024536132812e+01
4.398592376708984375e+01
4.372494506835937500e+01
4.347661972045898438e+01
4.323989486694335938e+01
4.301640701293945312e+01
4.280308914184570312e+01
4.259613418579101562e+01
4.240234756469726562e+01
4.221496963500976562e+01
