6.728940582275390625e+01
6.710133361816406250e+01
6.691313171386718750e+01
6.672465515136718750e+01
6.653580474853515625e+01
6.634651947021484375e+01
6.615675354003906250e+01
6.596653747558593750e+01
6.577593994140625000e+01
6.558491516113281250e+01
6.539353179931640625e+01
6.520195770263671875e+01
6.501014709472656250e+01
6.481794738769531250e+01
6.462540435791015625e+01
6.443240356445312500e+01
6.423863983154296875e+01
6.404398345947265625e+01
6.384840011596679688e+01
6.365139770507812500e+01
6.345309066772460938e+01
6.325338745117187500e+01
6.305238723754882812e+01
6.285014343261718750e+01
6.264690017700195312e+01
6.244263076782226562e+01
6.223738479614257812e+01
6.203147888183593750e+01
6.182510375976562500e+01
6.161828994750976562e+01
6.141152572631835938e+01
6.120447158813476562e+01
6.099592590332031250e+01
6.078650665283203125e+01
6.057614517211914062e+01
6.036460494995117188e+01
6.015281677246093750e+01
5.993961334228515625e+01
5.972544479370117188e+01
5.950997924804687500e+01
5.929124450683593750e+01
5.906780624389648438e+01
5.884057235717773438e+01
5.861068725585937500e+01
5.837889862060546875e+01
5.814359664916992188e+01
5.790619659423828125e+01
5.766794586181640625e+01
5.742924499511718750e+01
5.718897628784179688e+01
5.694659423828125000e+01
5.670285034179687500e+01
5.645632171630859375e+01
5.620512771606445312e+01
5.594633102416992188e+01
5.568207550048828125e+01
5.541333770751953125e+01
5.513789749145507812e+01
5.485457611083984375e+01
5.456429290771484375e+01
5.426757812500000000e+01
5.396469116210937500e+01
5.365380859375000000e+01
5.333613586425781250e+01
5.301380157470703125e+01
5.268784713745117188e+01
5.235628509521484375e+01
5.201935195922851562e+01
5.167956542968750000e+01
5.133599853515625000e+01
5.099042129516601562e+01
5.064070129394531250e+01
5.028813171386718750e+01
4.993091201782226562e+01
4.956987762451171875e+01
4.920625305175781250e+01
4.884175109863281250e+01
4.847696685791015625e+01
4.811219787597656250e+01
4.774910354614257812e+01
4.738715744018554688e+01
4.702439498901367188e+01
4.665985107421875000e+01
4.629468536376953125e+01
4.593246841430664062e+01
4.557087707519531250e+01
4.520760345458984375e+01
4.483972549438476562e+01
4.446763610839843750e+01
4.409089660644531250e+01
4.371231079101562500e+01
4.333047103881835938e+01
4.294396972656250000e+01
4.254851150512695312e+01
4.214458084106445312e+01
4.173317337036132812e+01
4.131493759155273438e+01
4.089175796508789062e+01
4.046644973754882812e+01
4.004047775268554688e+01
