7.008930206298828125e+01
6.988645172119140625e+01
6.967961120605468750e+01
6.946961212158203125e+01
6.925682830810546875e+01
6.904107666015625000e+01
6.882156372070312500e+01
6.859703826904296875e+01
6.836789703369140625e+01
6.813491058349609375e+01
6.789782714843750000e+01
6.765756225585937500e+01
6.741488647460937500e+01
6.717010498046875000e+01
6.692285156250000000e+01
6.667374420166015625e+01
6.642240905761718750e+01
6.616959381103515625e+01
6.591503143310546875e+01
6.565866088867187500e+01
6.540084075927734375e+01
6.514108276367187500e+01
6.487953948974609375e+01
6.461618804931640625e+01
6.435120391845703125e+01
6.408413696289062500e+01
6.381594848632812500e+01
6.354609680175781250e+01
6.327482604980468750e+01
6.300296401977539062e+01
6.273001861572265625e+01
6.245726394653320312e+01
6.218507385253906250e+01
6.191470336914062500e+01
6.164694213867187500e+01
6.137759780883789062e+01
6.110855865478515625e+01
6.083991622924804688e+01
6.057346343994140625e+01
6.030633926391601562e+01
6.003581619262695312e+01
5.976378631591796875e+01
5.948809814453125000e+01
5.921141815185546875e+01
5.893174362182617188e+01
5.865241622924804688e+01
5.837263107299804688e+01
5.809357452392578125e+01
5.781343841552734375e+01
5.753193664550781250e+01
5.724979019165039062e+01
5.696877670288085938e+01
5.668722152709960938e+01
5.640578460693359375e+01
5.612135314941406250e+01
5.583519744873046875e+01
5.554597091674804688e+01
5.525265884399414062e+01
5.495441818237304688e+01
5.464809417724609375e+01
5.433390045166015625e+01
5.401609802246093750e+01
5.369290161132812500e+01
5.336302185058593750e+01
5.302609252929687500e+01
5.268341064453125000e+01
5.233701324462890625e+01
5.198585510253906250e+01
5.163001632690429688e+01
5.127249145507812500e+01
5.091605758666992188e+01
5.056043624877929688e+01
5.020409011840820312e+01
4.984974670410156250e+01
4.949868392944335938e+01
4.914907073974609375e+01
4.880525588989257812e+01
4.846419143676757812e+01
4.812725830078125000e+01
4.779157257080078125e+01
4.745519256591796875e+01
4.711635971069335938e+01
4.677639770507812500e+01
4.643428802490234375e+01
4.608794784545898438e+01
4.573854064941406250e+01
4.538643264770507812e+01
4.502933120727539062e+01
4.466979980468750000e+01
4.430645370483398438e+01
4.393895339965820312e+01
4.357175827026367188e+01
4.320681381225585938e+01
4.283794784545898438e+01
4.246683883666992188e+01
4.209706497192382812e+01
4.172780609130859375e+01
4.135907363891601562e+01
4.099272155761718750e+01
4.063068008422851562e+01
