7.010759735107421875e+01
6.991103363037109375e+01
6.971166229248046875e+01
6.951007080078125000e+01
6.930517578125000000e+01
6.909658050537109375e+01
6.888536071777343750e+01
6.867088317871093750e+01
6.845283508300781250e+01
6.823105621337890625e+01
6.800641632080078125e+01
6.777965545654296875e+01
6.755127716064453125e+01
6.732218933105468750e+01
6.709224700927734375e+01
6.686129760742187500e+01
6.662953186035156250e+01
6.639688873291015625e+01
6.616401672363281250e+01
6.593147277832031250e+01
6.569943237304687500e+01
6.546795654296875000e+01
6.523710632324218750e+01
6.500713348388671875e+01
6.477873229980468750e+01
6.455161285400390625e+01
6.432547760009765625e+01
6.410064697265625000e+01
6.387718582153320312e+01
6.365497970581054688e+01
6.343406677246093750e+01
6.321515655517578125e+01
6.299822998046875000e+01
6.278340911865234375e+01
6.257008743286132812e+01
6.235763549804687500e+01
6.214536666870117188e+01
6.193098068237304688e+01
6.171202087402343750e+01
6.148844528198242188e+01
6.125893020629882812e+01
6.102039718627929688e+01
6.077585220336914062e+01
6.052188873291015625e+01
6.026197433471679688e+01
5.999863815307617188e+01
5.973276138305664062e+01
5.946525955200195312e+01
5.920047378540039062e+01
5.893808746337890625e+01
5.868041610717773438e+01
5.842664337158203125e+01
5.817311477661132812e+01
5.792433929443359375e+01
5.767721557617187500e+01
5.742792892456054688e+01
5.717336273193359375e+01
5.691619110107421875e+01
5.665325927734375000e+01
5.638341140747070312e+01
5.610287857055664062e+01
5.581113433837890625e+01
5.551227951049804688e+01
5.520282745361328125e+01
5.488650131225585938e+01
5.456269836425781250e+01
5.423303985595703125e+01
5.389756393432617188e+01
5.355249023437500000e+01
5.319500350952148438e+01
5.282833862304687500e+01
5.245409011840820312e+01
5.207471466064453125e+01
5.169192504882812500e+01
5.130728530883789062e+01
5.091824340820312500e+01
5.052432632446289062e+01
5.012703323364257812e+01
4.972844696044921875e+01
4.933052825927734375e+01
4.893392562866210938e+01
4.853694915771484375e+01
4.814191818237304688e+01
4.775412750244140625e+01
4.737543106079101562e+01
4.699969863891601562e+01
4.662637710571289062e+01
4.626097106933593750e+01
4.590423202514648438e+01
4.555430603027343750e+01
4.520743179321289062e+01
4.486236572265625000e+01
4.451922225952148438e+01
4.417712402343750000e+01
4.383882141113281250e+01
4.350241470336914062e+01
4.316669082641601562e+01
4.282820510864257812e+01
4.249295425415039062e+01
4.216375350952148438e+01
