6.693571472167968750e+01
6.675975799560546875e+01
6.658333587646484375e+01
6.640650177001953125e+01
6.622927093505859375e+01
6.605168914794921875e+01
6.587381744384765625e+01
6.569564056396484375e+01
6.551719665527343750e+01
6.533834838867187500e+01
6.515908050537109375e+01
6.497922515869140625e+01
6.479861450195312500e+01
6.461717987060546875e+01
6.443488311767578125e+01
6.425157165527343750e+01
6.406726074218750000e+01
6.388199615478515625e+01
6.369579315185546875e+01
6.350868988037109375e+01
6.332076263427734375e+01
6.313207626342773438e+01
6.294272232055664062e+01
6.275281143188476562e+01
6.256252288818359375e+01
6.237189865112304688e+01
6.218133544921875000e+01
6.199108123779296875e+01
6.180154037475585938e+01
6.161310958862304688e+01
6.142675399780273438e+01
6.124238967895507812e+01
6.106089401245117188e+01
6.088120651245117188e+01
6.070254898071289062e+01
6.052426147460937500e+01
6.034558105468750000e+01
6.016518783569335938e+01
5.998118209838867188e+01
5.979263687133789062e+01
5.959833145141601562e+01
5.939800643920898438e+01
5.919267654418945312e+01
5.898283386230468750e+01
5.876762008666992188e+01
5.854669189453125000e+01
5.832249450683593750e+01
5.809502792358398438e+01
5.786431121826171875e+01
5.763380050659179688e+01
5.740133285522460938e+01
5.716919326782226562e+01
5.694060897827148438e+01
5.671426773071289062e+01
5.649021530151367188e+01
5.626998519897460938e+01
5.604987716674804688e+01
5.582458877563476562e+01
5.558950805664062500e+01
5.534529876708984375e+01
5.509350967407226562e+01
5.483319091796875000e+01
5.456546401977539062e+01
5.428991699218750000e+01
5.400400924682617188e+01
5.371096801757812500e+01
5.340477752685546875e+01
5.309392547607421875e+01
5.277451705932617188e+01
5.245239639282226562e+01
5.212239456176757812e+01
5.178410720825195312e+01
5.143867111206054688e+01
5.108452987670898438e+01
5.071963882446289062e+01
5.034646224975585938e+01
4.996463394165039062e+01
4.957601165771484375e+01
4.918796157836914062e+01
4.879598617553710938e+01
4.839883804321289062e+01
4.799829864501953125e+01
4.759503173828125000e+01
4.719203186035156250e+01
4.679122924804687500e+01
4.639040756225585938e+01
4.598822021484375000e+01
4.558553695678710938e+01
4.518495941162109375e+01
4.478619003295898438e+01
4.439035797119140625e+01
4.400190353393554688e+01
4.361643218994140625e+01
4.323614120483398438e+01
4.285897445678710938e+01
4.248950195312500000e+01
4.212557220458984375e+01
4.176939392089843750e+01
4.142026901245117188e+01
4.107621002197265625e+01
