6.645581817626953125e+01
6.631938934326171875e+01
6.617797088623046875e+01
6.603179168701171875e+01
6.588113403320312500e+01
6.572673797607421875e+01
6.556848144531250000e+01
6.540637207031250000e+01
6.524064636230468750e+01
6.507104492187500000e+01
6.489621734619140625e+01
6.471736907958984375e+01
6.453463745117187500e+01
6.434827423095703125e+01
6.415919494628906250e+01
6.396722030639648438e+01
6.377204895019531250e+01
6.357395553588867188e+01
6.337260437011718750e+01
6.316839599609375000e+01
6.296173858642578125e+01
6.275353240966796875e+01
6.254372787475585938e+01
6.233235549926757812e+01
6.211929321289062500e+01
6.190475463867187500e+01
6.168911743164062500e+01
6.147199630737304688e+01
6.125366210937500000e+01
6.103426742553710938e+01
6.081312561035156250e+01
6.059112930297851562e+01
6.036743545532226562e+01
6.014223098754882812e+01
5.991499710083007812e+01
5.968529129028320312e+01
5.945245742797851562e+01
5.921644973754882812e+01
5.897826004028320312e+01
5.873711776733398438e+01
5.849274444580078125e+01
5.824499511718750000e+01
5.799383926391601562e+01
5.773863220214843750e+01
5.747975921630859375e+01
5.721856689453125000e+01
5.695508193969726562e+01
5.668955612182617188e+01
5.642252349853515625e+01
5.615540313720703125e+01
5.588936996459960938e+01
5.562438583374023438e+01
5.536005020141601562e+01
5.509576034545898438e+01
5.483161544799804688e+01
5.456740951538085938e+01
5.430308151245117188e+01
5.403733062744140625e+01
5.376851654052734375e+01
5.349593353271484375e+01
5.321784973144531250e+01
5.293017578125000000e+01
5.263386154174804688e+01
5.232979202270507812e+01
5.201740264892578125e+01
5.169905853271484375e+01
5.137374496459960938e+01
5.104394912719726562e+01
5.071120834350585938e+01
5.037653350830078125e+01
5.004143142700195312e+01
4.970346450805664062e+01
4.936164474487304688e+01
4.901744079589843750e+01
4.866915130615234375e+01
4.831661605834960938e+01
4.796138763427734375e+01
4.760272216796875000e+01
4.724348831176757812e+01
4.688187789916992188e+01
4.651976776123046875e+01
4.615562438964843750e+01
4.578992462158203125e+01
4.542116546630859375e+01
4.504900360107421875e+01
4.467279815673828125e+01
4.429228973388671875e+01
4.390596389770507812e+01
4.351375198364257812e+01
4.311716461181640625e+01
4.271750259399414062e+01
4.231452178955078125e+01
4.190931701660156250e+01
4.150343704223632812e+01
4.109695816040039062e+01
4.069075012207031250e+01
4.028330612182617188e+01
3.987709426879882812e+01
3.947240829467773438e+01
3.906979751586914062e+01
