6.531829833984375000e+01
6.520026397705078125e+01
6.507732391357421875e+01
6.494789123535156250e+01
6.481191253662109375e+01
6.467008209228515625e+01
6.452526855468750000e+01
6.437776184082031250e+01
6.422798156738281250e+01
6.407574462890625000e+01
6.392053604125976562e+01
6.376184844970703125e+01
6.359880065917968750e+01
6.343251800537109375e+01
6.326368331909179688e+01
6.309276199340820312e+01
6.291941070556640625e+01
6.274359512329101562e+01
6.256431579589843750e+01
6.238220596313476562e+01
6.219848632812500000e+01
6.201353836059570312e+01
6.182787704467773438e+01
6.164155578613281250e+01
6.145423889160156250e+01
6.126638412475585938e+01
6.107826232910156250e+01
6.088937759399414062e+01
6.069962692260742188e+01
6.050963592529296875e+01
6.031837844848632812e+01
6.012469863891601562e+01
5.992686843872070312e+01
5.972562026977539062e+01
5.952151489257812500e+01
5.931319808959960938e+01
5.910072708129882812e+01
5.888467407226562500e+01
5.866533279418945312e+01
5.844405364990234375e+01
5.822072982788085938e+01
5.799689483642578125e+01
5.777281570434570312e+01
5.754878997802734375e+01
5.732495498657226562e+01
5.710168457031250000e+01
5.687860107421875000e+01
5.665425109863281250e+01
5.642964935302734375e+01
5.620347213745117188e+01
5.597451782226562500e+01
5.574192428588867188e+01
5.550370407104492188e+01
5.525640869140625000e+01
5.500218582153320312e+01
5.474198150634765625e+01
5.447320175170898438e+01
5.419988632202148438e+01
5.392338943481445312e+01
5.364282226562500000e+01
5.335875701904296875e+01
5.306962585449218750e+01
5.277565002441406250e+01
5.248013687133789062e+01
5.218051910400390625e+01
5.187852478027343750e+01
5.157159805297851562e+01
5.126123809814453125e+01
5.094566726684570312e+01
5.062768173217773438e+01
5.030507659912109375e+01
4.997685241699218750e+01
4.964311218261718750e+01
4.930258178710937500e+01
4.895412063598632812e+01
4.859813308715820312e+01
4.823944854736328125e+01
4.787587356567382812e+01
4.750630569458007812e+01
4.713246536254882812e+01
4.675678253173828125e+01
4.637865447998046875e+01
4.599924850463867188e+01
4.561718368530273438e+01
4.523427581787109375e+01
4.484858322143554688e+01
4.446102523803710938e+01
4.407293319702148438e+01
4.368317413330078125e+01
4.328864288330078125e+01
4.289136886596679688e+01
4.249000549316406250e+01
4.208803176879882812e+01
4.168906021118164062e+01
4.129114913940429688e+01
4.089296340942382812e+01
4.049820327758789062e+01
4.010807037353515625e+01
3.972251892089843750e+01
3.934336853027343750e+01
