6.260429000854492188e+01
6.252086639404296875e+01
6.243832397460937500e+01
6.235433197021484375e+01
6.226734542846679688e+01
6.217718124389648438e+01
6.208393096923828125e+01
6.198679733276367188e+01
6.188724517822265625e+01
6.178607559204101562e+01
6.168286132812500000e+01
6.157746505737304688e+01
6.146993637084960938e+01
6.136060333251953125e+01
6.124905014038085938e+01
6.113575363159179688e+01
6.101954650878906250e+01
6.090084457397460938e+01
6.078003311157226562e+01
6.065638351440429688e+01
6.052912902832031250e+01
6.039939498901367188e+01
6.026718139648437500e+01
6.013156509399414062e+01
5.999327087402343750e+01
5.985267257690429688e+01
5.971060562133789062e+01
5.956677627563476562e+01
5.942079925537109375e+01
5.927259445190429688e+01
5.912278747558593750e+01
5.897088623046875000e+01
5.881629180908203125e+01
5.865865325927734375e+01
5.849806594848632812e+01
5.833384704589843750e+01
5.816562652587890625e+01
5.799137115478515625e+01
5.781178283691406250e+01
5.762668991088867188e+01
5.743554306030273438e+01
5.723973464965820312e+01
5.703838729858398438e+01
5.683251190185546875e+01
5.662265014648437500e+01
5.640951156616210938e+01
5.619518280029296875e+01
5.598046875000000000e+01
5.576319885253906250e+01
5.554381561279296875e+01
5.532099151611328125e+01
5.509454345703125000e+01
5.486391830444335938e+01
5.462952804565429688e+01
5.439262008666992188e+01
5.415317535400390625e+01
5.391009521484375000e+01
5.366230773925781250e+01
5.341076660156250000e+01
5.315391540527343750e+01
5.289510345458984375e+01
5.263204956054687500e+01
5.236302566528320312e+01
5.208972167968750000e+01
5.181362915039062500e+01
5.153410339355468750e+01
5.125057220458984375e+01
5.095998001098632812e+01
5.066197204589843750e+01
5.035665893554687500e+01
5.004230880737304688e+01
4.971990585327148438e+01
4.938924407958984375e+01
4.904813385009765625e+01
4.869767379760742188e+01
4.833805465698242188e+01
4.797085571289062500e+01
4.759572982788085938e+01
4.721131515502929688e+01
4.681683731079101562e+01
4.641620635986328125e+01
4.601187515258789062e+01
4.560324096679687500e+01
4.518942642211914062e+01
4.477439117431640625e+01
4.435665130615234375e+01
4.393931579589843750e+01
4.352197265625000000e+01
4.310754394531250000e+01
4.269673538208007812e+01
4.228758621215820312e+01
4.188067626953125000e+01
4.147909927368164062e+01
4.108138656616210938e+01
4.068875122070312500e+01
4.030260086059570312e+01
3.992220687866210938e+01
3.954631423950195312e+01
3.917522430419921875e+01
3.880755233764648438e+01
