6.487136840820312500e+01
6.468184661865234375e+01
6.449233245849609375e+01
6.430281829833984375e+01
6.411329650878906250e+01
6.392377853393554688e+01
6.373426818847656250e+01
6.354474639892578125e+01
6.335522842407226562e+01
6.316571044921875000e+01
6.297619628906250000e+01
6.278667831420898438e+01
6.259716033935546875e+01
6.240764236450195312e+01
6.221812820434570312e+01
6.202861022949218750e+01
6.183909225463867188e+01
6.164957427978515625e+01
6.146005630493164062e+01
6.127054214477539062e+01
6.108102416992187500e+01
6.089150619506835938e+01
6.070198822021484375e+01
6.051247024536132812e+01
6.032295608520507812e+01
6.013343811035156250e+01
5.994391632080078125e+01
5.975440216064453125e+01
5.956476974487304688e+01
5.937504959106445312e+01
5.918523406982421875e+01
5.899452209472656250e+01
5.880265045166015625e+01
5.860910415649414062e+01
5.841305923461914062e+01
5.821421432495117188e+01
5.801200103759765625e+01
5.780618667602539062e+01
5.759619140625000000e+01
5.738269424438476562e+01
5.716681671142578125e+01
5.694892120361328125e+01
5.672893142700195312e+01
5.650688171386718750e+01
5.628340911865234375e+01
5.605835723876953125e+01
5.583189392089843750e+01
5.560383224487304688e+01
5.537433242797851562e+01
5.514279174804687500e+01
5.490957641601562500e+01
5.467437744140625000e+01
5.443657302856445312e+01
5.419614410400390625e+01
5.395343780517578125e+01
5.370889282226562500e+01
5.346155929565429688e+01
5.321162796020507812e+01
5.295959854125976562e+01
5.270484161376953125e+01
5.244561767578125000e+01
5.218043899536132812e+01
5.190818405151367188e+01
5.162732315063476562e+01
5.133748626708984375e+01
5.103828430175781250e+01
5.073213577270507812e+01
5.042021942138671875e+01
5.010259628295898438e+01
4.978034210205078125e+01
4.945363235473632812e+01
4.912279129028320312e+01
4.878740310668945312e+01
4.844743728637695312e+01
4.810211944580078125e+01
4.774997711181640625e+01
4.739186859130859375e+01
4.702841949462890625e+01
4.665850067138671875e+01
4.628353500366210938e+01
4.590385818481445312e+01
4.551905822753906250e+01
4.512984466552734375e+01
4.473669815063476562e+01
4.434001541137695312e+01
4.393912506103515625e+01
4.353425979614257812e+01
4.312546157836914062e+01
4.271313476562500000e+01
4.229743576049804688e+01
4.187900924682617188e+01
4.145800018310546875e+01
4.103514480590820312e+01
4.060977554321289062e+01
4.018266677856445312e+01
3.975410079956054688e+01
3.932431793212890625e+01
3.889438629150390625e+01
3.846458816528320312e+01
3.803400802612304688e+01
