5.591664123535156250e+01
5.599216842651367188e+01
5.606768798828125000e+01
5.614317703247070312e+01
5.621887969970703125e+01
5.629494857788085938e+01
5.637159729003906250e+01
5.644931793212890625e+01
5.652818298339843750e+01
5.660848617553710938e+01
5.669066619873046875e+01
5.677428817749023438e+01
5.685943984985351562e+01
5.694562149047851562e+01
5.703273391723632812e+01
5.712059020996093750e+01
5.720898056030273438e+01
5.729692840576171875e+01
5.738400268554687500e+01
5.746840286254882812e+01
5.754893493652343750e+01
5.762440872192382812e+01
5.769301986694335938e+01
5.775351715087890625e+01
5.780578231811523438e+01
5.785124588012695312e+01
5.788793945312500000e+01
5.791739273071289062e+01
5.793925094604492188e+01
5.795332336425781250e+01
5.795943069458007812e+01
5.795693969726562500e+01
5.794626617431640625e+01
5.792644882202148438e+01
5.789431381225585938e+01
5.785176086425781250e+01
5.779794692993164062e+01
5.773286056518554688e+01
5.765900039672851562e+01
5.757510375976562500e+01
5.748336029052734375e+01
5.738314437866210938e+01
5.727486419677734375e+01
5.715770721435546875e+01
5.703341293334960938e+01
5.690252304077148438e+01
5.676647186279296875e+01
5.662438583374023438e+01
5.647985076904296875e+01
5.633152008056640625e+01
5.618038940429687500e+01
5.602537155151367188e+01
5.586922836303710938e+01
5.571208572387695312e+01
5.555447006225585938e+01
5.539214706420898438e+01
5.522047042846679688e+01
5.504104232788085938e+01
5.484867477416992188e+01
5.463905715942382812e+01
5.441638946533203125e+01
5.418004989624023438e+01
5.393247985839843750e+01
5.367501068115234375e+01
5.340904617309570312e+01
5.313619995117187500e+01
5.285563659667968750e+01
5.256781768798828125e+01
5.226969909667968750e+01
5.196469116210937500e+01
5.165116500854492188e+01
5.132762145996093750e+01
5.099787902832031250e+01
5.065925979614257812e+01
5.031571197509765625e+01
4.996708297729492188e+01
4.961537170410156250e+01
4.926291275024414062e+01
4.891009521484375000e+01
4.855932998657226562e+01
4.820758819580078125e+01
4.785592651367187500e+01
4.750949859619140625e+01
4.716722106933593750e+01
4.682549667358398438e+01
4.648763656616210938e+01
4.615320205688476562e+01
4.582358169555664062e+01
4.549471282958984375e+01
4.516928482055664062e+01
4.484474563598632812e+01
4.451881408691406250e+01
4.419404220581054688e+01
4.386981582641601562e+01
4.354453277587890625e+01
4.321784591674804688e+01
4.289319610595703125e+01
4.256750869750976562e+01
4.224172973632812500e+01
4.191822052001953125e+01
