7.238835144042968750e+01
7.212919616699218750e+01
7.180628967285156250e+01
7.148341369628906250e+01
7.116049957275390625e+01
7.083760833740234375e+01
7.051473236083984375e+01
7.019183349609375000e+01
6.984519958496093750e+01
6.949833679199218750e+01
6.915150451660156250e+01
6.880464172363281250e+01
6.845780944824218750e+01
6.811096191406250000e+01
6.776411437988281250e+01
6.741726684570312500e+01
6.707040405273437500e+01
6.672358703613281250e+01
6.637672424316406250e+01
6.602986145019531250e+01
6.568303680419921875e+01
6.533618927001953125e+01
6.498932647705078125e+01
6.464247131347656250e+01
6.429562377929687500e+01
6.394877624511718750e+01
6.360194396972656250e+01
6.325511169433593750e+01
6.290824127197265625e+01
6.256140136718750000e+01
6.221455383300781250e+01
6.186770629882812500e+01
6.152084350585937500e+01
6.117401885986328125e+01
6.082717895507812500e+01
6.048031616210937500e+01
6.013347625732421875e+01
5.978661346435546875e+01
5.943979644775390625e+01
5.909292602539062500e+01
5.874608612060546875e+01
5.839924621582031250e+01
5.805236053466796875e+01
5.770555114746093750e+01
5.735866546630859375e+01
5.701182556152343750e+01
5.666500854492187500e+01
5.631815338134765625e+01
5.597131347656250000e+01
5.562442779541015625e+01
5.527761077880859375e+01
5.493075561523437500e+01
5.458388519287109375e+01
5.423706817626953125e+01
5.389020538330078125e+01
5.354335021972656250e+01
5.319651794433593750e+01
5.284967041015625000e+01
5.250280761718750000e+01
5.215599060058593750e+01
5.180915069580078125e+01
5.146228027343750000e+01
5.111542510986328125e+01
5.076858520507812500e+01
5.042174530029296875e+01
5.007490539550781250e+01
4.972805786132812500e+01
4.938120269775390625e+01
4.903432464599609375e+01
4.868751525878906250e+01
4.834064483642578125e+01
4.799379730224609375e+01
4.764694976806640625e+01
4.730010986328125000e+01
4.695324707031250000e+01
4.660641479492187500e+01
4.625955963134765625e+01
4.591271972656250000e+01
4.556587219238281250e+01
4.521902465820312500e+01
4.487220764160156250e+01
4.452534484863281250e+01
4.417849731445312500e+01
4.383166503906250000e+01
4.348480224609375000e+01
4.313796997070312500e+01
4.279110717773437500e+01
4.244422912597656250e+01
4.209742736816406250e+01
4.175054931640625000e+01
4.140373229980468750e+01
4.106256103515625000e+01
4.078359985351562500e+01
4.050460815429687500e+01
4.022564697265625000e+01
3.994662475585937500e+01
3.966764831542968750e+01
3.938870239257812500e+01
3.910974121093750000e+01
3.883076477050781250e+01
