7.458809661865234375e+01
7.421936035156250000e+01
7.385066223144531250e+01
7.348190307617187500e+01
7.311513519287109375e+01
7.274835205078125000e+01
7.238156127929687500e+01
7.201477813720703125e+01
7.164801025390625000e+01
7.128121185302734375e+01
7.091441345214843750e+01
7.054764556884765625e+01
7.018086242675781250e+01
6.981409454345703125e+01
6.944731140136718750e+01
6.908053588867187500e+01
6.871372985839843750e+01
6.834696960449218750e+01
6.798014831542968750e+01
6.761338806152343750e+01
6.724663543701171875e+01
6.687982940673828125e+01
6.651303100585937500e+01
6.614628601074218750e+01
6.577950286865234375e+01
6.541269683837890625e+01
6.504590606689453125e+01
6.467916107177734375e+01
6.431237030029296875e+01
6.394557571411132812e+01
6.357882690429687500e+01
6.321200561523437500e+01
6.284520721435546875e+01
6.247845458984375000e+01
6.211165618896484375e+01
6.174485778808593750e+01
6.137810897827148438e+01
6.101132583618164062e+01
6.064454269409179688e+01
6.027774429321289062e+01
5.991097259521484375e+01
5.954420852661132812e+01
5.917740631103515625e+01
5.881063842773437500e+01
5.844383621215820312e+01
5.807708740234375000e+01
5.771026611328125000e+01
5.734347534179687500e+01
5.697671508789062500e+01
5.660992431640625000e+01
5.624319076538085938e+01
5.587635803222656250e+01
5.550958633422851562e+01
5.514282226562500000e+01
5.477602767944335938e+01
5.440924453735351562e+01
5.404242706298828125e+01
5.367568206787109375e+01
5.330889892578125000e+01
5.294212722778320312e+01
5.257533264160156250e+01
5.220854187011718750e+01
5.184174728393554688e+01
5.147501373291015625e+01
5.110818481445312500e+01
5.074139404296875000e+01
5.037460327148437500e+01
5.000778579711914062e+01
4.964105224609375000e+01
4.927428436279296875e+01
4.890753173828125000e+01
4.854074859619140625e+01
4.817398071289062500e+01
4.780716323852539062e+01
4.744035339355468750e+01
4.707359313964843750e+01
4.670680236816406250e+01
4.634506607055664062e+01
4.598474502563476562e+01
4.562435913085937500e+01
4.526399230957031250e+01
4.490365982055664062e+01
4.454331207275390625e+01
4.418295288085937500e+01
4.382265472412109375e+01
4.346229553222656250e+01
4.310189056396484375e+01
4.274159240722656250e+01
4.238122558593750000e+01
4.202092742919921875e+01
4.166061401367187500e+01
4.130020904541015625e+01
4.093991088867187500e+01
4.057950592041015625e+01
4.021920013427734375e+01
3.985877227783203125e+01
3.949846267700195312e+01
3.913812637329101562e+01
3.877776336669921875e+01
3.841742706298828125e+01
