7.279872894287109375e+01
7.247032928466796875e+01
7.214192962646484375e+01
7.181353759765625000e+01
7.148514556884765625e+01
7.115673828125000000e+01
7.082835388183593750e+01
7.049995422363281250e+01
7.017155456542968750e+01
6.984316253662109375e+01
6.951477050781250000e+01
6.918637084960937500e+01
6.885797882080078125e+01
6.852958679199218750e+01
6.820117950439453125e+01
6.787279510498046875e+01
6.754439544677734375e+01
6.721600341796875000e+01
6.688760375976562500e+01
6.655919647216796875e+01
6.623081970214843750e+01
6.590242767333984375e+01
6.557401275634765625e+01
6.524562072753906250e+01
6.491723632812500000e+01
6.458882904052734375e+01
6.426043701171875000e+01
6.393204116821289062e+01
6.360364532470703125e+01
6.327525329589843750e+01
6.294684982299804688e+01
6.261845397949218750e+01
6.229005432128906250e+01
6.196166229248046875e+01
6.163327789306640625e+01
6.130486297607421875e+01
6.097647094726562500e+01
6.064807891845703125e+01
6.031589126586914062e+01
5.998297500610351562e+01
5.965006256103515625e+01
5.931713867187500000e+01
5.898423385620117188e+01
5.865132141113281250e+01
5.831839752197265625e+01
5.798548889160156250e+01
5.765257644653320312e+01
5.731965637207031250e+01
5.698674011230468750e+01
5.665382385253906250e+01
5.632091522216796875e+01
5.598800277709960938e+01
5.565509796142578125e+01
5.532217025756835938e+01
5.498925781250000000e+01
5.465634155273437500e+01
5.432342529296875000e+01
5.399050140380859375e+01
5.365760421752929688e+01
5.332469177246093750e+01
5.299176788330078125e+01
5.265885543823242188e+01
5.232593536376953125e+01
5.199301910400390625e+01
5.166011047363281250e+01
5.132720184326171875e+01
5.099428558349609375e+01
5.066136550903320312e+01
5.032845306396484375e+01
4.999553298950195312e+01
4.966261672973632812e+01
4.932970046997070312e+01
4.899679946899414062e+01
4.866388702392578125e+01
4.833097076416015625e+01
4.799805068969726562e+01
4.766514205932617188e+01
4.733219909667968750e+01
4.699930191040039062e+01
4.666640472412109375e+01
4.633348846435546875e+01
4.600057983398437500e+01
4.566764450073242188e+01
4.533473205566406250e+01
4.500183105468750000e+01
4.466890335083007812e+01
4.433600234985351562e+01
4.400308609008789062e+01
4.367015457153320312e+01
4.333723831176757812e+01
4.300435638427734375e+01
4.267140960693359375e+01
4.233851623535156250e+01
4.200561523437500000e+01
4.167268753051757812e+01
4.133978271484375000e+01
4.100684738159179688e+01
4.067393112182617188e+01
4.034102630615234375e+01
4.000811767578125000e+01
