7.103833770751953125e+01
7.070272064208984375e+01
7.036714935302734375e+01
7.003157806396484375e+01
6.969600677490234375e+01
6.936043548583984375e+01
6.902486419677734375e+01
6.868929290771484375e+01
6.835371398925781250e+01
6.801814270019531250e+01
6.768257141113281250e+01
6.734700775146484375e+01
6.701142120361328125e+01
6.667585754394531250e+01
6.634028625488281250e+01
6.600470733642578125e+01
6.566913604736328125e+01
6.533355712890625000e+01
6.499798583984375000e+01
6.466242218017578125e+01
6.432684326171875000e+01
6.399127578735351562e+01
6.365570831298828125e+01
6.332013320922851562e+01
6.298455810546875000e+01
6.264898681640625000e+01
6.231341552734375000e+01
6.197784042358398438e+01
6.164227294921875000e+01
6.130669784545898438e+01
6.097113037109375000e+01
6.063555908203125000e+01
6.029999160766601562e+01
5.996441268920898438e+01
5.962884902954101562e+01
5.929325866699218750e+01
5.895770263671875000e+01
5.862212371826171875e+01
5.828655242919921875e+01
5.795098114013671875e+01
5.761540603637695312e+01
5.727983093261718750e+01
5.694426345825195312e+01
5.660868453979492188e+01
5.627311325073242188e+01
5.593753051757812500e+01
5.560197830200195312e+01
5.526640319824218750e+01
5.493083190917968750e+01
5.459525680541992188e+01
5.425968551635742188e+01
5.392411422729492188e+01
5.358854675292968750e+01
5.325296020507812500e+01
5.291739273071289062e+01
5.258182907104492188e+01
5.224624252319335938e+01
5.191067886352539062e+01
5.157510757446289062e+01
5.123952484130859375e+01
5.090396118164062500e+01
5.056838989257812500e+01
5.023280715942382812e+01
4.989724349975585938e+01
4.956168365478515625e+01
4.922608947753906250e+01
4.889053726196289062e+01
4.855495452880859375e+01
4.821939849853515625e+01
4.788381195068359375e+01
4.754823684692382812e+01
4.721266174316406250e+01
4.687709045410156250e+01
4.654152679443359375e+01
4.620595550537109375e+01
4.587037658691406250e+01
4.553481674194335938e+01
4.519923019409179688e+01
4.486365509033203125e+01
4.452809143066406250e+01
4.419251251220703125e+01
4.385694885253906250e+01
4.352136993408203125e+01
4.318579864501953125e+01
4.285022354125976562e+01
4.251464843750000000e+01
4.217908096313476562e+01
4.184352111816406250e+01
4.150793457031250000e+01
4.117238235473632812e+01
4.083679199218750000e+01
4.050121307373046875e+01
4.016565322875976562e+01
3.983008193969726562e+01
3.949451828002929688e+01
3.915892791748046875e+01
3.882336807250976562e+01
3.848777770996093750e+01
3.815221786499023438e+01
3.781663894653320312e+01
