7.238531494140625000e+01
7.205393981933593750e+01
7.172256469726562500e+01
7.139119720458984375e+01
7.105982971191406250e+01
7.072844696044921875e+01
7.039706420898437500e+01
7.006568908691406250e+01
6.973432159423828125e+01
6.940294647216796875e+01
6.907157135009765625e+01
6.874019622802734375e+01
6.840882110595703125e+01
6.807744598388671875e+01
6.774607086181640625e+01
6.741469573974609375e+01
6.708332061767578125e+01
6.675195312500000000e+01
6.642057800292968750e+01
6.608918762207031250e+01
6.575782012939453125e+01
6.542645263671875000e+01
6.509506988525390625e+01
6.476369476318359375e+01
6.443231201171875000e+01
6.410094451904296875e+01
6.376956939697265625e+01
6.343820190429687500e+01
6.310681533813476562e+01
6.277544403076171875e+01
6.244407653808593750e+01
6.211267852783203125e+01
6.178131866455078125e+01
6.144995117187500000e+01
6.111857223510742188e+01
6.078719329833984375e+01
6.045582580566406250e+01
6.012444686889648438e+01
5.979306793212890625e+01
5.946169662475585938e+01
5.913031768798828125e+01
5.879895401000976562e+01
5.846757507324218750e+01
5.813619232177734375e+01
5.780481719970703125e+01
5.747345352172851562e+01
5.714207458496093750e+01
5.681069946289062500e+01
5.647933197021484375e+01
5.614794921875000000e+01
5.581656646728515625e+01
5.548519897460937500e+01
5.515383148193359375e+01
5.482243728637695312e+01
5.449108123779296875e+01
5.415970611572265625e+01
5.382831573486328125e+01
5.349695587158203125e+01
5.316556549072265625e+01
5.283419036865234375e+01
5.250282287597656250e+01
5.217145919799804688e+01
5.184007263183593750e+01
5.150869369506835938e+01
5.117731094360351562e+01
5.084594345092773438e+01
5.051456451416015625e+01
5.018321228027343750e+01
4.985182952880859375e+01
4.952045059204101562e+01
4.918906402587890625e+01
4.885768890380859375e+01
4.852632904052734375e+01
4.819493865966796875e+01
4.786356735229492188e+01
4.753221130371093750e+01
4.720082855224609375e+01
4.686945343017578125e+01
4.653807449340820312e+01
4.620670318603515625e+01
4.587532043457031250e+01
4.554394912719726562e+01
4.521257400512695312e+01
4.488120269775390625e+01
4.454981994628906250e+01
4.421843719482421875e+01
4.388707733154296875e+01
4.355569839477539062e+01
4.322431182861328125e+01
4.289294815063476562e+01
4.256157302856445312e+01
4.223019027709960938e+01
4.189883041381835938e+01
4.156745529174804688e+01
4.123606491088867188e+01
4.090471267700195312e+01
4.057331466674804688e+01
4.024193954467773438e+01
3.991057968139648438e+01
3.957920074462890625e+01
