7.186903381347656250e+01
7.157653045654296875e+01
7.128401947021484375e+01
7.099151611328125000e+01
7.069900512695312500e+01
7.040650177001953125e+01
7.011399841308593750e+01
6.982147979736328125e+01
6.952897644042968750e+01
6.923646545410156250e+01
6.894396209716796875e+01
6.865145874023437500e+01
6.835895538330078125e+01
6.806645202636718750e+01
6.777393341064453125e+01
6.748143005371093750e+01
6.718891143798828125e+01
6.689640808105468750e+01
6.660389709472656250e+01
6.631140899658203125e+01
6.601889038085937500e+01
6.572638702392578125e+01
6.543387603759765625e+01
6.514137268066406250e+01
6.484886169433593750e+01
6.455636596679687500e+01
6.426385498046875000e+01
6.397134780883789062e+01
6.367883682250976562e+01
6.338632965087890625e+01
6.309382629394531250e+01
6.280132293701171875e+01
6.250881195068359375e+01
6.221632003784179688e+01
6.192380523681640625e+01
6.163128662109375000e+01
6.133876800537109375e+01
6.104626846313476562e+01
6.075376510620117188e+01
6.046126556396484375e+01
6.016875457763671875e+01
5.987623596191406250e+01
5.958374786376953125e+01
5.929123687744140625e+01
5.899872589111328125e+01
5.870621490478515625e+01
5.841372680664062500e+01
5.812118530273437500e+01
5.782869720458984375e+01
5.753619384765625000e+01
5.724366760253906250e+01
5.695117187500000000e+01
5.665868377685546875e+01
5.636617279052734375e+01
5.607364654541015625e+01
5.578115081787109375e+01
5.548863220214843750e+01
5.519615173339843750e+01
5.490360260009765625e+01
5.461111450195312500e+01
5.431862640380859375e+01
5.402612304687500000e+01
5.373361206054687500e+01
5.344109344482421875e+01
5.314859008789062500e+01
5.285608673095703125e+01
5.256356811523437500e+01
5.227107238769531250e+01
5.197856903076171875e+01
5.168607330322265625e+01
5.139353942871093750e+01
5.110103607177734375e+01
5.080853271484375000e+01
5.051601409912109375e+01
5.022352600097656250e+01
4.993100738525390625e+01
4.963850402832031250e+01
4.934598541259765625e+01
4.905346679687500000e+01
4.876097869873046875e+01
4.846847534179687500e+01
4.817597198486328125e+01
4.788346099853515625e+01
4.759095001220703125e+01
4.729846191406250000e+01
4.700591278076171875e+01
4.671344757080078125e+01
4.642091369628906250e+01
4.612840270996093750e+01
4.583590698242187500e+01
4.554338836669921875e+01
4.525091552734375000e+01
4.495840454101562500e+01
4.466587829589843750e+01
4.437338256835937500e+01
4.408088684082031250e+01
4.378838348388671875e+01
4.349584197998046875e+01
4.320336151123046875e+01
4.291084289550781250e+01
