7.437445831298828125e+01
7.403915405273437500e+01
7.370384979248046875e+01
7.336854553222656250e+01
7.303324127197265625e+01
7.269794464111328125e+01
7.236263275146484375e+01
7.202732849121093750e+01
7.169202423095703125e+01
7.135671234130859375e+01
7.102140808105468750e+01
7.068610382080078125e+01
7.035081481933593750e+01
7.001551818847656250e+01
6.968019866943359375e+01
6.934489440917968750e+01
6.900959014892578125e+01
6.867428588867187500e+01
6.833898925781250000e+01
6.800367736816406250e+01
6.766836547851562500e+01
6.733306121826171875e+01
6.699775695800781250e+01
6.666245269775390625e+01
6.632715606689453125e+01
6.599184417724609375e+01
6.565653991699218750e+01
6.532123565673828125e+01
6.498593139648437500e+01
6.465061950683593750e+01
6.431533050537109375e+01
6.398002624511718750e+01
6.364472198486328125e+01
6.330941009521484375e+01
6.297411727905273438e+01
6.263880920410156250e+01
6.230350875854492188e+01
6.196818923950195312e+01
6.163289642333984375e+01
6.129759216308593750e+01
6.096227264404296875e+01
6.062697601318359375e+01
6.029168701171875000e+01
5.995637512207031250e+01
5.962106323242187500e+01
5.928576278686523438e+01
5.895046234130859375e+01
5.861515808105468750e+01
5.827983856201171875e+01
5.794454193115234375e+01
5.760925292968750000e+01
5.727393341064453125e+01
5.693863296508789062e+01
5.660332107543945312e+01
5.626801300048828125e+01
5.593272399902343750e+01
5.559740066528320312e+01
5.526211547851562500e+01
5.492680358886718750e+01
5.459150695800781250e+01
5.425620269775390625e+01
5.392089462280273438e+01
5.358558273315429688e+01
5.325027847290039062e+01
5.291497802734375000e+01
5.257968139648437500e+01
5.224436569213867188e+01
5.190906524658203125e+01
5.157376098632812500e+01
5.123846054077148438e+01
5.090314865112304688e+01
5.056786727905273438e+01
5.023255157470703125e+01
4.989726257324218750e+01
4.956194305419921875e+01
4.922663116455078125e+01
4.889133453369140625e+01
4.855602645874023438e+01
4.822071838378906250e+01
4.788541412353515625e+01
4.755010223388671875e+01
4.721482086181640625e+01
4.687950897216796875e+01
4.654421234130859375e+01
4.620888519287109375e+01
4.587359619140625000e+01
4.553828811645507812e+01
4.520297622680664062e+01
4.486766052246093750e+01
4.453236770629882812e+01
4.419707107543945312e+01
4.386175537109375000e+01
4.352645111083984375e+01
4.319114685058593750e+01
4.285586166381835938e+01
4.252055740356445312e+01
4.218523406982421875e+01
4.184992218017578125e+01
4.151464843750000000e+01
4.117931365966796875e+01
