6.394129180908203125e+01
6.374293518066406250e+01
6.354465103149414062e+01
6.334637069702148438e+01
6.314809799194335938e+01
6.294981384277343750e+01
6.275153350830078125e+01
6.255325317382812500e+01
6.235497283935546875e+01
6.215670013427734375e+01
6.195841217041015625e+01
6.176013183593750000e+01
6.156185150146484375e+01
6.136683654785156250e+01
6.117330551147460938e+01
6.097977447509765625e+01
6.078623962402343750e+01
6.059272003173828125e+01
6.039917755126953125e+01
6.020565795898437500e+01
6.001213073730468750e+01
5.981859588623046875e+01
5.962506866455078125e+01
5.943154144287109375e+01
5.923801040649414062e+01
5.904447937011718750e+01
5.885095214843750000e+01
5.865741729736328125e+01
5.846389007568359375e+01
5.827035903930664062e+01
5.807683563232421875e+01
5.788330841064453125e+01
5.768977355957031250e+01
5.749624252319335938e+01
5.730271148681640625e+01
5.710918426513671875e+01
5.691564559936523438e+01
5.672212219238281250e+01
5.652860260009765625e+01
5.633506774902343750e+01
5.614154052734375000e+01
5.594800567626953125e+01
5.575447845458984375e+01
5.556094360351562500e+01
5.536742019653320312e+01
5.517388534545898438e+01
5.498036193847656250e+01
5.478683090209960938e+01
5.459329605102539062e+01
5.439977264404296875e+01
5.420623779296875000e+01
5.401271438598632812e+01
5.381917572021484375e+01
5.362564849853515625e+01
5.343211746215820312e+01
5.323858642578125000e+01
5.304506301879882812e+01
5.285152816772460938e+01
5.265800094604492188e+01
5.246447372436523438e+01
5.227094268798828125e+01
5.207742309570312500e+01
5.188388824462890625e+01
5.169035339355468750e+01
5.149682998657226562e+01
5.130330276489257812e+01
5.110976409912109375e+01
5.091624450683593750e+01
5.072270584106445312e+01
5.052916717529296875e+01
5.033563995361328125e+01
5.014212036132812500e+01
4.994857788085937500e+01
4.975506591796875000e+01
4.956151962280273438e+01
4.936798858642578125e+01
4.917448425292968750e+01
4.898094177246093750e+01
4.878742218017578125e+01
4.859387969970703125e+01
4.840035629272460938e+01
4.820681762695312500e+01
4.801329040527343750e+01
4.781976699829101562e+01
4.762623596191406250e+01
4.743270111083984375e+01
4.723916625976562500e+01
4.704563903808593750e+01
4.685211181640625000e+01
4.665858459472656250e+01
4.646504211425781250e+01
4.627152252197265625e+01
4.607800292968750000e+01
4.588447189331054688e+01
4.569093322753906250e+01
4.549739074707031250e+01
4.530386734008789062e+01
4.511035156250000000e+01
4.491682434082031250e+01
4.472330093383789062e+01
