6.979373168945312500e+01
6.950217437744140625e+01
6.921061706542968750e+01
6.891906738281250000e+01
6.862751770019531250e+01
6.833596801757812500e+01
6.804441833496093750e+01
6.775286102294921875e+01
6.746131134033203125e+01
6.716976928710937500e+01
6.687820434570312500e+01
6.658665466308593750e+01
6.629509735107421875e+01
6.600355529785156250e+01
6.571200561523437500e+01
6.542045593261718750e+01
6.512890625000000000e+01
6.483735656738281250e+01
6.454579162597656250e+01
6.425424194335937500e+01
6.396271133422851562e+01
6.367113876342773438e+01
6.337960052490234375e+01
6.308803939819335938e+01
6.279649353027343750e+01
6.250493621826171875e+01
6.221338653564453125e+01
6.192183685302734375e+01
6.163027572631835938e+01
6.133872985839843750e+01
6.104718780517578125e+01
6.075564193725585938e+01
6.046407318115234375e+01
6.017252349853515625e+01
5.988096237182617188e+01
5.958943176269531250e+01
5.929785919189453125e+01
5.900631713867187500e+01
5.871476745605468750e+01
5.841059112548828125e+01
5.809712219238281250e+01
5.778364562988281250e+01
5.747016906738281250e+01
5.715670776367187500e+01
5.684323883056640625e+01
5.652976226806640625e+01
5.621630859375000000e+01
5.590281677246093750e+01
5.558934783935546875e+01
5.527589416503906250e+01
5.496243286132812500e+01
5.464892578125000000e+01
5.433549499511718750e+01
5.402200317382812500e+01
5.370853424072265625e+01
5.339506530761718750e+01
5.308160400390625000e+01
5.276813507080078125e+01
5.245464324951171875e+01
5.214118957519531250e+01
5.182772064208984375e+01
5.151424407958984375e+01
5.120075988769531250e+01
5.088729858398437500e+01
5.057383728027343750e+01
5.026037597656250000e+01
4.994690704345703125e+01
4.963345336914062500e+01
4.931995391845703125e+01
4.900647735595703125e+01
4.869303131103515625e+01
4.837953186035156250e+01
4.806610107421875000e+01
4.775260925292968750e+01
4.743913269042968750e+01
4.712568664550781250e+01
4.681222534179687500e+01
4.649873352050781250e+01
4.618524169921875000e+01
4.587175750732421875e+01
4.555833435058593750e+01
4.524486541748046875e+01
4.493137359619140625e+01
4.461793518066406250e+01
4.430444335937500000e+01
4.399098968505859375e+01
4.367749023437500000e+01
4.336402130126953125e+01
4.305056762695312500e+01
4.273709106445312500e+01
4.242363739013671875e+01
4.211016845703125000e+01
4.179671478271484375e+01
4.148320007324218750e+01
4.116976928710937500e+01
4.085629272460937500e+01
4.054280853271484375e+01
4.022935485839843750e+01
3.991590118408203125e+01
3.960240936279296875e+01
