6.845652770996093750e+01
6.820324707031250000e+01
6.794996643066406250e+01
6.769668579101562500e+01
6.744342041015625000e+01
6.719012451171875000e+01
6.693685913085937500e+01
6.668357086181640625e+01
6.643030548095703125e+01
6.617702484130859375e+01
6.592375183105468750e+01
6.567047882080078125e+01
6.541719818115234375e+01
6.516391754150390625e+01
6.491063690185546875e+01
6.465736389160156250e+01
6.440408325195312500e+01
6.415080261230468750e+01
6.389752197265625000e+01
6.361666870117187500e+01
6.332389831542968750e+01
6.303112411499023438e+01
6.273833847045898438e+01
6.244556808471679688e+01
6.215278625488281250e+01
6.186001586914062500e+01
6.156723785400390625e+01
6.127444839477539062e+01
6.098167037963867188e+01
6.068890762329101562e+01
6.039612960815429688e+01
6.010335159301757812e+01
5.981058120727539062e+01
5.951781082153320312e+01
5.922502136230468750e+01
5.893223571777343750e+01
5.863946151733398438e+01
5.834669113159179688e+01
5.805393218994140625e+01
5.776114273071289062e+01
5.746836090087890625e+01
5.717557525634765625e+01
5.688280105590820312e+01
5.659003829956054688e+01
5.629723358154296875e+01
5.599576950073242188e+01
5.568051910400390625e+01
5.536524200439453125e+01
5.504998779296875000e+01
5.473471450805664062e+01
5.441945648193359375e+01
5.410420989990234375e+01
5.378894042968750000e+01
5.347369766235351562e+01
5.315842437744140625e+01
5.284315872192382812e+01
5.252790069580078125e+01
5.221263504028320312e+01
5.189738082885742188e+01
5.158212280273437500e+01
5.126683807373046875e+01
5.095159149169921875e+01
5.063631820678710938e+01
5.032107925415039062e+01
5.000581359863281250e+01
4.969054794311523438e+01
4.937527465820312500e+01
4.906000900268554688e+01
4.874476242065429688e+01
4.842948913574218750e+01
4.811424636840820312e+01
4.779897689819335938e+01
4.748368453979492188e+01
4.716843032836914062e+01
4.685318756103515625e+01
4.653792190551757812e+01
4.622265243530273438e+01
4.590741729736328125e+01
4.559212493896484375e+01
4.527687454223632812e+01
4.496160888671875000e+01
4.464635086059570312e+01
4.433108901977539062e+01
4.401581573486328125e+01
4.370056533813476562e+01
4.338530731201171875e+01
4.307003402709960938e+01
4.275477600097656250e+01
4.243952178955078125e+01
4.212425994873046875e+01
4.180899810791015625e+01
4.149373245239257812e+01
4.117847061157226562e+01
4.086323165893554688e+01
4.054794692993164062e+01
4.023269271850585938e+01
3.991744995117187500e+01
3.960215759277343750e+01
3.928690338134765625e+01
3.897164916992187500e+01
