7.464978790283203125e+01
7.428492736816406250e+01
7.392005920410156250e+01
7.355519104003906250e+01
7.319033813476562500e+01
7.282547760009765625e+01
7.246060943603515625e+01
7.209574127197265625e+01
7.173088073730468750e+01
7.136601257324218750e+01
7.100115203857421875e+01
7.063629150390625000e+01
7.027142333984375000e+01
6.990655517578125000e+01
6.954170227050781250e+01
6.917683410644531250e+01
6.881197357177734375e+01
6.844711303710937500e+01
6.808224487304687500e+01
6.771737670898437500e+01
6.735250854492187500e+01
6.698764801025390625e+01
6.662278747558593750e+01
6.625792694091796875e+01
6.589305877685546875e+01
6.552819824218750000e+01
6.516333770751953125e+01
6.479846954345703125e+01
6.443360900878906250e+01
6.406875610351562500e+01
6.370388793945312500e+01
6.333901596069335938e+01
6.297415924072265625e+01
6.260929107666015625e+01
6.224443054199218750e+01
6.187956237792968750e+01
6.151469421386718750e+01
6.114983749389648438e+01
6.078497695922851562e+01
6.042011260986328125e+01
6.005525207519531250e+01
5.969039154052734375e+01
5.932551956176757812e+01
5.896065521240234375e+01
5.859579086303710938e+01
5.823092651367187500e+01
5.786606597900390625e+01
5.750119781494140625e+01
5.713634109497070312e+01
5.677146911621093750e+01
5.640661239624023438e+01
5.604174423217773438e+01
5.567688751220703125e+01
5.531201934814453125e+01
5.494715118408203125e+01
5.458229827880859375e+01
5.421743011474609375e+01
5.385256195068359375e+01
5.348770523071289062e+01
5.312283706665039062e+01
5.275797653198242188e+01
5.239310836791992188e+01
5.202825546264648438e+01
5.166339111328125000e+01
5.129851531982421875e+01
5.093365859985351562e+01
5.056879043579101562e+01
5.020392990112304688e+01
4.983906555175781250e+01
4.947420883178710938e+01
4.910934066772460938e+01
4.874447631835937500e+01
4.837961578369140625e+01
4.801474761962890625e+01
4.764988708496093750e+01
4.728502655029296875e+01
4.692015838623046875e+01
4.655529785156250000e+01
4.619042968750000000e+01
4.582556152343750000e+01
4.546070861816406250e+01
4.509584426879882812e+01
4.473097991943359375e+01
4.436611175537109375e+01
4.400125885009765625e+01
4.363639068603515625e+01
4.327153015136718750e+01
4.290665817260742188e+01
4.254179382324218750e+01
4.217693328857421875e+01
4.181206512451171875e+01
4.144720458984375000e+01
4.108234405517578125e+01
4.071748352050781250e+01
4.035262680053710938e+01
3.998774719238281250e+01
3.962289428710937500e+01
3.925803375244140625e+01
3.889315795898437500e+01
3.852830505371093750e+01
