7.152378845214843750e+01
7.138373565673828125e+01
7.124367523193359375e+01
7.110361480712890625e+01
7.096355438232421875e+01
7.082349395751953125e+01
7.051358795166015625e+01
7.019557952880859375e+01
6.987757110595703125e+01
6.955958557128906250e+01
6.924160003662109375e+01
6.892358398437500000e+01
6.860559082031250000e+01
6.828762054443359375e+01
6.796961212158203125e+01
6.765160369873046875e+01
6.733361816406250000e+01
6.701562500000000000e+01
6.669762420654296875e+01
6.637961578369140625e+01
6.606162261962890625e+01
6.574363708496093750e+01
6.542564392089843750e+01
6.510763549804687500e+01
6.478964233398437500e+01
6.447164916992187500e+01
6.415364837646484375e+01
6.383567047119140625e+01
6.351766967773437500e+01
6.319965362548828125e+01
6.288166046142578125e+01
6.256366729736328125e+01
6.224568939208984375e+01
6.192765045166015625e+01
6.160968017578125000e+01
6.129167175292968750e+01
6.097370147705078125e+01
6.065571594238281250e+01
6.033769989013671875e+01
6.001971435546875000e+01
5.970171356201171875e+01
5.938368225097656250e+01
5.906571960449218750e+01
5.874773406982421875e+01
5.842973327636718750e+01
5.811172485351562500e+01
5.779376220703125000e+01
5.747573852539062500e+01
5.715776062011718750e+01
5.683972167968750000e+01
5.652175903320312500e+01
5.620376586914062500e+01
5.588578796386718750e+01
5.556777954101562500e+01
5.524975585937500000e+01
5.493179321289062500e+01
5.461378479003906250e+01
5.429574584960937500e+01
5.397776794433593750e+01
5.365977478027343750e+01
5.334181213378906250e+01
5.302377319335937500e+01
5.270578002929687500e+01
5.238778686523437500e+01
5.206976318359375000e+01
5.175181579589843750e+01
5.143379211425781250e+01
5.111581420898437500e+01
5.079780578613281250e+01
5.047979736328125000e+01
5.016181945800781250e+01
4.984381103515625000e+01
4.952583312988281250e+01
4.920783996582031250e+01
4.888984680175781250e+01
4.857180786132812500e+01
4.825386047363281250e+01
4.793588256835937500e+01
4.761785888671875000e+01
4.729989624023437500e+01
4.698187255859375000e+01
4.666386413574218750e+01
4.634588623046875000e+01
4.602786254882812500e+01
4.570988464355468750e+01
4.539192199707031250e+01
4.507388305664062500e+01
4.475588989257812500e+01
4.443785095214843750e+01
4.411988830566406250e+01
4.380191040039062500e+01
4.348391723632812500e+01
4.316587829589843750e+01
4.284793090820312500e+01
4.252990722656250000e+01
4.221191406250000000e+01
4.189392089843750000e+01
4.157591247558593750e+01
4.125796508789062500e+01
4.093994140625000000e+01
