7.183351135253906250e+01
7.156645965576171875e+01
7.129940795898437500e+01
7.103234100341796875e+01
7.076528930664062500e+01
7.049823760986328125e+01
7.023071289062500000e+01
6.996137237548828125e+01
6.969203948974609375e+01
6.942270660400390625e+01
6.915336608886718750e+01
6.888403320312500000e+01
6.861470031738281250e+01
6.834536743164062500e+01
6.807603454589843750e+01
6.780670166015625000e+01
6.753737640380859375e+01
6.726803588867187500e+01
6.699869537353515625e+01
6.672937011718750000e+01
6.646002197265625000e+01
6.619069671630859375e+01
6.592136383056640625e+01
6.565202331542968750e+01
6.538269042968750000e+01
6.511336517333984375e+01
6.484403228759765625e+01
6.457469177246093750e+01
6.430536651611328125e+01
6.403602600097656250e+01
6.376669311523437500e+01
6.349734878540039062e+01
6.322803115844726562e+01
6.295868682861328125e+01
6.268936157226562500e+01
6.242002487182617188e+01
6.215069198608398438e+01
6.188135147094726562e+01
6.161202621459960938e+01
6.134268951416015625e+01
6.107336044311523438e+01
6.080401992797851562e+01
6.053469848632812500e+01
6.026534652709960938e+01
5.999601364135742188e+01
5.972668075561523438e+01
5.945734786987304688e+01
5.918801879882812500e+01
5.891868209838867188e+01
5.864935302734375000e+01
5.838001251220703125e+01
5.811068344116210938e+01
5.784133911132812500e+01
5.757202148437500000e+01
5.730267333984375000e+01
5.703335571289062500e+01
5.676401519775390625e+01
5.649468612670898438e+01
5.622533416748046875e+01
5.595600509643554688e+01
5.568667221069335938e+01
5.541733932495117188e+01
5.514800262451171875e+01
5.487867736816406250e+01
5.460933685302734375e+01
5.434000396728515625e+01
5.407066726684570312e+01
5.380134201049804688e+01
5.353200149536132812e+01
5.326266860961914062e+01
5.299333190917968750e+01
5.272400665283203125e+01
5.245466613769531250e+01
5.218533325195312500e+01
5.191600418090820312e+01
5.164667129516601562e+01
5.137732696533203125e+01
5.110799789428710938e+01
5.083867645263671875e+01
5.056933593750000000e+01
5.029999542236328125e+01
5.003066253662109375e+01
4.976133346557617188e+01
4.949199295043945312e+01
4.922266006469726562e+01
4.895333862304687500e+01
4.868399810791015625e+01
4.841465759277343750e+01
4.814533233642578125e+01
4.787599945068359375e+01
4.760666275024414062e+01
4.733732223510742188e+01
4.706798553466796875e+01
4.679865646362304688e+01
4.652933120727539062e+01
4.625997924804687500e+01
4.599064636230468750e+01
4.572131729125976562e+01
4.545198822021484375e+01
4.518264770507812500e+01
