6.843227386474609375e+01
6.817624664306640625e+01
6.792021179199218750e+01
6.766419219970703125e+01
6.740816497802734375e+01
6.715213012695312500e+01
6.689610290527343750e+01
6.664006805419921875e+01
6.638404083251953125e+01
6.612800598144531250e+01
6.587198638916015625e+01
6.561595153808593750e+01
6.535993194580078125e+01
6.510389709472656250e+01
6.484786987304687500e+01
6.459183502197265625e+01
6.433581542968750000e+01
6.407977294921875000e+01
6.382374572753906250e+01
6.356772232055664062e+01
6.331169509887695312e+01
6.305565643310546875e+01
6.279962539672851562e+01
6.254360580444335938e+01
6.228757095336914062e+01
6.203154754638671875e+01
6.177550506591796875e+01
6.151948165893554688e+01
6.126344680786132812e+01
6.100742340087890625e+01
6.075139617919921875e+01
6.049536895751953125e+01
6.023933410644531250e+01
5.998330307006835938e+01
5.972728729248046875e+01
5.947124481201171875e+01
5.921522903442382812e+01
5.895919418334960938e+01
5.870316314697265625e+01
5.844713592529296875e+01
5.819110870361328125e+01
5.793507003784179688e+01
5.767904663085937500e+01
5.742246627807617188e+01
5.716578674316406250e+01
5.690909957885742188e+01
5.665240097045898438e+01
5.639571380615234375e+01
5.613901901245117188e+01
5.588232803344726562e+01
5.562563323974609375e+01
5.536894989013671875e+01
5.511224746704101562e+01
5.485555267333984375e+01
5.459887695312500000e+01
5.434217453002929688e+01
5.408547973632812500e+01
5.382878875732421875e+01
5.357209777832031250e+01
5.331539916992187500e+01
5.305871200561523438e+01
5.280203247070312500e+01
5.254533004760742188e+01
5.228863143920898438e+01
5.203195190429687500e+01
5.177523803710937500e+01
5.151855850219726562e+01
5.126187133789062500e+01
5.100518035888671875e+01
5.074848556518554688e+01
5.049178314208984375e+01
5.023509216308593750e+01
4.997840499877929688e+01
4.972171020507812500e+01
4.946501159667968750e+01
4.920832061767578125e+01
4.895163726806640625e+01
4.869493865966796875e+01
4.843825149536132812e+01
4.818155670166015625e+01
4.792487716674804688e+01
4.766817092895507812e+01
4.741148376464843750e+01
4.715477752685546875e+01
4.689809417724609375e+01
4.664138793945312500e+01
4.638471984863281250e+01
4.612801361083984375e+01
4.587132644653320312e+01
4.561463165283203125e+01
4.535793304443359375e+01
4.510124969482421875e+01
4.484455871582031250e+01
4.458786773681640625e+01
4.433117294311523438e+01
4.407447433471679688e+01
4.381780242919921875e+01
4.356110382080078125e+01
4.330438995361328125e+01
4.304772186279296875e+01
