6.788134765625000000e+01
6.756768035888671875e+01
6.725398254394531250e+01
6.694029235839843750e+01
6.662660217285156250e+01
6.631292724609375000e+01
6.599923706054687500e+01
6.568554687500000000e+01
6.537185668945312500e+01
6.505818176269531250e+01
6.474449157714843750e+01
6.443080139160156250e+01
6.411712646484375000e+01
6.380344009399414062e+01
6.348975753784179688e+01
6.317607498168945312e+01
6.286238098144531250e+01
6.254870223999023438e+01
6.223500823974609375e+01
6.192132568359375000e+01
6.160763549804687500e+01
6.129396057128906250e+01
6.098027038574218750e+01
6.066659545898437500e+01
6.035290527343750000e+01
6.003921508789062500e+01
5.972552490234375000e+01
5.941184997558593750e+01
5.909815979003906250e+01
5.878446197509765625e+01
5.847078704833984375e+01
5.815709686279296875e+01
5.784340667724609375e+01
5.752973937988281250e+01
5.721604919433593750e+01
5.690235900878906250e+01
5.658866119384765625e+01
5.627497863769531250e+01
5.596130371093750000e+01
5.564761352539062500e+01
5.533391571044921875e+01
5.502024078369140625e+01
5.470654296875000000e+01
5.439285278320312500e+01
5.407917785644531250e+01
5.376549530029296875e+01
5.345181274414062500e+01
5.313810729980468750e+01
5.282442474365234375e+01
5.251074981689453125e+01
5.219706726074218750e+01
5.188337707519531250e+01
5.156970977783203125e+01
5.125601959228515625e+01
5.094231414794921875e+01
5.062862396240234375e+01
5.031496429443359375e+01
5.000125885009765625e+01
4.968758392333984375e+01
4.937392425537109375e+01
4.906019592285156250e+01
4.874652099609375000e+01
4.843283843994140625e+01
4.811914825439453125e+01
4.780546569824218750e+01
4.749177551269531250e+01
4.717810821533203125e+01
4.686442565917968750e+01
4.657565307617187500e+01
4.629354095458984375e+01
4.601139831542968750e+01
4.572927093505859375e+01
4.544715881347656250e+01
4.516501617431640625e+01
4.488288879394531250e+01
4.460077667236328125e+01
4.431865692138671875e+01
4.403653717041015625e+01
4.375441741943359375e+01
4.347227478027343750e+01
4.319015502929687500e+01
4.290805053710937500e+01
4.262591552734375000e+01
4.234381103515625000e+01
4.206169128417968750e+01
4.177955627441406250e+01
4.149743652343750000e+01
4.121528625488281250e+01
4.093316650390625000e+01
4.065104675292968750e+01
4.036892700195312500e+01
4.008682250976562500e+01
3.980470275878906250e+01
3.952255249023437500e+01
3.924046325683593750e+01
3.895831298828125000e+01
3.867617797851562500e+01
3.839405822753906250e+01
3.811192321777343750e+01
3.782983398437500000e+01
