7.201004028320312500e+01
7.169537353515625000e+01
7.138071441650390625e+01
7.106606292724609375e+01
7.075140380859375000e+01
7.043674468994140625e+01
7.012209320068359375e+01
6.980742645263671875e+01
6.949488067626953125e+01
6.918394470214843750e+01
6.887301635742187500e+01
6.856208038330078125e+01
6.825114440917968750e+01
6.794021606445312500e+01
6.762928009033203125e+01
6.731834411621093750e+01
6.700740814208984375e+01
6.669648742675781250e+01
6.638554382324218750e+01
6.607461547851562500e+01
6.576367950439453125e+01
6.545275115966796875e+01
6.514181518554687500e+01
6.483087921142578125e+01
6.451995849609375000e+01
6.420901489257812500e+01
6.389807891845703125e+01
6.358715057373046875e+01
6.327621459960937500e+01
6.296528625488281250e+01
6.265435409545898438e+01
6.234341430664062500e+01
6.203249359130859375e+01
6.172155761718750000e+01
6.141061782836914062e+01
6.109967803955078125e+01
6.078874969482421875e+01
6.047782135009765625e+01
6.016689300537109375e+01
5.985595703125000000e+01
5.954501724243164062e+01
5.923409271240234375e+01
5.892315673828125000e+01
5.861222076416015625e+01
5.830128479003906250e+01
5.799036026000976562e+01
5.767942810058593750e+01
5.736849212646484375e+01
5.705755615234375000e+01
5.674662017822265625e+01
5.643569564819335938e+01
5.612475585937500000e+01
5.581381607055664062e+01
5.550289154052734375e+01
5.519195938110351562e+01
5.488101959228515625e+01
5.457009124755859375e+01
5.425914764404296875e+01
5.394823074340820312e+01
5.363729095458984375e+01
5.332635498046875000e+01
5.301542663574218750e+01
5.270449066162109375e+01
5.239356231689453125e+01
5.208263015747070312e+01
5.177169799804687500e+01
5.146076583862304688e+01
5.114983367919921875e+01
5.083889007568359375e+01
5.052796936035156250e+01
5.021702957153320312e+01
4.990609741210937500e+01
4.959516525268554688e+01
4.928424072265625000e+01
4.897329711914062500e+01
4.866236495971679688e+01
4.835144042968750000e+01
4.804050445556640625e+01
4.772956466674804688e+01
4.741863632202148438e+01
4.710770416259765625e+01
4.679677581787109375e+01
4.648583984375000000e+01
4.617489624023437500e+01
4.586397552490234375e+01
4.555303955078125000e+01
4.524209976196289062e+01
4.493116378784179688e+01
4.462023925781250000e+01
4.430930328369140625e+01
4.399837112426757812e+01
4.368743896484375000e+01
4.337649917602539062e+01
4.306557464599609375e+01
4.275463867187500000e+01
4.244371032714843750e+01
4.213277435302734375e+01
4.182184600830078125e+01
4.151091003417968750e+01
4.119997406005859375e+01
