7.239231872558593750e+01
7.207939147949218750e+01
7.176647186279296875e+01
7.145352935791015625e+01
7.114061737060546875e+01
7.082769012451171875e+01
7.051476287841796875e+01
7.020184326171875000e+01
6.988890075683593750e+01
6.957598876953125000e+01
6.926306152343750000e+01
6.895013427734375000e+01
6.863721466064453125e+01
6.832427215576171875e+01
6.801135253906250000e+01
6.769843292236328125e+01
6.738549804687500000e+01
6.707257080078125000e+01
6.675964355468750000e+01
6.644673156738281250e+01
6.613379669189453125e+01
6.582087707519531250e+01
6.550794219970703125e+01
6.519500732421875000e+01
6.488208770751953125e+01
6.456916809082031250e+01
6.425622558593750000e+01
6.394331359863281250e+01
6.363037490844726562e+01
6.331745910644531250e+01
6.300452423095703125e+01
6.269160461425781250e+01
6.237866973876953125e+01
6.206575393676757812e+01
6.175281524658203125e+01
6.143990325927734375e+01
6.112696456909179688e+01
6.081404495239257812e+01
6.050112152099609375e+01
6.018818664550781250e+01
5.987527465820312500e+01
5.956233978271484375e+01
5.924942779541015625e+01
5.893648529052734375e+01
5.862355804443359375e+01
5.831064605712890625e+01
5.799771499633789062e+01
5.768479156494140625e+01
5.737185287475585938e+01
5.705894470214843750e+01
5.674600219726562500e+01
5.643307876586914062e+01
5.612015533447265625e+01
5.580721282958984375e+01
5.549430084228515625e+01
5.518137359619140625e+01
5.486845016479492188e+01
5.455552673339843750e+01
5.424259185791015625e+01
5.392966842651367188e+01
5.361673736572265625e+01
5.330380249023437500e+01
5.299088287353515625e+01
5.267796325683593750e+01
5.236503982543945312e+01
5.205210876464843750e+01
5.173918533325195312e+01
5.142626953125000000e+01
5.111335754394531250e+01
5.080040740966796875e+01
5.048748779296875000e+01
5.017457199096679688e+01
4.986162567138671875e+01
4.954870986938476562e+01
4.923576354980468750e+01
4.892284393310546875e+01
4.860992813110351562e+01
4.829700469970703125e+01
4.798406982421875000e+01
4.767114639282226562e+01
4.735822677612304688e+01
4.704528808593750000e+01
4.673236083984375000e+01
4.641943740844726562e+01
4.610654067993164062e+01
4.579359817504882812e+01
4.548065185546875000e+01
4.516775131225585938e+01
4.485481262207031250e+01
4.454188156127929688e+01
4.422893524169921875e+01
4.391601562500000000e+01
4.360309600830078125e+01
4.329018402099609375e+01
4.297726440429687500e+01
4.266432189941406250e+01
4.235139846801757812e+01
4.203848648071289062e+01
4.172553253173828125e+01
4.141260910034179688e+01
