7.178262329101562500e+01
7.144812011718750000e+01
7.111362457275390625e+01
7.077911376953125000e+01
7.044461059570312500e+01
7.011011505126953125e+01
6.977561950683593750e+01
6.944110107421875000e+01
6.910660552978515625e+01
6.877209472656250000e+01
6.843759155273437500e+01
6.810310363769531250e+01
6.776857757568359375e+01
6.742067718505859375e+01
6.705465698242187500e+01
6.669404602050781250e+01
6.633941650390625000e+01
6.598480224609375000e+01
6.563014984130859375e+01
6.527553558349609375e+01
6.492091369628906250e+01
6.456628417968750000e+01
6.421165466308593750e+01
6.385704040527343750e+01
6.350240325927734375e+01
6.314777755737304688e+01
6.279314804077148438e+01
6.243852615356445312e+01
6.208388900756835938e+01
6.172927093505859375e+01
6.137464141845703125e+01
6.102000427246093750e+01
6.066537475585937500e+01
6.031077194213867188e+01
5.995613861083984375e+01
5.960150527954101562e+01
5.924687957763671875e+01
5.889225006103515625e+01
5.853762435913085938e+01
5.818299102783203125e+01
5.782837677001953125e+01
5.747376632690429688e+01
5.711912918090820312e+01
5.676450729370117188e+01
5.640987396240234375e+01
5.605524826049804688e+01
5.570061492919921875e+01
5.534599304199218750e+01
5.499136352539062500e+01
5.463673400878906250e+01
5.428209686279296875e+01
5.392748641967773438e+01
5.357286071777343750e+01
5.321823501586914062e+01
5.286361312866210938e+01
5.250899124145507812e+01
5.215434646606445312e+01
5.179972076416015625e+01
5.144509506225585938e+01
5.109045791625976562e+01
5.073583602905273438e+01
5.038121795654296875e+01
5.002658081054687500e+01
4.967196655273437500e+01
4.931732559204101562e+01
4.896268844604492188e+01
4.860808181762695312e+01
4.825346374511718750e+01
4.789882278442382812e+01
4.754419326782226562e+01
4.718954849243164062e+01
4.683492279052734375e+01
4.648031234741210938e+01
4.612569427490234375e+01
4.577105331420898438e+01
4.541642761230468750e+01
4.506179809570312500e+01
4.470719146728515625e+01
4.435255432128906250e+01
4.399792480468750000e+01
4.364331054687500000e+01
4.328868103027343750e+01
4.293405151367187500e+01
4.257942962646484375e+01
4.222481536865234375e+01
4.187018585205078125e+01
4.151552581787109375e+01
4.116092681884765625e+01
4.080627441406250000e+01
4.045167541503906250e+01
4.009702301025390625e+01
3.974240112304687500e+01
3.938777160644531250e+01
3.903316497802734375e+01
3.867852020263671875e+01
3.832390594482421875e+01
3.796927642822265625e+01
3.761465454101562500e+01
3.725999450683593750e+01
3.690538024902343750e+01
