7.486927795410156250e+01
7.448855590820312500e+01
7.410784912109375000e+01
7.372711181640625000e+01
7.334639739990234375e+01
7.296567535400390625e+01
7.258495330810546875e+01
7.220423126220703125e+01
7.182350158691406250e+01
7.144278717041015625e+01
7.106205749511718750e+01
7.068133544921875000e+01
7.030061340332031250e+01
6.991990661621093750e+01
6.953917694091796875e+01
6.915844726562500000e+01
6.877773284912109375e+01
6.839700317382812500e+01
6.801627349853515625e+01
6.763556671142578125e+01
6.725482940673828125e+01
6.687411499023437500e+01
6.649339294433593750e+01
6.611267089843750000e+01
6.573195648193359375e+01
6.535121917724609375e+01
6.497049713134765625e+01
6.458978271484375000e+01
6.420906066894531250e+01
6.382832717895507812e+01
6.344761657714843750e+01
6.306688690185546875e+01
6.268615722656250000e+01
6.230545043945312500e+01
6.192471313476562500e+01
6.154399871826171875e+01
6.116326904296875000e+01
6.078254699707031250e+01
6.040183258056640625e+01
6.002110290527343750e+01
5.964038467407226562e+01
5.925965118408203125e+01
5.887894439697265625e+01
5.849822998046875000e+01
5.811749649047851562e+01
5.773677062988281250e+01
5.735604858398437500e+01
5.697533798217773438e+01
5.659459686279296875e+01
5.621386718750000000e+01
5.583315277099609375e+01
5.545243835449218750e+01
5.507173156738281250e+01
5.469099426269531250e+01
5.431027984619140625e+01
5.392952728271484375e+01
5.354882049560546875e+01
5.316809844970703125e+01
5.278736877441406250e+01
5.240663909912109375e+01
5.202593994140625000e+01
5.164521026611328125e+01
5.126447296142578125e+01
5.088376617431640625e+01
5.050303649902343750e+01
5.012231445312500000e+01
4.974160003662109375e+01
4.937968444824218750e+01
4.903008270263671875e+01
4.868048095703125000e+01
4.833087158203125000e+01
4.798129272460937500e+01
4.763169097900390625e+01
4.728210449218750000e+01
4.693248748779296875e+01
4.658288574218750000e+01
4.623328399658203125e+01
4.588368225097656250e+01
4.553413391113281250e+01
4.518448638916015625e+01
4.483489990234375000e+01
4.448530578613281250e+01
4.413574218750000000e+01
4.378611755371093750e+01
4.343651580810546875e+01
4.308692932128906250e+01
4.273731994628906250e+01
4.238771820068359375e+01
4.203810119628906250e+01
4.168853759765625000e+01
4.133892059326171875e+01
4.098931884765625000e+01
4.063973999023437500e+01
4.029014587402343750e+01
3.994052886962890625e+01
3.959091949462890625e+01
3.924132537841796875e+01
3.889175415039062500e+01
3.854214477539062500e+01
3.819253540039062500e+01
