7.608444976806640625e+01
7.570976257324218750e+01
7.533507537841796875e+01
7.496036529541015625e+01
7.458567047119140625e+01
7.421096801757812500e+01
7.383628845214843750e+01
7.346158599853515625e+01
7.308688354492187500e+01
7.271219635009765625e+01
7.233750915527343750e+01
7.196281433105468750e+01
7.158811187744140625e+01
7.121342468261718750e+01
7.083873748779296875e+01
7.046403503417968750e+01
7.008932495117187500e+01
6.971463775634765625e+01
6.933995056152343750e+01
6.896526336669921875e+01
6.859056091308593750e+01
6.821586608886718750e+01
6.784117126464843750e+01
6.746647644042968750e+01
6.709178161621093750e+01
6.671709442138671875e+01
6.634239959716796875e+01
6.596771240234375000e+01
6.559299468994140625e+01
6.521831512451171875e+01
6.484363555908203125e+01
6.446892547607421875e+01
6.409423065185546875e+01
6.371954345703125000e+01
6.334484100341796875e+01
6.297014617919921875e+01
6.259545135498046875e+01
6.222077178955078125e+01
6.184606933593750000e+01
6.147137451171875000e+01
6.109667968750000000e+01
6.072198486328125000e+01
6.034728240966796875e+01
5.997260284423828125e+01
5.959790802001953125e+01
5.922320556640625000e+01
5.884850311279296875e+01
5.847381591796875000e+01
5.809912872314453125e+01
5.772441864013671875e+01
5.734974670410156250e+01
5.697502899169921875e+01
5.660034179687500000e+01
5.622564697265625000e+01
5.585094451904296875e+01
5.547623443603515625e+01
5.510153961181640625e+01
5.472685241699218750e+01
5.435218048095703125e+01
5.397750091552734375e+01
5.360279083251953125e+01
5.322809600830078125e+01
5.285108947753906250e+01
5.247364807128906250e+01
5.209620666503906250e+01
5.171875000000000000e+01
5.134130859375000000e+01
5.096389007568359375e+01
5.058641815185546875e+01
5.020898437500000000e+01
4.983154296875000000e+01
4.945410919189453125e+01
4.907666778564453125e+01
4.869920349121093750e+01
4.832174682617187500e+01
4.794432830810546875e+01
4.756689453125000000e+01
4.718945312500000000e+01
4.681198883056640625e+01
4.643457031250000000e+01
4.605712127685546875e+01
4.567965698242187500e+01
4.530223083496093750e+01
4.492477416992187500e+01
4.454733276367187500e+01
4.416990661621093750e+01
4.379244995117187500e+01
4.341500091552734375e+01
4.303757476806640625e+01
4.266013336181640625e+01
4.228269958496093750e+01
4.190525817871093750e+01
4.152778625488281250e+01
4.115039062500000000e+01
4.077289581298828125e+01
4.039546966552734375e+01
4.001802825927734375e+01
3.964059448242187500e+01
3.926313781738281250e+01
3.888571166992187500e+01
