3.219630050659179688e+01
3.243236160278320312e+01
3.266896820068359375e+01
3.290611648559570312e+01
3.314381027221679688e+01
3.338205718994140625e+01
3.362086105346679688e+01
3.386024475097656250e+01
3.410021591186523438e+01
3.434076690673828125e+01
3.458189392089843750e+01
3.482358932495117188e+01
3.506588363647460938e+01
3.530878448486328125e+01
3.555231094360351562e+01
3.579643630981445312e+01
3.604116821289062500e+01
3.628649139404296875e+01
3.653243637084960938e+01
3.677898788452148438e+01
3.702617645263671875e+01
3.727398300170898438e+01
3.752239227294921875e+01
3.777140808105468750e+01
3.802101898193359375e+01
3.827122879028320312e+01
3.852202606201171875e+01
3.877341461181640625e+01
3.902539062500000000e+01
3.927796554565429688e+01
3.953111267089843750e+01
3.978483581542968750e+01
4.003913879394531250e+01
4.029400253295898438e+01
4.054943466186523438e+01
4.080541992187500000e+01
4.106194686889648438e+01
4.131900787353515625e+01
4.157660293579101562e+01
4.183472061157226562e+01
4.209336853027343750e+01
4.235252761840820312e+01
4.261219406127929688e+01
4.287236022949218750e+01
4.313299179077148438e+01
4.339408493041992188e+01
4.365565109252929688e+01
4.391767501831054688e+01
4.418015670776367188e+01
4.444308090209960938e+01
4.470646286010742188e+01
4.497028732299804688e+01
4.523453140258789062e+01
4.549919509887695312e+01
4.576425552368164062e+01
4.602972412109375000e+01
4.629558944702148438e+01
4.656187438964843750e+01
4.682854080200195312e+01
4.709557723999023438e+01
4.736298751831054688e+01
4.763074111938476562e+01
4.789884185791015625e+01
4.816728973388671875e+01
4.843606948852539062e+01
4.870519256591796875e+01
4.897464752197265625e+01
4.924441146850585938e+01
4.951450729370117188e+01
4.978491210937500000e+01
5.005561828613281250e+01
5.032663345336914062e+01
5.059793853759765625e+01
5.086952590942382812e+01
5.114138412475585938e+01
5.141350936889648438e+01
5.168588638305664062e+01
5.195850372314453125e+01
5.223136901855468750e+01
5.250448226928710938e+01
5.277783966064453125e+01
5.305141830444335938e+01
5.332522964477539062e+01
5.359923553466796875e+01
5.387345886230468750e+01
5.414788055419921875e+01
5.442250442504882812e+01
5.469732284545898438e+01
5.497233200073242188e+01
5.524752807617187500e+01
5.552291107177734375e+01
5.579845809936523438e+01
5.607418060302734375e+01
5.635006332397460938e+01
5.662610244750976562e+01
5.690229415893554688e+01
5.717863082885742188e+01
5.745511627197265625e+01
5.773173522949218750e+01
5.800852966308593750e+01
