4.656897735595703125e+01
4.670396041870117188e+01
4.683910369873046875e+01
4.697442245483398438e+01
4.710990524291992188e+01
4.724556350708007812e+01
4.738136672973632812e+01
4.751733779907226562e+01
4.765347290039062500e+01
4.778977203369140625e+01
4.792623138427734375e+01
4.806284713745117188e+01
4.819961929321289062e+01
4.833653640747070312e+01
4.847360610961914062e+01
4.861082458496093750e+01
4.874818038940429688e+01
4.888569259643554688e+01
4.902335357666015625e+01
4.916115570068359375e+01
4.929909133911132812e+01
4.943716049194335938e+01
4.957537078857421875e+01
4.971372222900390625e+01
4.985220336914062500e+01
4.999082565307617188e+01
5.012957382202148438e+01
5.026844787597656250e+01
5.040745925903320312e+01
5.054658889770507812e+01
5.068585586547851562e+01
5.082524871826171875e+01
5.096476745605468750e+01
5.110440444946289062e+01
5.124417877197265625e+01
5.138406372070312500e+01
5.152407455444335938e+01
5.166419982910156250e+01
5.180444335937500000e+01
5.194481277465820312e+01
5.208529281616210938e+01
5.222589492797851562e+01
5.236660385131835938e+01
5.250742340087890625e+01
5.264836502075195312e+01
5.278940963745117188e+01
5.293055725097656250e+01
5.307181930541992188e+01
5.321318054199218750e+01
5.335466384887695312e+01
5.349624252319335938e+01
5.363792419433593750e+01
5.377972412109375000e+01
5.392160797119140625e+01
5.406359481811523438e+01
5.420569229125976562e+01
5.434788513183593750e+01
5.449018096923828125e+01
5.463257217407226562e+01
5.477506637573242188e+01
5.491765594482421875e+01
5.506034088134765625e+01
5.520311355590820312e+01
5.534597778320312500e+01
5.548893737792968750e+01
5.563198471069335938e+01
5.577511978149414062e+01
5.591835021972656250e+01
5.606166839599609375e+01
5.620507049560546875e+01
5.634856414794921875e+01
5.649213790893554688e+01
5.663579940795898438e+01
5.677953720092773438e+01
5.692336273193359375e+01
5.706725692749023438e+01
5.721124267578125000e+01
5.735530471801757812e+01
5.749945068359375000e+01
5.764368820190429688e+01
5.778799057006835938e+01
5.793238449096679688e+01
5.807684707641601562e+01
5.822138977050781250e+01
5.836599349975585938e+01
5.851068878173828125e+01
5.865545272827148438e+01
5.880029296875000000e+01
5.894522094726562500e+01
5.909020996093750000e+01
5.923527145385742188e+01
5.938040161132812500e+01
5.952561950683593750e+01
5.967090225219726562e+01
5.981625747680664062e+01
5.996168136596679688e+01
6.010717391967773438e+01
6.025272750854492188e+01
6.039836120605468750e+01
6.054407119750976562e+01
