4.714219093322753906e+00
4.725095272064208984e+00
4.735999584197998047e+00
4.746932506561279297e+00
4.757892608642578125e+00
4.768883705139160156e+00
4.779901027679443359e+00
4.790946006774902344e+00
4.802020072937011719e+00
4.813123226165771484e+00
4.824254035949707031e+00
4.835413455963134766e+00
4.846600532531738281e+00
4.857815742492675781e+00
4.869058609008789062e+00
4.880328178405761719e+00
4.891623497009277344e+00
4.902945518493652344e+00
4.914294242858886719e+00
4.925670146942138672e+00
4.937075614929199219e+00
4.948508739471435547e+00
4.959967613220214844e+00
4.971455097198486328e+00
4.982968807220458984e+00
4.994510173797607422e+00
5.006077289581298828e+00
5.017673492431640625e+00
5.029294967651367188e+00
5.040943622589111328e+00
5.052618026733398438e+00
5.064317703247070312e+00
5.076045036315917969e+00
5.087800025939941406e+00
5.099582195281982422e+00
5.111392021179199219e+00
5.123227596282958984e+00
5.135087490081787109e+00
5.146975040435791016e+00
5.158887386322021484e+00
5.170825004577636719e+00
5.182788848876953125e+00
5.194775104522705078e+00
5.206787586212158203e+00
5.218827724456787109e+00
5.230893135070800781e+00
5.242985248565673828e+00
5.255102634429931641e+00
5.267247676849365234e+00
5.279416561126708984e+00
5.291612625122070312e+00
5.303833961486816406e+00
5.316080093383789062e+00
5.328350543975830078e+00
5.340645790100097656e+00
5.352965354919433594e+00
5.365311145782470703e+00
5.377680778503417969e+00
5.390073776245117188e+00
5.402493476867675781e+00
5.414938449859619141e+00
5.427409648895263672e+00
5.439906120300292969e+00
5.452427387237548828e+00
5.464974880218505859e+00
5.477547168731689453e+00
5.490146160125732422e+00
5.502768039703369141e+00
5.515415668487548828e+00
5.528088092803955078e+00
5.540782451629638672e+00
5.553502082824707031e+00
5.566246032714843750e+00
5.579016208648681641e+00
5.591809272766113281e+00
5.604627609252929688e+00
5.617470264434814453e+00
5.630338191986083984e+00
5.643228530883789062e+00
5.656142234802246094e+00
5.669079780578613281e+00
5.682037830352783203e+00
5.695020198822021484e+00
5.708025455474853516e+00
5.721054077148437500e+00
5.734107017517089844e+00
5.747181415557861328e+00
5.760279178619384766e+00
5.773401260375976562e+00
5.786545753479003906e+00
5.799714088439941406e+00
5.812904834747314453e+00
5.826119422912597656e+00
5.839356899261474609e+00
5.852616310119628906e+00
5.865898609161376953e+00
5.879203796386718750e+00
5.892531394958496094e+00
5.905879974365234375e+00
5.919250488281250000e+00
