3.314249038696289062e+01
3.336874389648437500e+01
3.359547805786132812e+01
3.382268524169921875e+01
3.405035018920898438e+01
3.427846527099609375e+01
3.450702667236328125e+01
3.473604202270507812e+01
3.496548843383789062e+01
3.519540405273437500e+01
3.542576217651367188e+01
3.565654754638671875e+01
3.588774871826171875e+01
3.611937332153320312e+01
3.635140228271484375e+01
3.658383178710937500e+01
3.681665802001953125e+01
3.704986190795898438e+01
3.728345108032226562e+01
3.751741790771484375e+01
3.775174713134765625e+01
3.798642349243164062e+01
3.822147750854492188e+01
3.845690536499023438e+01
3.869269943237304688e+01
3.892883300781250000e+01
3.916532135009765625e+01
3.940215301513671875e+01
3.963933181762695312e+01
3.987685394287109375e+01
4.011469650268554688e+01
4.035289001464843750e+01
4.059141540527343750e+01
4.083025360107421875e+01
4.106940841674804688e+01
4.130888748168945312e+01
4.154867172241210938e+01
4.178877258300781250e+01
4.202919769287109375e+01
4.226992797851562500e+01
4.251095962524414062e+01
4.275228881835937500e+01
4.299392700195312500e+01
4.323587799072265625e+01
4.347811889648437500e+01
4.372066116333007812e+01
4.396351242065429688e+01
4.420666503906250000e+01
4.445011138916015625e+01
4.469384765625000000e+01
4.493787384033203125e+01
4.518218612670898438e+01
4.542678451538085938e+01
4.567166900634765625e+01
4.591683578491210938e+01
4.616226959228515625e+01
4.640797805786132812e+01
4.665395355224609375e+01
4.690020370483398438e+01
4.714673995971679688e+01
4.739354324340820312e+01
4.764062118530273438e+01
4.788794326782226562e+01
4.813553237915039062e+01
4.838338088989257812e+01
4.863150405883789062e+01
4.887988281250000000e+01
4.912849807739257812e+01
4.937737655639648438e+01
4.962649917602539062e+01
4.987586593627929688e+01
5.012548065185546875e+01
5.037533569335937500e+01
5.062541580200195312e+01
5.087573242187500000e+01
5.112628555297851562e+01
5.137708282470703125e+01
5.162811279296875000e+01
5.187937164306640625e+01
5.213087844848632812e+01
5.238261413574218750e+01
5.263456726074218750e+01
5.288674163818359375e+01
5.313913726806640625e+01
5.339173507690429688e+01
5.364455032348632812e+01
5.389755630493164062e+01
5.415078353881835938e+01
5.440422058105468750e+01
5.465785598754882812e+01
5.491168594360351562e+01
5.516572189331054688e+01
5.541995620727539062e+01
5.567438507080078125e+01
5.592901992797851562e+01
5.618382644653320312e+01
5.643882751464843750e+01
5.669400787353515625e+01
5.694937515258789062e+01
5.720492553710937500e+01
