4.778458023071289062e+01
4.795036697387695312e+01
4.811644363403320312e+01
4.828280258178710938e+01
4.844945526123046875e+01
4.861640167236328125e+01
4.878362655639648438e+01
4.895114898681640625e+01
4.911894607543945312e+01
4.928703308105468750e+01
4.945540237426757812e+01
4.962407684326171875e+01
4.979302597045898438e+01
4.996226501464843750e+01
5.013179397583007812e+01
5.030160140991210938e+01
5.047168350219726562e+01
5.064205932617187500e+01
5.081269454956054688e+01
5.098359298706054688e+01
5.115475845336914062e+01
5.132618713378906250e+01
5.149790191650390625e+01
5.166987609863281250e+01
5.184211349487304688e+01
5.201461029052734375e+01
5.218737411499023438e+01
5.236039733886718750e+01
5.253367614746093750e+01
5.270722198486328125e+01
5.288101959228515625e+01
5.305506515502929688e+01
5.322936630249023438e+01
5.340391921997070312e+01
5.357873535156250000e+01
5.375379562377929688e+01
5.392910766601562500e+01
5.410465240478515625e+01
5.428045272827148438e+01
5.445648193359375000e+01
5.463275527954101562e+01
5.480925750732421875e+01
5.498598098754882812e+01
5.516292190551757812e+01
5.534010314941406250e+01
5.551753234863281250e+01
5.569518280029296875e+01
5.587306594848632812e+01
5.605117034912109375e+01
5.622949218750000000e+01
5.640802383422851562e+01
5.658678054809570312e+01
5.676574707031250000e+01
5.694492721557617188e+01
5.712430572509765625e+01
5.730389022827148438e+01
5.748366928100585938e+01
5.766365432739257812e+01
5.784383392333984375e+01
5.802421569824218750e+01
5.820479202270507812e+01
5.838554000854492188e+01
5.856647109985351562e+01
5.874759674072265625e+01
5.892890167236328125e+01
5.911039733886718750e+01
5.929206085205078125e+01
5.947390365600585938e+01
5.965591812133789062e+01
5.983809661865234375e+01
6.002045059204101562e+01
6.020296478271484375e+01
6.038564682006835938e+01
6.056849288940429688e+01
6.075149917602539062e+01
6.093466567993164062e+01
6.111799240112304688e+01
6.130149459838867188e+01
6.148513793945312500e+01
6.166895675659179688e+01
6.185291671752929688e+01
6.203702926635742188e+01
6.222128295898437500e+01
6.240568161010742188e+01
6.259024429321289062e+01
6.277493667602539062e+01
6.295979309082031250e+01
6.314477920532226562e+01
6.332991027832031250e+01
6.351517868041992188e+01
6.370058441162109375e+01
6.388611221313476562e+01
6.407177734375000000e+01
6.425758361816406250e+01
6.444349670410156250e+01
6.462955474853515625e+01
6.481572723388671875e+01
6.500202178955078125e+01
6.518843841552734375e+01
6.537496948242187500e+01
