3.664809036254882812e+01
3.689624404907226562e+01
3.714450073242187500e+01
3.739286804199218750e+01
3.764134597778320312e+01
3.788993835449218750e+01
3.813863754272460938e+01
3.838745117187500000e+01
3.863637161254882812e+01
3.888540649414062500e+01
3.913455581665039062e+01
3.938380432128906250e+01
3.963317108154296875e+01
3.988264465332031250e+01
4.013224411010742188e+01
4.038195037841796875e+01
4.063178634643554688e+01
4.088172912597656250e+01
4.113178634643554688e+01
4.138197326660156250e+01
4.163227081298828125e+01
4.188270187377929688e+01
4.213325881958007812e+01
4.238393783569335938e+01
4.263474655151367188e+01
4.288569259643554688e+01
4.313676071166992188e+01
4.338795089721679688e+01
4.363927078247070312e+01
4.389072036743164062e+01
4.414229583740234375e+01
4.439399337768554688e+01
4.464582824707031250e+01
4.489780807495117188e+01
4.514992523193359375e+01
4.540217208862304688e+01
4.565456008911132812e+01
4.590707015991210938e+01
4.615972518920898438e+01
4.641252136230468750e+01
4.666545867919921875e+01
4.691852569580078125e+01
4.717173767089843750e+01
4.742508697509765625e+01
4.767859649658203125e+01
4.793225860595703125e+01
4.818605422973632812e+01
4.843999481201171875e+01
4.869409561157226562e+01
4.894834899902343750e+01
4.920275878906250000e+01
4.945732116699218750e+01
4.971203994750976562e+01
4.996692276000976562e+01
5.022197341918945312e+01
5.047718429565429688e+01
5.073255920410156250e+01
5.098810577392578125e+01
5.124382400512695312e+01
5.149971008300781250e+01
5.175577545166015625e+01
5.201202011108398438e+01
5.226843261718750000e+01
5.252501296997070312e+01
5.278176879882812500e+01
5.303868484497070312e+01
5.329578399658203125e+01
5.355305480957031250e+01
5.381050872802734375e+01
5.406814193725585938e+01
5.432596588134765625e+01
5.458397674560546875e+01
5.484218597412109375e+01
5.510057449340820312e+01
5.535916519165039062e+01
5.561795043945312500e+01
5.587693023681640625e+01
5.613610839843750000e+01
5.639546966552734375e+01
5.665501403808593750e+01
5.691473770141601562e+01
5.717465591430664062e+01
5.743474960327148438e+01
5.769502639770507812e+01
5.795548248291015625e+01
5.821611785888671875e+01
5.847693634033203125e+01
5.873795700073242188e+01
5.899915313720703125e+01
5.926053619384765625e+01
5.952209091186523438e+01
5.978382492065429688e+01
6.004573440551757812e+01
6.030781173706054688e+01
6.057006072998046875e+01
6.083247375488281250e+01
6.109505462646484375e+01
6.135779953002929688e+01
6.162069320678710938e+01
6.188375091552734375e+01
