3.991813659667968750e+01
4.008452606201171875e+01
4.025122451782226562e+01
4.041823959350585938e+01
4.058556365966796875e+01
4.075318145751953125e+01
4.092108154296875000e+01
4.108926391601562500e+01
4.125772857666015625e+01
4.142647171020507812e+01
4.159549331665039062e+01
4.176478195190429688e+01
4.193434906005859375e+01
4.210417938232421875e+01
4.227426910400390625e+01
4.244459915161132812e+01
4.261519622802734375e+01
4.278603363037109375e+01
4.295712661743164062e+01
4.312844848632812500e+01
4.330001068115234375e+01
4.347179794311523438e+01
4.364381027221679688e+01
4.381602478027343750e+01
4.398847198486328125e+01
4.416114425659179688e+01
4.433403778076171875e+01
4.450715637207031250e+01
4.468050003051757812e+01
4.485404205322265625e+01
4.502779006958007812e+01
4.520172500610351562e+01
4.537586975097656250e+01
4.555019760131835938e+01
4.572473144531250000e+01
4.589945983886718750e+01
4.607438278198242188e+01
4.624948501586914062e+01
4.642476654052734375e+01
4.660023498535156250e+01
4.677587509155273438e+01
4.695167541503906250e+01
4.712766647338867188e+01
4.730381774902343750e+01
4.748014068603515625e+01
4.765662384033203125e+01
4.783329010009765625e+01
4.801012039184570312e+01
4.818710327148437500e+01
4.836425781250000000e+01
4.854156112670898438e+01
4.871903610229492188e+01
4.889665985107421875e+01
4.907443618774414062e+01
4.925237655639648438e+01
4.943045043945312500e+01
4.960868835449218750e+01
4.978707122802734375e+01
4.996560668945312500e+01
5.014429092407226562e+01
5.032311630249023438e+01
5.050209808349609375e+01
5.068122482299804688e+01
5.086049652099609375e+01
5.103990936279296875e+01
5.121946716308593750e+01
5.139915466308593750e+01
5.157898712158203125e+01
5.175895309448242188e+01
5.193906402587890625e+01
5.211930847167968750e+01
5.229968261718750000e+01
5.248019409179687500e+01
5.266083145141601562e+01
5.284159469604492188e+01
5.302248764038085938e+01
5.320350646972656250e+01
5.338465118408203125e+01
5.356591415405273438e+01
5.374731063842773438e+01
5.392882156372070312e+01
5.411046218872070312e+01
5.429221343994140625e+01
5.447408676147460938e+01
5.465607452392578125e+01
5.483819580078125000e+01
5.502043533325195312e+01
5.520280456542968750e+01
5.538529205322265625e+01
5.556789016723632812e+01
5.575061035156250000e+01
5.593345260620117188e+01
5.611640930175781250e+01
5.629948425292968750e+01
5.648266983032226562e+01
5.666597747802734375e+01
5.684938049316406250e+01
5.703289794921875000e+01
5.721653747558593750e+01
5.740028381347656250e+01
