3.452815628051757812e+01
3.477376937866210938e+01
3.501965713500976562e+01
3.526583099365234375e+01
3.551226425170898438e+01
3.575895690917968750e+01
3.600592422485351562e+01
3.625314712524414062e+01
3.650062179565429688e+01
3.674836730957031250e+01
3.699636077880859375e+01
3.724459838867187500e+01
3.749305725097656250e+01
3.774174880981445312e+01
3.799067306518554688e+01
3.823982620239257812e+01
3.848920440673828125e+01
3.873880386352539062e+01
3.898861694335937500e+01
3.923864746093750000e+01
3.948887252807617188e+01
3.973930740356445312e+01
3.998995208740234375e+01
4.024078369140625000e+01
4.049181365966796875e+01
4.074301910400390625e+01
4.099443054199218750e+01
4.124602508544921875e+01
4.149779510498046875e+01
4.174974441528320312e+01
4.200185394287109375e+01
4.225412368774414062e+01
4.250658035278320312e+01
4.275920104980468750e+01
4.301199340820312500e+01
4.326495742797851562e+01
4.351808166503906250e+01
4.377136993408203125e+01
4.402480316162109375e+01
4.427838897705078125e+01
4.453213119506835938e+01
4.478601074218750000e+01
4.504004669189453125e+01
4.529421615600585938e+01
4.554853439331054688e+01
4.580299377441406250e+01
4.605759048461914062e+01
4.631232452392578125e+01
4.656719970703125000e+01
4.682220077514648438e+01
4.707733154296875000e+01
4.733259201049804688e+01
4.758798599243164062e+01
4.784349441528320312e+01
4.809912490844726562e+01
4.835487365722656250e+01
4.861074066162109375e+01
4.886672592163085938e+01
4.912282943725585938e+01
4.937903976440429688e+01
4.963536453247070312e+01
4.989179611206054688e+01
5.014834213256835938e+01
5.040498733520507812e+01
5.066174697875976562e+01
5.091861724853515625e+01
5.117558670043945312e+01
5.143265151977539062e+01
5.168981933593750000e+01
5.194707870483398438e+01
5.220444107055664062e+01
5.246189498901367188e+01
5.271943664550781250e+01
5.297708129882812500e+01
5.323480987548828125e+01
5.349263000488281250e+01
5.375052261352539062e+01
5.400851058959960938e+01
5.426658248901367188e+01
5.452473831176757812e+01
5.478297042846679688e+01
5.504129028320312500e+01
5.529968261718750000e+01
5.555814743041992188e+01
5.581669235229492188e+01
5.607530593872070312e+01
5.633398818969726562e+01
5.659275436401367188e+01
5.685158157348632812e+01
5.711047744750976562e+01
5.736944961547851562e+01
5.762848663330078125e+01
5.788758850097656250e+01
5.814675521850585938e+01
5.840597152709960938e+01
5.866525650024414062e+01
5.892460250854492188e+01
5.918401336669921875e+01
5.944348526000976562e+01
5.970301437377929688e+01
