5.274817276000976562e+01
5.285214233398437500e+01
5.295635986328125000e+01
5.306083297729492188e+01
5.316555404663085938e+01
5.327053070068359375e+01
5.337575531005859375e+01
5.348122406005859375e+01
5.358695220947265625e+01
5.369291687011718750e+01
5.379912567138671875e+01
5.390557479858398438e+01
5.401227188110351562e+01
5.411919021606445312e+01
5.422634887695312500e+01
5.433372497558593750e+01
5.444130706787109375e+01
5.454909896850585938e+01
5.465709686279296875e+01
5.476528930664062500e+01
5.487368011474609375e+01
5.498228454589843750e+01
5.509109497070312500e+01
5.520009613037109375e+01
5.530929183959960938e+01
5.541868591308593750e+01
5.552826309204101562e+01
5.563803482055664062e+01
5.574799346923828125e+01
5.585813903808593750e+01
5.596846771240234375e+01
5.607898712158203125e+01
5.618968582153320312e+01
5.630056762695312500e+01
5.641162490844726562e+01
5.652286911010742188e+01
5.663426971435546875e+01
5.674584197998046875e+01
5.685757064819335938e+01
5.696946334838867188e+01
5.708150482177734375e+01
5.719370651245117188e+01
5.730606079101562500e+01
5.741857528686523438e+01
5.753124237060546875e+01
5.764406204223632812e+01
5.775702667236328125e+01
5.787014007568359375e+01
5.798339462280273438e+01
5.809679794311523438e+01
5.821033859252929688e+01
5.832402801513671875e+01
5.843784713745117188e+01
5.855180740356445312e+01
5.866590118408203125e+01
5.878012466430664062e+01
5.889447784423828125e+01
5.900896453857421875e+01
5.912356948852539062e+01
5.923831176757812500e+01
5.935317230224609375e+01
5.946816635131835938e+01
5.958329010009765625e+01
5.969853591918945312e+01
5.981390380859375000e+01
5.992937469482421875e+01
6.004496383666992188e+01
6.016067886352539062e+01
6.027651214599609375e+01
6.039247131347656250e+01
6.050854110717773438e+01
6.062471008300781250e+01
6.074100112915039062e+01
6.085740280151367188e+01
6.097391128540039062e+01
6.109052658081054688e+01
6.120724868774414062e+01
6.132407760620117188e+01
6.144099426269531250e+01
6.155801391601562500e+01
6.167514038085937500e+01
6.179235458374023438e+01
6.190967178344726562e+01
6.202709197998046875e+01
6.214461135864257812e+01
6.226222229003906250e+01
6.237994384765625000e+01
6.249774169921875000e+01
6.261563110351562500e+01
6.273361206054687500e+01
6.285168838500976562e+01
6.296986007690429688e+01
6.308811187744140625e+01
6.320645904541015625e+01
6.332489013671875000e+01
6.344339752197265625e+01
6.356200027465820312e+01
6.368068695068359375e+01
6.379946517944335938e+01
6.391831970214843750e+01
