3.031676673889160156e+01
3.060213279724121094e+01
3.088759994506835938e+01
3.117317962646484375e+01
3.145887184143066406e+01
3.174467277526855469e+01
3.203057479858398438e+01
3.231658935546875000e+01
3.260271072387695312e+01
3.288892745971679688e+01
3.317523956298828125e+01
3.346165466308593750e+01
3.374816131591796875e+01
3.403477096557617188e+01
3.432147979736328125e+01
3.460829162597656250e+01
3.489519882202148438e+01
3.518221664428710938e+01
3.546933746337890625e+01
3.575656127929687500e+01
3.604388427734375000e+01
3.633131408691406250e+01
3.661883926391601562e+01
3.690647125244140625e+01
3.719420242309570312e+01
3.748203659057617188e+01
3.776997756958007812e+01
3.805802154541015625e+01
3.834617996215820312e+01
3.863443756103515625e+01
3.892280578613281250e+01
3.921128463745117188e+01
3.949987030029296875e+01
3.978856277465820312e+01
4.007737731933593750e+01
4.036630630493164062e+01
4.065534210205078125e+01
4.094449234008789062e+01
4.123374938964843750e+01
4.152311325073242188e+01
4.181259536743164062e+01
4.210216903686523438e+01
4.239186096191406250e+01
4.268166732788085938e+01
4.297157669067382812e+01
4.326160049438476562e+01
4.355173492431640625e+01
4.384197998046875000e+01
4.413233947753906250e+01
4.442280578613281250e+01
4.471336746215820312e+01
4.500404357910156250e+01
4.529482650756835938e+01
4.558571624755859375e+01
4.587671279907226562e+01
4.616782760620117188e+01
4.645904541015625000e+01
4.675037765502929688e+01
4.704181289672851562e+01
4.733333206176757812e+01
4.762496566772460938e+01
4.791668319702148438e+01
4.820850372314453125e+01
4.850040817260742188e+01
4.879241561889648438e+01
4.908451461791992188e+01
4.937670135498046875e+01
4.966897964477539062e+01
4.996134185791015625e+01
5.025379562377929688e+01
5.054633712768554688e+01
5.083895111083984375e+01
5.113164901733398438e+01
5.142443084716796875e+01
5.171728134155273438e+01
5.201021194458007812e+01
5.230322647094726562e+01
5.259632110595703125e+01
5.288948822021484375e+01
5.318273925781250000e+01
5.347605514526367188e+01
5.376944732666015625e+01
5.406290435791015625e+01
5.435643768310546875e+01
5.465002822875976562e+01
5.494369506835937500e+01
5.523741531372070312e+01
5.553120040893554688e+01
5.582505035400390625e+01
5.611895370483398438e+01
5.641292190551757812e+01
5.670694351196289062e+01
5.700102615356445312e+01
5.729515457153320312e+01
5.758934020996093750e+01
5.788357543945312500e+01
5.817786788940429688e+01
5.847219467163085938e+01
5.876658248901367188e+01
5.906101989746093750e+01
