2.199802017211914062e+01
2.212421607971191406e+01
2.225088500976562500e+01
2.237801170349121094e+01
2.250561714172363281e+01
2.263369369506835938e+01
2.276224899291992188e+01
2.289125633239746094e+01
2.302074050903320312e+01
2.315067291259765625e+01
2.328104591369628906e+01
2.341186523437500000e+01
2.354313468933105469e+01
2.367484283447265625e+01
2.380698013305664062e+01
2.393955993652343750e+01
2.407259178161621094e+01
2.420607376098632812e+01
2.433997726440429688e+01
2.447431755065917969e+01
2.460906982421875000e+01
2.474425125122070312e+01
2.487986373901367188e+01
2.501590538024902344e+01
2.515237808227539062e+01
2.528927993774414062e+01
2.542660522460937500e+01
2.556435012817382812e+01
2.570251846313476562e+01
2.584110832214355469e+01
2.598009872436523438e+01
2.611949920654296875e+01
2.625931167602539062e+01
2.639954185485839844e+01
2.654017448425292969e+01
2.668120002746582031e+01
2.682260131835937500e+01
2.696438026428222656e+01
2.710654258728027344e+01
2.724907684326171875e+01
2.739197349548339844e+01
2.753523445129394531e+01
2.767885208129882812e+01
2.782281303405761719e+01
2.796710586547851562e+01
2.811174392700195312e+01
2.825670242309570312e+01
2.840200424194335938e+01
2.854763603210449219e+01
2.869358444213867188e+01
2.883984375000000000e+01
2.898639678955078125e+01
2.913324737548828125e+01
2.928040313720703125e+01
2.942785072326660156e+01
2.957559776306152344e+01
2.972361183166503906e+01
2.987189865112304688e+01
3.002045059204101562e+01
3.016925048828125000e+01
3.031830978393554688e+01
3.046761512756347656e+01
3.061715888977050781e+01
3.076692962646484375e+01
3.091694450378417969e+01
3.106717300415039062e+01
3.121763229370117188e+01
3.136830902099609375e+01
3.151920127868652344e+01
3.167030143737792969e+01
3.182160758972167969e+01
3.197310066223144531e+01
3.212479400634765625e+01
3.227667999267578125e+01
3.242876052856445312e+01
3.258103179931640625e+01
3.273346710205078125e+01
3.288608169555664062e+01
3.303887939453125000e+01
3.319184494018554688e+01
3.334496688842773438e+01
3.349822998046875000e+01
3.365165328979492188e+01
3.380523681640625000e+01
3.395896148681640625e+01
3.411283493041992188e+01
3.426684570312500000e+01
3.442098999023437500e+01
3.457526397705078125e+01
3.472966766357421875e+01
3.488420867919921875e+01
3.503886413574218750e+01
3.519364547729492188e+01
3.534854888916015625e+01
3.550357055664062500e+01
3.565871047973632812e+01
3.581395721435546875e+01
3.596931457519531250e+01
3.612478637695312500e+01
3.628036499023437500e+01
