3.764021301269531250e+01
3.786081314086914062e+01
3.808175277709960938e+01
3.830300903320312500e+01
3.852458572387695312e+01
3.874647903442382812e+01
3.896868896484375000e+01
3.919118499755859375e+01
3.941399383544921875e+01
3.963709259033203125e+01
3.986047363281250000e+01
4.008413314819335938e+01
4.030806732177734375e+01
4.053227996826171875e+01
4.075677871704101562e+01
4.098154067993164062e+01
4.120656204223632812e+01
4.143183898925781250e+01
4.165736770629882812e+01
4.188315582275390625e+01
4.210918426513671875e+01
4.233545303344726562e+01
4.256197357177734375e+01
4.278873443603515625e+01
4.301573181152343750e+01
4.324296569824218750e+01
4.347042465209960938e+01
4.369811630249023438e+01
4.392603683471679688e+01
4.415418243408203125e+01
4.438253021240234375e+01
4.461110305786132812e+01
4.483989334106445312e+01
4.506890106201171875e+01
4.529812622070312500e+01
4.552755737304687500e+01
4.575718688964843750e+01
4.598702239990234375e+01
4.621706771850585938e+01
4.644730377197265625e+01
4.667774200439453125e+01
4.690835952758789062e+01
4.713916397094726562e+01
4.737015533447265625e+01
4.760133361816406250e+01
4.783269500732421875e+01
4.806422805786132812e+01
4.829594802856445312e+01
4.852784729003906250e+01
4.875992965698242188e+01
4.899218750000000000e+01
4.922461318969726562e+01
4.945722579956054688e+01
4.968999862670898438e+01
4.992294311523437500e+01
5.015605926513671875e+01
5.038933563232421875e+01
5.062277603149414062e+01
5.085637664794921875e+01
5.109013748168945312e+01
5.132406997680664062e+01
5.155814743041992188e+01
5.179240036010742188e+01
5.202679824829101562e+01
5.226135253906250000e+01
5.249606704711914062e+01
5.273092651367187500e+01
5.296593856811523438e+01
5.320109558105468750e+01
5.343639755249023438e+01
5.367185592651367188e+01
5.390745162963867188e+01
5.414319992065429688e+01
5.437908935546875000e+01
5.461512374877929688e+01
5.485129928588867188e+01
5.508762359619140625e+01
5.532408142089843750e+01
5.556068038940429688e+01
5.579741668701171875e+01
5.603428268432617188e+01
5.627128219604492188e+01
5.650842285156250000e+01
5.674568939208984375e+01
5.698308944702148438e+01
5.722062683105468750e+01
5.745829391479492188e+01
5.769610595703125000e+01
5.793403625488281250e+01
5.817210769653320312e+01
5.841029739379882812e+01
5.864861679077148438e+01
5.888705444335937500e+01
5.912561035156250000e+01
5.936431121826171875e+01
5.960311889648437500e+01
5.984205627441406250e+01
6.008110427856445312e+01
6.032027816772460938e+01
6.055958175659179688e+01
