4.312073898315429688e+01
4.329142761230468750e+01
4.346239089965820312e+01
4.363363647460937500e+01
4.380515289306640625e+01
4.397695541381835938e+01
4.414903259277343750e+01
4.432136535644531250e+01
4.449396514892578125e+01
4.466683578491210938e+01
4.483997726440429688e+01
4.501340103149414062e+01
4.518710327148437500e+01
4.536107254028320312e+01
4.553530120849609375e+01
4.570979690551757812e+01
4.588454437255859375e+01
4.605955123901367188e+01
4.623481750488281250e+01
4.641035079956054688e+01
4.658615112304687500e+01
4.676220703125000000e+01
4.693852615356445312e+01
4.711510086059570312e+01
4.729194259643554688e+01
4.746903991699218750e+01
4.764638900756835938e+01
4.782399368286132812e+01
4.800184249877929688e+01
4.817993927001953125e+01
4.835828399658203125e+01
4.853688430786132812e+01
4.871572494506835938e+01
4.889479827880859375e+01
4.907412338256835938e+01
4.925368881225585938e+01
4.943349075317382812e+01
4.961353302001953125e+01
4.979381561279296875e+01
4.997434234619140625e+01
5.015510940551757812e+01
5.033610916137695312e+01
5.051734924316406250e+01
5.069882965087890625e+01
5.088054656982421875e+01
5.106249618530273438e+01
5.124467849731445312e+01
5.142709732055664062e+01
5.160974502563476562e+01
5.179263305664062500e+01
5.197576522827148438e+01
5.215910720825195312e+01
5.234267425537109375e+01
5.252645874023437500e+01
5.271045303344726562e+01
5.289467620849609375e+01
5.307912445068359375e+01
5.326380538940429688e+01
5.344869613647460938e+01
5.363380432128906250e+01
5.381913757324218750e+01
5.400468063354492188e+01
5.419041824340820312e+01
5.437636947631835938e+01
5.456252670288085938e+01
5.474888992309570312e+01
5.493546295166015625e+01
5.512223434448242188e+01
5.530922317504882812e+01
5.549641799926757812e+01
5.568381118774414062e+01
5.587141799926757812e+01
5.605920028686523438e+01
5.624718475341796875e+01
5.643536376953125000e+01
5.662372207641601562e+01
5.681227874755859375e+01
5.700101089477539062e+01
5.718991851806640625e+01
5.737903213500976562e+01
5.756832122802734375e+01
5.775779342651367188e+01
5.794745254516601562e+01
5.813727951049804688e+01
5.832728576660156250e+01
5.851747131347656250e+01
5.870782089233398438e+01
5.889834213256835938e+01
5.908905029296875000e+01
5.927991485595703125e+01
5.947097396850585938e+01
5.966219329833984375e+01
5.985359191894531250e+01
6.004514694213867188e+01
6.023686981201171875e+01
6.042874908447265625e+01
6.062080001831054688e+01
6.081300735473632812e+01
6.100537490844726562e+01
6.119790267944335938e+01
