3.553866195678710938e+01
3.580562973022460938e+01
3.607279205322265625e+01
3.634013748168945312e+01
3.660765838623046875e+01
3.687536239624023438e+01
3.714323043823242188e+01
3.741126251220703125e+01
3.767945861816406250e+01
3.794781112670898438e+01
3.821631622314453125e+01
3.848497009277343750e+01
3.875377655029296875e+01
3.902273178100585938e+01
3.929182815551757812e+01
3.956106185913085938e+01
3.983042526245117188e+01
4.009992218017578125e+01
4.036954879760742188e+01
4.063929367065429688e+01
4.090917587280273438e+01
4.117918395996093750e+01
4.144931411743164062e+01
4.171955490112304688e+01
4.198991775512695312e+01
4.226037597656250000e+01
4.253093719482421875e+01
4.280161285400390625e+01
4.307239151000976562e+01
4.334327697753906250e+01
4.361426544189453125e+01
4.388535308837890625e+01
4.415653991699218750e+01
4.442781066894531250e+01
4.469918823242187500e+01
4.497065353393554688e+01
4.524219894409179688e+01
4.551382827758789062e+01
4.578554153442382812e+01
4.605734634399414062e+01
4.632922744750976562e+01
4.660119628906250000e+01
4.687324142456054688e+01
4.714536285400390625e+01
4.741756439208984375e+01
4.768983840942382812e+01
4.796218109130859375e+01
4.823458862304687500e+01
4.850707244873046875e+01
4.877962493896484375e+01
4.905223846435546875e+01
4.932493591308593750e+01
4.959769058227539062e+01
4.987051010131835938e+01
5.014339828491210938e+01
5.041633987426757812e+01
5.068934249877929688e+01
5.096240997314453125e+01
5.123553466796875000e+01
5.150871658325195312e+01
5.178195953369140625e+01
5.205524826049804688e+01
5.232860946655273438e+01
5.260201263427734375e+01
5.287547302246093750e+01
5.314898681640625000e+01
5.342255020141601562e+01
5.369616699218750000e+01
5.396983337402343750e+01
5.424354171752929688e+01
5.451730728149414062e+01
5.479111862182617188e+01
5.506497955322265625e+01
5.533887863159179688e+01
5.561282730102539062e+01
5.588681793212890625e+01
5.616085433959960938e+01
5.643494415283203125e+01
5.670906448364257812e+01
5.698324203491210938e+01
5.725745773315429688e+01
5.753171920776367188e+01
5.780602264404296875e+01
5.808037567138671875e+01
5.835476303100585938e+01
5.862918853759765625e+01
5.890366744995117188e+01
5.917817306518554688e+01
5.945272827148437500e+01
5.972731399536132812e+01
6.000194549560546875e+01
6.027661132812500000e+01
6.055131149291992188e+01
6.082604980468750000e+01
6.110082626342773438e+01
6.137564468383789062e+01
6.165050506591796875e+01
6.192538833618164062e+01
6.220032119750976562e+01
6.247528457641601562e+01
