4.014746093750000000e+01
4.025944137573242188e+01
4.037155914306640625e+01
4.048381423950195312e+01
4.059620285034179688e+01
4.070871353149414062e+01
4.082135391235351562e+01
4.093412399291992188e+01
4.104702758789062500e+01
4.116006088256835938e+01
4.127321243286132812e+01
4.138649749755859375e+01
4.149990463256835938e+01
4.161341476440429688e+01
4.172704696655273438e+01
4.184080123901367188e+01
4.195466232299804688e+01
4.206863021850585938e+01
4.218270874023437500e+01
4.229687881469726562e+01
4.241116333007812500e+01
4.252555465698242188e+01
4.264004898071289062e+01
4.275463104248046875e+01
4.286931228637695312e+01
4.298409652709960938e+01
4.309897613525390625e+01
4.321395111083984375e+01
4.332902908325195312e+01
4.344420242309570312e+01
4.355946350097656250e+01
4.367481613159179688e+01
4.379026031494140625e+01
4.390578842163085938e+01
4.402140808105468750e+01
4.413710784912109375e+01
4.425289154052734375e+01
4.436875152587890625e+01
4.448469543457031250e+01
4.460071945190429688e+01
4.471681213378906250e+01
4.483298492431640625e+01
4.494923782348632812e+01
4.506556320190429688e+01
4.518195724487304688e+01
4.529843139648437500e+01
4.541497421264648438e+01
4.553159713745117188e+01
4.564829635620117188e+01
4.576506423950195312e+01
4.588190078735351562e+01
4.599880981445312500e+01
4.611579513549804688e+01
4.623284530639648438e+01
4.634996795654296875e+01
4.646715927124023438e+01
4.658441925048828125e+01
4.670174407958984375e+01
4.681913757324218750e+01
4.693659591674804688e+01
4.705413055419921875e+01
4.717172622680664062e+01
4.728939056396484375e+01
4.740712356567382812e+01
4.752492523193359375e+01
4.764278411865234375e+01
4.776070785522460938e+01
4.787868881225585938e+01
4.799673080444335938e+01
4.811483383178710938e+01
4.823300170898437500e+01
4.835122299194335938e+01
4.846950149536132812e+01
4.858784484863281250e+01
4.870624160766601562e+01
4.882470703125000000e+01
4.894323730468750000e+01
4.906181335449218750e+01
4.918045043945312500e+01
4.929915618896484375e+01
4.941791152954101562e+01
4.953673553466796875e+01
4.965561294555664062e+01
4.977453994750976562e+01
4.989352798461914062e+01
5.001257324218750000e+01
5.013166427612304688e+01
5.025082015991210938e+01
5.037002944946289062e+01
5.048929214477539062e+01
5.060861968994140625e+01
5.072799682617187500e+01
5.084742355346679688e+01
5.096691131591796875e+01
5.108645629882812500e+01
5.120604324340820312e+01
5.132570266723632812e+01
5.144540786743164062e+01
5.156515884399414062e+01
5.168496704101562500e+01
