4.266085433959960938e+01
4.280392456054687500e+01
4.294740676879882812e+01
4.309129333496093750e+01
4.323558425903320312e+01
4.338029098510742188e+01
4.352539825439453125e+01
4.367091369628906250e+01
4.381680679321289062e+01
4.396310806274414062e+01
4.410980987548828125e+01
4.425690078735351562e+01
4.440437698364257812e+01
4.455223846435546875e+01
4.470046234130859375e+01
4.484906768798828125e+01
4.499804306030273438e+01
4.514738845825195312e+01
4.529708862304687500e+01
4.544715118408203125e+01
4.559757614135742188e+01
4.574835586547851562e+01
4.589949035644531250e+01
4.605098724365234375e+01
4.620283126831054688e+01
4.635501480102539062e+01
4.650754547119140625e+01
4.666042327880859375e+01
4.681364822387695312e+01
4.696720504760742188e+01
4.712108993530273438e+01
4.727528762817382812e+01
4.742982101440429688e+01
4.758465194702148438e+01
4.773980331420898438e+01
4.789527511596679688e+01
4.805105209350585938e+01
4.820714569091796875e+01
4.836354827880859375e+01
4.852025604248046875e+01
4.867726898193359375e+01
4.883457565307617188e+01
4.899219894409179688e+01
4.915012359619140625e+01
4.930833053588867188e+01
4.946681976318359375e+01
4.962559890747070312e+01
4.978467178344726562e+01
4.994401931762695312e+01
5.010366439819335938e+01
5.026358795166015625e+01
5.042378997802734375e+01
5.058426284790039062e+01
5.074502944946289062e+01
5.090605545043945312e+01
5.106736755371093750e+01
5.122895431518554688e+01
5.139079666137695312e+01
5.155289459228515625e+01
5.171526336669921875e+01
5.187790679931640625e+01
5.204080200195312500e+01
5.220395278930664062e+01
5.236736297607421875e+01
5.253102111816406250e+01
5.269491195678710938e+01
5.285905456542968750e+01
5.302344894409179688e+01
5.318808364868164062e+01
5.335296249389648438e+01
5.351805877685546875e+01
5.368339920043945312e+01
5.384897232055664062e+01
5.401478576660156250e+01
5.418080902099609375e+01
5.434706878662109375e+01
5.451354980468750000e+01
5.468025207519531250e+01
5.484717178344726562e+01
5.501432418823242188e+01
5.518168640136718750e+01
5.534927749633789062e+01
5.551707839965820312e+01
5.568508911132812500e+01
5.585332489013671875e+01
5.602178192138671875e+01
5.619044113159179688e+01
5.635931777954101562e+01
5.652839660644531250e+01
5.669767761230468750e+01
5.686716079711914062e+01
5.703685760498046875e+01
5.720675277709960938e+01
5.737683486938476562e+01
5.754711151123046875e+01
5.771759033203125000e+01
5.788827133178710938e+01
5.805915069580078125e+01
5.823023223876953125e+01
5.840151214599609375e+01
