1.687256240844726562e+01
1.703878211975097656e+01
1.720533561706542969e+01
1.737221145629882812e+01
1.753940391540527344e+01
1.770691490173339844e+01
1.787473297119140625e+01
1.804284667968750000e+01
1.821125602722167969e+01
1.837995147705078125e+01
1.854892158508300781e+01
1.871817016601562500e+01
1.888768005371093750e+01
1.905745506286621094e+01
1.922748184204101562e+01
1.939775085449218750e+01
1.956825637817382812e+01
1.973898696899414062e+01
1.990993309020996094e+01
2.008110427856445312e+01
2.025248527526855469e+01
2.042407226562500000e+01
2.059586715698242188e+01
2.076785087585449219e+01
2.094002914428710938e+01
2.111239433288574219e+01
2.128493881225585938e+01
2.145765304565429688e+01
2.163053894042968750e+01
2.180359077453613281e+01
2.197680282592773438e+01
2.215017318725585938e+01
2.232369422912597656e+01
2.249736213684082031e+01
2.267118072509765625e+01
2.284513473510742188e+01
2.301922607421875000e+01
2.319344711303710938e+01
2.336779212951660156e+01
2.354225921630859375e+01
2.371684265136718750e+01
2.389153861999511719e+01
2.406634140014648438e+01
2.424125480651855469e+01
2.441627883911132812e+01
2.459140205383300781e+01
2.476662826538085938e+01
2.494195747375488281e+01
2.511738014221191406e+01
2.529288864135742188e+01
2.546848869323730469e+01
2.564418220520019531e+01
2.581995391845703125e+01
2.599580574035644531e+01
2.617173576354980469e+01
2.634774398803710938e+01
2.652383422851562500e+01
2.669999313354492188e+01
2.687622642517089844e+01
2.705253219604492188e+01
2.722890663146972656e+01
2.740535163879394531e+01
2.758186531066894531e+01
2.775844192504882812e+01
2.793508148193359375e+01
2.811178588867187500e+01
2.828854942321777344e+01
2.846537590026855469e+01
2.864225769042968750e+01
2.881920051574707031e+01
2.899620628356933594e+01
2.917326736450195312e+01
2.935037422180175781e+01
2.952754592895507812e+01
2.970476341247558594e+01
2.988203048706054688e+01
3.005934715270996094e+01
3.023671150207519531e+01
3.041412544250488281e+01
3.059157943725585938e+01
3.076908302307128906e+01
3.094662857055664062e+01
3.112422561645507812e+01
3.130186080932617188e+01
3.147953414916992188e+01
3.165725708007812500e+01
3.183501815795898438e+01
3.201282119750976562e+01
3.219066238403320312e+01
3.236853790283203125e+01
3.254645919799804688e+01
3.272441864013671875e+01
3.290241241455078125e+01
3.308044815063476562e+01
3.325852584838867188e+01
3.343663024902343750e+01
3.361478042602539062e+01
3.379296112060546875e+01
3.397117233276367188e+01
3.414942932128906250e+01
