2.047334098815917969e+01
2.050489997863769531e+01
2.053652763366699219e+01
2.056822013854980469e+01
2.059998130798339844e+01
2.063180541992187500e+01
2.066370391845703125e+01
2.069565773010253906e+01
2.072767829895019531e+01
2.075976943969726562e+01
2.079192543029785156e+01
2.082413864135742188e+01
2.085641288757324219e+01
2.088874435424804688e+01
2.092114257812500000e+01
2.095359992980957031e+01
2.098612213134765625e+01
2.101870727539062500e+01
2.105135345458984375e+01
2.108406066894531250e+01
2.111682891845703125e+01
2.114965629577636719e+01
2.118254470825195312e+01
2.121549606323242188e+01
2.124850463867187500e+01
2.128156661987304688e+01
2.131468391418457031e+01
2.134785079956054688e+01
2.138106918334960938e+01
2.141434478759765625e+01
2.144767761230468750e+01
2.148106575012207031e+01
2.151451110839843750e+01
2.154800796508789062e+01
2.158155632019042969e+01
2.161515808105468750e+01
2.164880943298339844e+01
2.168251228332519531e+01
2.171626663208007812e+01
2.175007247924804688e+01
2.178392982482910156e+01
2.181784248352050781e+01
2.185180473327636719e+01
2.188581657409667969e+01
2.191987609863281250e+01
2.195398712158203125e+01
2.198815345764160156e+01
2.202236557006835938e+01
2.205663108825683594e+01
2.209093856811523438e+01
2.212529945373535156e+01
2.215970420837402344e+01
2.219415283203125000e+01
2.222865295410156250e+01
2.226319885253906250e+01
2.229778671264648438e+01
2.233242034912109375e+01
2.236709785461425781e+01
2.240181350708007812e+01
2.243657493591308594e+01
2.247138404846191406e+01
2.250623130798339844e+01
2.254112052917480469e+01
2.257605171203613281e+01
2.261102485656738281e+01
2.264603996276855469e+01
2.268109321594238281e+01
2.271619606018066406e+01
2.275133705139160156e+01
2.278652191162109375e+01
2.282174873352050781e+01
2.285701942443847656e+01
2.289233207702636719e+01
2.292768478393554688e+01
2.296307563781738281e+01
2.299850845336914062e+01
2.303398132324218750e+01
2.306949424743652344e+01
2.310504531860351562e+01
2.314063453674316406e+01
2.317626190185546875e+01
2.321192359924316406e+01
2.324762725830078125e+01
2.328336715698242188e+01
2.331914329528808594e+01
2.335495758056640625e+01
2.339081001281738281e+01
2.342669868469238281e+01
2.346261978149414062e+01
2.349858283996582031e+01
2.353458023071289062e+01
2.357061386108398438e+01
2.360668373107910156e+01
2.364278411865234375e+01
2.367892456054687500e+01
2.371509742736816406e+01
2.375130844116210938e+01
2.378755569458007812e+01
2.382383346557617188e+01
2.386014175415039062e+01
