4.140650558471679688e+01
4.162943649291992188e+01
4.185247421264648438e+01
4.207563400268554688e+01
4.229890060424804688e+01
4.252226638793945312e+01
4.274573898315429688e+01
4.296931076049804688e+01
4.319297409057617188e+01
4.341672515869140625e+01
4.364057540893554688e+01
4.386451721191406250e+01
4.408854293823242188e+01
4.431265258789062500e+01
4.453684997558593750e+01
4.476113128662109375e+01
4.498549270629882812e+01
4.520993804931640625e+01
4.543446350097656250e+01
4.565905761718750000e+01
4.588373565673828125e+01
4.610848236083984375e+01
4.633331298828125000e+01
4.655821609497070312e+01
4.678319931030273438e+01
4.700825881958007812e+01
4.723339462280273438e+01
4.745859909057617188e+01
4.768387222290039062e+01
4.790922546386718750e+01
4.813464355468750000e+01
4.836013031005859375e+01
4.858568572998046875e+01
4.881130599975585938e+01
4.903699874877929688e+01
4.926276779174804688e+01
4.948859786987304688e+01
4.971448516845703125e+01
4.994044494628906250e+01
5.016646575927734375e+01
5.039253997802734375e+01
5.061868286132812500e+01
5.084487533569335938e+01
5.107114410400390625e+01
5.129746627807617188e+01
5.152383804321289062e+01
5.175027084350585938e+01
5.197676467895507812e+01
5.220331954956054688e+01
5.242993927001953125e+01
5.265660858154296875e+01
5.288333511352539062e+01
5.311013031005859375e+01
5.333697128295898438e+01
5.356386184692382812e+01
5.379081344604492188e+01
5.401781845092773438e+01
5.424487686157226562e+01
5.447198867797851562e+01
5.469916152954101562e+01
5.492637634277343750e+01
5.515364837646484375e+01
5.538097381591796875e+01
5.560834884643554688e+01
5.583576965332031250e+01
5.606324386596679688e+01
5.629077529907226562e+01
5.651834487915039062e+01
5.674597167968750000e+01
5.697365188598632812e+01
5.720137405395507812e+01
5.742913818359375000e+01
5.765695190429687500e+01
5.788482284545898438e+01
5.811273193359375000e+01
5.834069442749023438e+01
5.856869506835937500e+01
5.879673767089843750e+01
5.902483367919921875e+01
5.925297164916992188e+01
5.948115158081054688e+01
5.970938873291015625e+01
5.993766784667968750e+01
6.016597366333007812e+01
6.039433288574218750e+01
6.062273788452148438e+01
6.085118865966796875e+01
6.107967376708984375e+01
6.130820846557617188e+01
6.153676986694335938e+01
6.176539611816406250e+01
6.199405670166015625e+01
6.222276306152343750e+01
6.245150756835937500e+01
6.268029022216796875e+01
6.290912628173828125e+01
6.313799285888671875e+01
6.336688995361328125e+01
6.359583282470703125e+01
6.382481765747070312e+01
