2.271585083007812500e+01
2.274095153808593750e+01
2.276614761352539062e+01
2.279144096374511719e+01
2.281682968139648438e+01
2.284231758117675781e+01
2.286790084838867188e+01
2.289358711242675781e+01
2.291936874389648438e+01
2.294524574279785156e+01
2.297122001647949219e+01
2.299729728698730469e+01
2.302346992492675781e+01
2.304974365234375000e+01
2.307611656188964844e+01
2.310258483886718750e+01
2.312914848327636719e+01
2.315580558776855469e+01
2.318255805969238281e+01
2.320940780639648438e+01
2.323635482788085938e+01
2.326339912414550781e+01
2.329053497314453125e+01
2.331776046752929688e+01
2.334508323669433594e+01
2.337249565124511719e+01
2.340000724792480469e+01
2.342760848999023438e+01
2.345530128479003906e+01
2.348308753967285156e+01
2.351097488403320312e+01
2.353895568847656250e+01
2.356703567504882812e+01
2.359520721435546875e+01
2.362346839904785156e+01
2.365182113647460938e+01
2.368026351928710938e+01
2.370880126953125000e+01
2.373742675781250000e+01
2.376614379882812500e+01
2.379494476318359375e+01
2.382383537292480469e+01
2.385281562805175781e+01
2.388188552856445312e+01
2.391104507446289062e+01
2.394029235839843750e+01
2.396962738037109375e+01
2.399904441833496094e+01
2.402855300903320312e+01
2.405814552307128906e+01
2.408782386779785156e+01
2.411758422851562500e+01
2.414743041992187500e+01
2.417736053466796875e+01
2.420737648010253906e+01
2.423747444152832031e+01
2.426766014099121094e+01
2.429792404174804688e+01
2.432826995849609375e+01
2.435870742797851562e+01
2.438922882080078125e+01
2.441983604431152344e+01
2.445052337646484375e+01
2.448129272460937500e+01
2.451214790344238281e+01
2.454308128356933594e+01
2.457410049438476562e+01
2.460519599914550781e+01
2.463637351989746094e+01
2.466763877868652344e+01
2.469898223876953125e+01
2.473041343688964844e+01
2.476192092895507812e+01
2.479350852966308594e+01
2.482517623901367188e+01
2.485692787170410156e+01
2.488875198364257812e+01
2.492065429687500000e+01
2.495263671875000000e+01
2.498470306396484375e+01
2.501684570312500000e+01
2.504906845092773438e+01
2.508136367797851562e+01
2.511372947692871094e+01
2.514617156982421875e+01
2.517869186401367188e+01
2.521128273010253906e+01
2.524394798278808594e+01
2.527668380737304688e+01
2.530949211120605469e+01
2.534238433837890625e+01
2.537534332275390625e+01
2.540837478637695312e+01
2.544147872924804688e+01
2.547465705871582031e+01
2.550790214538574219e+01
2.554122161865234375e+01
2.557461738586425781e+01
2.560808563232421875e+01
2.564162063598632812e+01
