6.049738311767578125e+01
6.037828063964843750e+01
6.026096343994140625e+01
6.014564895629882812e+01
6.003248214721679688e+01
5.992141342163085938e+01
5.981217575073242188e+01
5.970475006103515625e+01
5.959902572631835938e+01
5.949504852294921875e+01
5.939274215698242188e+01
5.929199981689453125e+01
5.919275665283203125e+01
5.909474945068359375e+01
5.899783706665039062e+01
5.890200042724609375e+01
5.880715560913085938e+01
5.871300125122070312e+01
5.861942672729492188e+01
5.852605438232421875e+01
5.843222427368164062e+01
5.833697509765625000e+01
5.823958587646484375e+01
5.813957595825195312e+01
5.803668212890625000e+01
5.793073272705078125e+01
5.782167434692382812e+01
5.770950698852539062e+01
5.759455490112304688e+01
5.747683715820312500e+01
5.735699844360351562e+01
5.723538589477539062e+01
5.711199188232421875e+01
5.698678588867187500e+01
5.685941314697265625e+01
5.672871780395507812e+01
5.659383773803710938e+01
5.645421981811523438e+01
5.630938720703125000e+01
5.615900802612304688e+01
5.600318145751953125e+01
5.584231185913085938e+01
5.567648315429687500e+01
5.550628280639648438e+01
5.533243179321289062e+01
5.515570068359375000e+01
5.497601318359375000e+01
5.479399871826171875e+01
5.460992431640625000e+01
5.442401885986328125e+01
5.423629379272460938e+01
5.404658889770507812e+01
5.385526275634765625e+01
5.366162490844726562e+01
5.346523284912109375e+01
5.326644897460937500e+01
5.306548690795898438e+01
5.286188125610351562e+01
5.265563583374023438e+01
5.244654464721679688e+01
5.223452377319335938e+01
5.201989746093750000e+01
5.180274200439453125e+01
5.158303833007812500e+01
5.136140441894531250e+01
5.113833618164062500e+01
5.091370010375976562e+01
5.068837356567382812e+01
5.046284866333007812e+01
5.023719024658203125e+01
5.001151657104492188e+01
4.978536224365234375e+01
4.955836486816406250e+01
4.933080673217773438e+01
4.910274124145507812e+01
4.887374114990234375e+01
4.864430999755859375e+01
4.841448211669921875e+01
4.818457412719726562e+01
4.795427322387695312e+01
4.772314453125000000e+01
4.749203872680664062e+01
4.726146316528320312e+01
4.703106307983398438e+01
4.680132293701171875e+01
4.657223892211914062e+01
4.634387588500976562e+01
4.611641311645507812e+01
4.588963699340820312e+01
4.566369628906250000e+01
4.543788909912109375e+01
4.521226119995117188e+01
4.498650360107421875e+01
4.476019287109375000e+01
4.453359222412109375e+01
4.430704879760742188e+01
4.408018112182617188e+01
4.385277557373046875e+01
4.362499618530273438e+01
4.339718246459960938e+01
