5.389496994018554688e+01
5.388292312622070312e+01
5.387659835815429688e+01
5.387672042846679688e+01
5.388306427001953125e+01
5.389492416381835938e+01
5.391095733642578125e+01
5.392933273315429688e+01
5.394844436645507812e+01
5.396650695800781250e+01
5.398185729980468750e+01
5.399279403686523438e+01
5.399780654907226562e+01
5.399673080444335938e+01
5.399021911621093750e+01
5.398030090332031250e+01
5.396751403808593750e+01
5.395341873168945312e+01
5.393835067749023438e+01
5.392262649536132812e+01
5.390579986572265625e+01
5.388702392578125000e+01
5.386472320556640625e+01
5.383797454833984375e+01
5.380585098266601562e+01
5.376794815063476562e+01
5.372353744506835938e+01
5.367302322387695312e+01
5.361647415161132812e+01
5.355450057983398438e+01
5.348747634887695312e+01
5.341571426391601562e+01
5.333919906616210938e+01
5.325765609741210938e+01
5.317092514038085938e+01
5.308002471923828125e+01
5.298448181152343750e+01
5.288467025756835938e+01
5.278098678588867188e+01
5.267354965209960938e+01
5.256299972534179688e+01
5.244929885864257812e+01
5.233270645141601562e+01
5.221308898925781250e+01
5.209070587158203125e+01
5.196533584594726562e+01
5.183640289306640625e+01
5.170401382446289062e+01
5.156810760498046875e+01
5.142847442626953125e+01
5.128452682495117188e+01
5.113659667968750000e+01
5.098449325561523438e+01
5.082821273803710938e+01
5.066850662231445312e+01
5.050529098510742188e+01
5.033916091918945312e+01
5.017052459716796875e+01
4.999965667724609375e+01
4.982649230957031250e+01
4.965219497680664062e+01
4.947720336914062500e+01
4.930226898193359375e+01
4.912768554687500000e+01
4.895318603515625000e+01
4.877810668945312500e+01
4.860312271118164062e+01
4.842782592773437500e+01
4.825170135498046875e+01
4.807453155517578125e+01
4.789571762084960938e+01
4.771490478515625000e+01
4.753147506713867188e+01
4.734555435180664062e+01
4.715637969970703125e+01
4.696334838867187500e+01
4.676679229736328125e+01
4.656722640991210938e+01
4.636528778076171875e+01
4.616116333007812500e+01
4.595410537719726562e+01
4.574456024169921875e+01
4.553264617919921875e+01
4.531838607788085938e+01
4.510129547119140625e+01
4.488226699829101562e+01
4.466121292114257812e+01
4.443739318847656250e+01
4.421163558959960938e+01
4.398447036743164062e+01
4.375564193725585938e+01
4.352507019042968750e+01
4.329228973388671875e+01
4.305742645263671875e+01
4.282063293457031250e+01
4.258249282836914062e+01
4.234351730346679688e+01
4.210437011718750000e+01
4.186510467529296875e+01
4.162490463256835938e+01
