5.628805541992187500e+01
5.648673629760742188e+01
5.666634368896484375e+01
5.682746887207031250e+01
5.696927642822265625e+01
5.709120178222656250e+01
5.719438171386718750e+01
5.728033828735351562e+01
5.735071182250976562e+01
5.740806961059570312e+01
5.745391845703125000e+01
5.748896789550781250e+01
5.751322555541992188e+01
5.752708053588867188e+01
5.753140640258789062e+01
5.752679443359375000e+01
5.751366424560546875e+01
5.749301147460937500e+01
5.746469879150390625e+01
5.742922592163085938e+01
5.738771438598632812e+01
5.734062576293945312e+01
5.728904342651367188e+01
5.723272323608398438e+01
5.717231369018554688e+01
5.710693740844726562e+01
5.703725814819335938e+01
5.696325683593750000e+01
5.688506698608398438e+01
5.680303192138671875e+01
5.671789932250976562e+01
5.662996292114257812e+01
5.653966140747070312e+01
5.644731140136718750e+01
5.635292434692382812e+01
5.625648117065429688e+01
5.615785598754882812e+01
5.605673599243164062e+01
5.595267486572265625e+01
5.584568023681640625e+01
5.573483276367187500e+01
5.561961746215820312e+01
5.549998092651367188e+01
5.537509918212890625e+01
5.524456405639648438e+01
5.510844421386718750e+01
5.496699523925781250e+01
5.482103729248046875e+01
5.467061233520507812e+01
5.451647567749023438e+01
5.435951995849609375e+01
5.420049285888671875e+01
5.404010009765625000e+01
5.387862014770507812e+01
5.371630477905273438e+01
5.355401229858398438e+01
5.339136886596679688e+01
5.322750473022460938e+01
5.306195068359375000e+01
5.289474487304687500e+01
5.272489547729492188e+01
5.255153656005859375e+01
5.237526702880859375e+01
5.219593811035156250e+01
5.201314926147460938e+01
5.182656097412109375e+01
5.163655471801757812e+01
5.144335556030273438e+01
5.124648284912109375e+01
5.104632568359375000e+01
5.084310531616210938e+01
5.063786315917968750e+01
5.043064117431640625e+01
5.022192001342773438e+01
5.001215362548828125e+01
4.980129241943359375e+01
4.958948898315429688e+01
4.937669372558593750e+01
4.916368103027343750e+01
4.894953155517578125e+01
4.873574447631835938e+01
4.852258300781250000e+01
4.830969619750976562e+01
4.809735488891601562e+01
4.788465499877929688e+01
4.767123794555664062e+01
4.745757675170898438e+01
4.724254226684570312e+01
4.702786636352539062e+01
4.681366348266601562e+01
4.659869003295898438e+01
4.638290786743164062e+01
4.616622924804687500e+01
4.594824218750000000e+01
4.572886276245117188e+01
4.550863265991210938e+01
4.528701019287109375e+01
4.506459426879882812e+01
4.484186172485351562e+01
4.461931610107421875e+01
