6.094775009155273438e+01
6.076910018920898438e+01
6.059144210815429688e+01
6.041410064697265625e+01
6.023616409301757812e+01
6.005716705322265625e+01
5.987746429443359375e+01
5.969778060913085938e+01
5.952002334594726562e+01
5.934393692016601562e+01
5.916894912719726562e+01
5.899401092529296875e+01
5.881823730468750000e+01
5.864102935791015625e+01
5.846264266967773438e+01
5.828326416015625000e+01
5.810335159301757812e+01
5.792356109619140625e+01
5.774490737915039062e+01
5.757012557983398438e+01
5.740185546875000000e+01
5.724129486083984375e+01
5.708861160278320312e+01
5.694044494628906250e+01
5.679610443115234375e+01
5.665573120117187500e+01
5.651916122436523438e+01
5.638601303100585938e+01
5.625614547729492188e+01
5.612874984741210938e+01
5.600312423706054688e+01
5.587926864624023438e+01
5.575662612915039062e+01
5.563434219360351562e+01
5.551215744018554688e+01
5.538972473144531250e+01
5.526687622070312500e+01
5.514360046386718750e+01
5.501969909667968750e+01
5.489533615112304688e+01
5.476866912841796875e+01
5.463792419433593750e+01
5.450349426269531250e+01
5.436543655395507812e+01
5.422355651855468750e+01
5.407754516601562500e+01
5.392724990844726562e+01
5.377242660522460938e+01
5.361358642578125000e+01
5.345183563232421875e+01
5.328757476806640625e+01
5.312200164794921875e+01
5.295555114746093750e+01
5.278808593750000000e+01
5.261928939819335938e+01
5.244970703125000000e+01
5.227891540527343750e+01
5.210594558715820312e+01
5.193198013305664062e+01
5.175671386718750000e+01
5.158078765869140625e+01
5.140452957153320312e+01
5.122682952880859375e+01
5.104640197753906250e+01
5.086244964599609375e+01
5.067444992065429688e+01
5.048180770874023438e+01
5.028470611572265625e+01
5.008291625976562500e+01
4.987726593017578125e+01
4.966858673095703125e+01
4.945720672607421875e+01
4.924248123168945312e+01
4.902541732788085938e+01
4.880649948120117188e+01
4.858674621582031250e+01
4.836633300781250000e+01
4.814590454101562500e+01
4.792541122436523438e+01
4.770485687255859375e+01
4.748492813110351562e+01
4.726563644409179688e+01
4.704727935791015625e+01
4.682976150512695312e+01
4.661285781860351562e+01
4.639701843261718750e+01
4.618154907226562500e+01
4.596617126464843750e+01
4.575046539306640625e+01
4.553437042236328125e+01
4.531719970703125000e+01
4.509851837158203125e+01
4.487765121459960938e+01
4.465447998046875000e+01
4.442836380004882812e+01
4.419944000244140625e+01
4.396698379516601562e+01
4.373131561279296875e+01
4.349303054809570312e+01
4.325267410278320312e+01
