5.507396697998046875e+01
5.540461730957031250e+01
5.571166229248046875e+01
5.599544906616210938e+01
5.625768280029296875e+01
5.650181198120117188e+01
5.672965621948242188e+01
5.694172668457031250e+01
5.713727569580078125e+01
5.731688690185546875e+01
5.748119354248046875e+01
5.762921142578125000e+01
5.776148605346679688e+01
5.787937545776367188e+01
5.798495483398437500e+01
5.807962417602539062e+01
5.816505050659179688e+01
5.823984527587890625e+01
5.830456924438476562e+01
5.835619354248046875e+01
5.839526367187500000e+01
5.842168807983398438e+01
5.843577957153320312e+01
5.843765640258789062e+01
5.842802429199218750e+01
5.840882492065429688e+01
5.838059997558593750e+01
5.834281158447265625e+01
5.829677963256835938e+01
5.824367523193359375e+01
5.818338775634765625e+01
5.811703872680664062e+01
5.804526901245117188e+01
5.796768188476562500e+01
5.788535690307617188e+01
5.779893112182617188e+01
5.770882034301757812e+01
5.761516189575195312e+01
5.751810455322265625e+01
5.741807556152343750e+01
5.731534957885742188e+01
5.721034240722656250e+01
5.710269927978515625e+01
5.699209976196289062e+01
5.687905502319335938e+01
5.676330184936523438e+01
5.664496231079101562e+01
5.652422332763671875e+01
5.640072631835937500e+01
5.627467346191406250e+01
5.614476394653320312e+01
5.601012039184570312e+01
5.587030029296875000e+01
5.572553253173828125e+01
5.557600784301757812e+01
5.541999816894531250e+01
5.525784301757812500e+01
5.509127426147460938e+01
5.492175674438476562e+01
5.475083923339843750e+01
5.457955551147460938e+01
5.440788269042968750e+01
5.423506164550781250e+01
5.406241989135742188e+01
5.388890075683593750e+01
5.371452331542968750e+01
5.353878021240234375e+01
5.336114883422851562e+01
5.318124389648437500e+01
5.299875640869140625e+01
5.281381225585937500e+01
5.262696838378906250e+01
5.243758773803710938e+01
5.224523544311523438e+01
5.205075073242187500e+01
5.185459518432617188e+01
5.165622329711914062e+01
5.145553588867187500e+01
5.125167846679687500e+01
5.104496383666992188e+01
5.083456420898437500e+01
5.062129592895507812e+01
5.040506362915039062e+01
5.018494415283203125e+01
4.995992660522460938e+01
4.973093032836914062e+01
4.949932479858398438e+01
4.926589584350585938e+01
4.903106307983398438e+01
4.879608154296875000e+01
4.856083297729492188e+01
4.832527542114257812e+01
4.808964920043945312e+01
4.785516357421875000e+01
4.762150192260742188e+01
4.738829421997070312e+01
4.715499877929687500e+01
4.692200469970703125e+01
4.668856811523437500e+01
4.645388031005859375e+01
