5.590558624267578125e+01
5.597592544555664062e+01
5.605051803588867188e+01
5.612777328491210938e+01
5.620536804199218750e+01
5.628089523315429688e+01
5.635101318359375000e+01
5.641201400756835938e+01
5.646241378784179688e+01
5.650078201293945312e+01
5.652773666381835938e+01
5.654597473144531250e+01
5.655735778808593750e+01
5.656375122070312500e+01
5.656649398803710938e+01
5.656523132324218750e+01
5.655937957763671875e+01
5.654802322387695312e+01
5.652922058105468750e+01
5.650193786621093750e+01
5.646622467041015625e+01
5.642229461669921875e+01
5.636986923217773438e+01
5.630968093872070312e+01
5.624217605590820312e+01
5.616823577880859375e+01
5.608824539184570312e+01
5.600263214111328125e+01
5.591138839721679688e+01
5.581496429443359375e+01
5.571397399902343750e+01
5.560812377929687500e+01
5.549772644042968750e+01
5.538325500488281250e+01
5.526518249511718750e+01
5.514397430419921875e+01
5.501964950561523438e+01
5.489265060424804688e+01
5.476337432861328125e+01
5.463111114501953125e+01
5.449558639526367188e+01
5.435656738281250000e+01
5.421436309814453125e+01
5.406849288940429688e+01
5.391798782348632812e+01
5.376324462890625000e+01
5.360509872436523438e+01
5.344369888305664062e+01
5.327822494506835938e+01
5.310856246948242188e+01
5.293510437011718750e+01
5.275852966308593750e+01
5.257863616943359375e+01
5.239521408081054688e+01
5.220835113525390625e+01
5.201757812500000000e+01
5.182341384887695312e+01
5.162592697143554688e+01
5.142482376098632812e+01
5.122026062011718750e+01
5.101226806640625000e+01
5.080162429809570312e+01
5.058880615234375000e+01
5.037422561645507812e+01
5.015814208984375000e+01
4.994105529785156250e+01
4.972325897216796875e+01
4.950518798828125000e+01
4.928715133666992188e+01
4.906946182250976562e+01
4.885258483886718750e+01
4.863660812377929688e+01
4.842174148559570312e+01
4.820795440673828125e+01
4.799528121948242188e+01
4.778363037109375000e+01
4.757305526733398438e+01
4.736391830444335938e+01
4.715628051757812500e+01
4.694989395141601562e+01
4.674464797973632812e+01
4.654044723510742188e+01
4.633720397949218750e+01
4.613505935668945312e+01
4.593368911743164062e+01
4.573283767700195312e+01
4.553220748901367188e+01
4.533186721801757812e+01
4.513142013549804688e+01
4.493059539794921875e+01
4.472929763793945312e+01
4.452735519409179688e+01
4.432443618774414062e+01
4.411999511718750000e+01
4.391409301757812500e+01
4.370674514770507812e+01
4.349811935424804688e+01
4.328819274902343750e+01
4.307748031616210938e+01
4.286672592163085938e+01
