5.356971359252929688e+01
5.360192489624023438e+01
5.363837051391601562e+01
5.367926406860351562e+01
5.372431945800781250e+01
5.377333831787109375e+01
5.382586288452148438e+01
5.388161087036132812e+01
5.394025039672851562e+01
5.400132369995117188e+01
5.406411361694335938e+01
5.412793731689453125e+01
5.419097518920898438e+01
5.425225448608398438e+01
5.431031417846679688e+01
5.436354827880859375e+01
5.441041183471679688e+01
5.444957351684570312e+01
5.448113632202148438e+01
5.450568008422851562e+01
5.452349853515625000e+01
5.453506088256835938e+01
5.454124832153320312e+01
5.454287338256835938e+01
5.454053878784179688e+01
5.453454971313476562e+01
5.452486801147460938e+01
5.451078796386718750e+01
5.449178314208984375e+01
5.446704864501953125e+01
5.443586349487304688e+01
5.439743041992187500e+01
5.435237503051757812e+01
5.430024337768554688e+01
5.424129867553710938e+01
5.417528915405273438e+01
5.410274887084960938e+01
5.402437591552734375e+01
5.394049835205078125e+01
5.385058212280273438e+01
5.375479507446289062e+01
5.365330123901367188e+01
5.354598617553710938e+01
5.343292617797851562e+01
5.331437683105468750e+01
5.319002532958984375e+01
5.306014251708984375e+01
5.292456436157226562e+01
5.278354263305664062e+01
5.263784408569335938e+01
5.248841857910156250e+01
5.233520126342773438e+01
5.217921829223632812e+01
5.202042007446289062e+01
5.185919952392578125e+01
5.169539260864257812e+01
5.152928543090820312e+01
5.136128616333007812e+01
5.119103622436523438e+01
5.101819229125976562e+01
5.084283065795898438e+01
5.066366958618164062e+01
5.048050689697265625e+01
5.029285812377929688e+01
5.010032653808593750e+01
4.990260696411132812e+01
4.969911956787109375e+01
4.949005126953125000e+01
4.927523040771484375e+01
4.905464935302734375e+01
4.882837295532226562e+01
4.859720230102539062e+01
4.836213302612304688e+01
4.812367630004882812e+01
4.788271713256835938e+01
4.763892364501953125e+01
4.739279174804687500e+01
4.714406204223632812e+01
4.689430618286132812e+01
4.664326095581054688e+01
4.639025115966796875e+01
4.613532638549804688e+01
4.587941741943359375e+01
4.562310028076171875e+01
4.536660003662109375e+01
4.511022949218750000e+01
4.485325241088867188e+01
4.459526062011718750e+01
4.433675765991210938e+01
4.407790756225585938e+01
4.381880187988281250e+01
4.355955123901367188e+01
4.330085754394531250e+01
4.304256439208984375e+01
4.278392028808593750e+01
4.252504348754882812e+01
4.226736068725585938e+01
4.201109313964843750e+01
4.175526809692382812e+01
4.150026321411132812e+01
