5.125571060180664062e+01
5.133254241943359375e+01
5.140949249267578125e+01
5.148588562011718750e+01
5.156106185913085938e+01
5.163411712646484375e+01
5.170394515991210938e+01
5.176919555664062500e+01
5.182782363891601562e+01
5.187781143188476562e+01
5.191821670532226562e+01
5.195152664184570312e+01
5.197938156127929688e+01
5.200233840942382812e+01
5.201953506469726562e+01
5.203074645996093750e+01
5.203641128540039062e+01
5.203722000122070312e+01
5.203661727905273438e+01
5.203457641601562500e+01
5.203118133544921875e+01
5.202700805664062500e+01
5.202202606201171875e+01
5.201585769653320312e+01
5.200908279418945312e+01
5.200234222412109375e+01
5.199662017822265625e+01
5.199287414550781250e+01
5.199282455444335938e+01
5.199670791625976562e+01
5.200477600097656250e+01
5.201546096801757812e+01
5.202589416503906250e+01
5.203558349609375000e+01
5.204428100585937500e+01
5.205081176757812500e+01
5.205366897583007812e+01
5.205129241943359375e+01
5.204281997680664062e+01
5.202735137939453125e+01
5.200361251831054688e+01
5.197053909301757812e+01
5.192744445800781250e+01
5.187395095825195312e+01
5.181027221679687500e+01
5.173703765869140625e+01
5.165563201904296875e+01
5.156720733642578125e+01
5.147253417968750000e+01
5.137273025512695312e+01
5.126859283447265625e+01
5.116075897216796875e+01
5.104961395263671875e+01
5.093489837646484375e+01
5.081571960449218750e+01
5.069208908081054688e+01
5.056396102905273438e+01
5.043111038208007812e+01
5.029290008544921875e+01
5.014825439453125000e+01
4.999689865112304688e+01
4.983898162841796875e+01
4.967428970336914062e+01
4.950359344482421875e+01
4.932649612426757812e+01
4.914325332641601562e+01
4.895478439331054688e+01
4.876105117797851562e+01
4.856230545043945312e+01
4.835947418212890625e+01
4.815221786499023438e+01
4.794112777709960938e+01
4.772700500488281250e+01
4.751026916503906250e+01
4.729119110107421875e+01
4.706978225708007812e+01
4.684673690795898438e+01
4.662211227416992188e+01
4.639630126953125000e+01
4.616952896118164062e+01
4.594213104248046875e+01
4.571362686157226562e+01
4.548424911499023438e+01
4.525403594970703125e+01
4.502358245849609375e+01
4.479304885864257812e+01
4.456268692016601562e+01
4.433215713500976562e+01
4.410179519653320312e+01
4.387179565429687500e+01
4.364141082763671875e+01
4.341078948974609375e+01
4.317982864379882812e+01
4.294895935058593750e+01
4.271802520751953125e+01
4.248601531982421875e+01
4.225307464599609375e+01
4.201929473876953125e+01
4.178465270996093750e+01
4.154887390136718750e+01
