5.476071166992187500e+01
5.493958282470703125e+01
5.510533142089843750e+01
5.525991439819335938e+01
5.540463638305664062e+01
5.553767395019531250e+01
5.565751266479492188e+01
5.576262664794921875e+01
5.585243606567382812e+01
5.592649459838867188e+01
5.598587417602539062e+01
5.603275680541992188e+01
5.606742477416992188e+01
5.609056854248046875e+01
5.610304260253906250e+01
5.610519409179687500e+01
5.609768295288085938e+01
5.608135604858398438e+01
5.605574417114257812e+01
5.602240753173828125e+01
5.598158645629882812e+01
5.593416976928710938e+01
5.588136291503906250e+01
5.582424926757812500e+01
5.576216125488281250e+01
5.569639205932617188e+01
5.562681961059570312e+01
5.555345535278320312e+01
5.547578811645507812e+01
5.539403915405273438e+01
5.530747985839843750e+01
5.521561813354492188e+01
5.511722564697265625e+01
5.501230621337890625e+01
5.490058898925781250e+01
5.478197479248046875e+01
5.465646362304687500e+01
5.452466201782226562e+01
5.438715744018554688e+01
5.424420166015625000e+01
5.409594345092773438e+01
5.394242477416992188e+01
5.378417587280273438e+01
5.362269973754882812e+01
5.345882415771484375e+01
5.329295730590820312e+01
5.312506866455078125e+01
5.295606231689453125e+01
5.278622436523437500e+01
5.261550140380859375e+01
5.244449996948242188e+01
5.227344894409179688e+01
5.210221862792968750e+01
5.193114089965820312e+01
5.175977325439453125e+01
5.158757019042968750e+01
5.141400527954101562e+01
5.123858642578125000e+01
5.106127166748046875e+01
5.088165664672851562e+01
5.069930648803710938e+01
5.051313781738281250e+01
5.032313919067382812e+01
5.012916946411132812e+01
4.993154144287109375e+01
4.973054122924804688e+01
4.952703857421875000e+01
4.932091903686523438e+01
4.911288452148437500e+01
4.890276718139648438e+01
4.869107055664062500e+01
4.847838211059570312e+01
4.826581192016601562e+01
4.805391693115234375e+01
4.784304428100585938e+01
4.763272094726562500e+01
4.742292022705078125e+01
4.721412658691406250e+01
4.700643157958984375e+01
4.679828262329101562e+01
4.658976745605468750e+01
4.638060379028320312e+01
4.617077255249023438e+01
4.595947647094726562e+01
4.574737548828125000e+01
4.553468704223632812e+01
4.532137680053710938e+01
4.510748672485351562e+01
4.489340972900390625e+01
4.467821884155273438e+01
4.446323776245117188e+01
4.424838256835937500e+01
4.403350067138671875e+01
4.381933212280273438e+01
4.360495376586914062e+01
4.339042663574218750e+01
4.317478942871093750e+01
4.295796203613281250e+01
4.273836898803710938e+01
4.251588058471679688e+01
