4.578832626342773438e+01
4.585785293579101562e+01
4.591995620727539062e+01
4.597343063354492188e+01
4.601963043212890625e+01
4.605987930297851562e+01
4.609640502929687500e+01
4.613001251220703125e+01
4.616162490844726562e+01
4.619169235229492188e+01
4.621986389160156250e+01
4.624539184570312500e+01
4.626660156250000000e+01
4.628237915039062500e+01
4.629159927368164062e+01
4.629331970214843750e+01
4.628670883178710938e+01
4.627244186401367188e+01
4.625050735473632812e+01
4.622092056274414062e+01
4.618622589111328125e+01
4.615183258056640625e+01
4.612113571166992188e+01
4.609859466552734375e+01
4.609647750854492188e+01
4.611493682861328125e+01
4.617143630981445312e+01
4.630325698852539062e+01
4.645325469970703125e+01
4.662346267700195312e+01
4.680564117431640625e+01
4.698658752441406250e+01
4.716361618041992188e+01
4.733303451538085938e+01
4.749396896362304688e+01
4.764669418334960938e+01
4.779115295410156250e+01
4.792741775512695312e+01
4.805618667602539062e+01
4.817776870727539062e+01
4.829283905029296875e+01
4.840185546875000000e+01
4.850452041625976562e+01
4.859939193725585938e+01
4.868416213989257812e+01
4.875942993164062500e+01
4.882569122314453125e+01
4.888343811035156250e+01
4.893346405029296875e+01
4.897645187377929688e+01
4.901225280761718750e+01
4.904027938842773438e+01
4.906114959716796875e+01
4.907424926757812500e+01
4.907948684692382812e+01
4.907702636718750000e+01
4.906684112548828125e+01
4.904959869384765625e+01
4.902527999877929688e+01
4.899380493164062500e+01
4.895529937744140625e+01
4.891039276123046875e+01
4.885943603515625000e+01
4.880264663696289062e+01
4.874029541015625000e+01
4.867218780517578125e+01
4.859891510009765625e+01
4.852018356323242188e+01
4.843677902221679688e+01
4.834797668457031250e+01
4.825497055053710938e+01
4.815658569335937500e+01
4.805376052856445312e+01
4.794652938842773438e+01
4.783451080322265625e+01
4.771960067749023438e+01
4.760087966918945312e+01
4.747862625122070312e+01
4.735343170166015625e+01
4.722486114501953125e+01
4.709315109252929688e+01
4.695823287963867188e+01
4.681700134277343750e+01
4.666650390625000000e+01
4.650554275512695312e+01
4.633533477783203125e+01
4.615744781494140625e+01
4.597322463989257812e+01
4.578326416015625000e+01
4.558511352539062500e+01
4.537353134155273438e+01
4.515422058105468750e+01
4.492899703979492188e+01
4.469771194458007812e+01
4.446142578125000000e+01
4.422024536132812500e+01
4.397463607788085938e+01
4.372550582885742188e+01
4.347307968139648438e+01
4.321818923950195312e+01
