7.065209197998046875e+01
7.034762573242187500e+01
7.004641723632812500e+01
6.974841308593750000e+01
6.945379638671875000e+01
6.916253662109375000e+01
6.887495422363281250e+01
6.859096527099609375e+01
6.831063842773437500e+01
6.803437805175781250e+01
6.776204681396484375e+01
6.749355316162109375e+01
6.722906494140625000e+01
6.696826171875000000e+01
6.671092224121093750e+01
6.645678710937500000e+01
6.620569610595703125e+01
6.595719909667968750e+01
6.571116638183593750e+01
6.546757507324218750e+01
6.522625732421875000e+01
6.498715972900390625e+01
6.475032806396484375e+01
6.451551055908203125e+01
6.428256988525390625e+01
6.405142211914062500e+01
6.382198715209960938e+01
6.359391403198242188e+01
6.336721420288085938e+01
6.314177322387695312e+01
6.291754531860351562e+01
6.269461822509765625e+01
6.247306823730468750e+01
6.225290679931640625e+01
6.203408813476562500e+01
6.181682586669921875e+01
6.160081100463867188e+01
6.138600540161132812e+01
6.117206954956054688e+01
6.095874404907226562e+01
6.074554824829101562e+01
6.053218841552734375e+01
6.031810760498046875e+01
6.010270690917968750e+01
5.988547515869140625e+01
5.966616439819335938e+01
5.944435119628906250e+01
5.922117614746093750e+01
5.899752044677734375e+01
5.877391433715820312e+01
5.855056381225585938e+01
5.832802963256835938e+01
5.810643005371093750e+01
5.788593673706054688e+01
5.766671752929687500e+01
5.744878005981445312e+01
5.723144912719726562e+01
5.701495742797851562e+01
5.679821395874023438e+01
5.658127593994140625e+01
5.636408233642578125e+01
5.614702987670898438e+01
5.592990112304687500e+01
5.571255111694335938e+01
5.549515151977539062e+01
5.527715682983398438e+01
5.505837631225585938e+01
5.483851242065429688e+01
5.461729431152343750e+01
5.439511108398437500e+01
5.417207336425781250e+01
5.394749450683593750e+01
5.372031402587890625e+01
5.349005508422851562e+01
5.325637435913085938e+01
5.301899337768554688e+01
5.277902603149414062e+01
5.253671264648437500e+01
5.229287338256835938e+01
5.204800033569335938e+01
5.180244827270507812e+01
5.155664825439453125e+01
5.131115722656250000e+01
5.106664276123046875e+01
5.082328796386718750e+01
5.058053970336914062e+01
5.033859252929687500e+01
5.009744262695312500e+01
4.985641479492187500e+01
4.961532592773437500e+01
4.937422943115234375e+01
4.913364791870117188e+01
4.889313888549804688e+01
4.865206527709960938e+01
4.841025161743164062e+01
4.816817092895507812e+01
4.792609405517578125e+01
4.768364334106445312e+01
4.744096374511718750e+01
4.719848251342773438e+01
