5.805962371826171875e+01
5.807608795166015625e+01
5.808881759643554688e+01
5.809788894653320312e+01
5.810350036621093750e+01
5.810551071166992188e+01
5.810392379760742188e+01
5.809889984130859375e+01
5.809046936035156250e+01
5.807883834838867188e+01
5.806425094604492188e+01
5.804652023315429688e+01
5.802535629272460938e+01
5.800027465820312500e+01
5.797100067138671875e+01
5.793731689453125000e+01
5.789968109130859375e+01
5.785841751098632812e+01
5.781382369995117188e+01
5.776618576049804688e+01
5.771562957763671875e+01
5.766223144531250000e+01
5.760547637939453125e+01
5.754512405395507812e+01
5.748089981079101562e+01
5.741234207153320312e+01
5.733936309814453125e+01
5.726165008544921875e+01
5.717893600463867188e+01
5.709127044677734375e+01
5.699848937988281250e+01
5.690058898925781250e+01
5.679805755615234375e+01
5.669148254394531250e+01
5.658102035522460938e+01
5.646706390380859375e+01
5.634991836547851562e+01
5.623041915893554688e+01
5.610882568359375000e+01
5.598539352416992188e+01
5.586027526855468750e+01
5.573332977294921875e+01
5.560433578491210938e+01
5.547309875488281250e+01
5.533951187133789062e+01
5.520279312133789062e+01
5.506196212768554688e+01
5.491626739501953125e+01
5.476521301269531250e+01
5.460882949829101562e+01
5.444746780395507812e+01
5.428125000000000000e+01
5.411062622070312500e+01
5.393655014038085938e+01
5.375948715209960938e+01
5.357993698120117188e+01
5.339883804321289062e+01
5.321638870239257812e+01
5.303258895874023438e+01
5.284746932983398438e+01
5.266101074218750000e+01
5.247289276123046875e+01
5.228264617919921875e+01
5.209002685546875000e+01
5.189473342895507812e+01
5.169652175903320312e+01
5.149516677856445312e+01
5.129083251953125000e+01
5.108388137817382812e+01
5.087421798706054688e+01
5.066189575195312500e+01
5.044680786132812500e+01
5.022894287109375000e+01
5.000823211669921875e+01
4.978454208374023438e+01
4.955833435058593750e+01
4.932973480224609375e+01
4.909864807128906250e+01
4.886513900756835938e+01
4.862962341308593750e+01
4.839198303222656250e+01
4.815281295776367188e+01
4.791225814819335938e+01
4.767053222656250000e+01
4.742778778076171875e+01
4.718407440185546875e+01
4.693992996215820312e+01
4.669539260864257812e+01
4.645061111450195312e+01
4.620545578002929688e+01
4.596031570434570312e+01
4.571509170532226562e+01
4.547021865844726562e+01
4.522568130493164062e+01
4.498156356811523438e+01
4.473812484741210938e+01
4.449548721313476562e+01
4.425346374511718750e+01
4.401238250732421875e+01
4.377207183837890625e+01
