6.515136718750000000e+01
6.494740295410156250e+01
6.474590301513671875e+01
6.454653930664062500e+01
6.434891510009765625e+01
6.415281677246093750e+01
6.395806121826171875e+01
6.376474380493164062e+01
6.357299423217773438e+01
6.338323211669921875e+01
6.319559478759765625e+01
6.301060104370117188e+01
6.282849884033203125e+01
6.264917373657226562e+01
6.247272491455078125e+01
6.229888153076171875e+01
6.212718582153320312e+01
6.195695114135742188e+01
6.178738021850585938e+01
6.161790466308593750e+01
6.144827651977539062e+01
6.127841949462890625e+01
6.110855484008789062e+01
6.093889999389648438e+01
6.076973724365234375e+01
6.060116958618164062e+01
6.043328094482421875e+01
6.026611328125000000e+01
6.009938049316406250e+01
5.993286895751953125e+01
5.976628112792968750e+01
5.959956359863281250e+01
5.943218612670898438e+01
5.926380157470703125e+01
5.909369277954101562e+01
5.892180633544921875e+01
5.874827957153320312e+01
5.857299423217773438e+01
5.839558029174804688e+01
5.821591186523437500e+01
5.803381347656250000e+01
5.784895706176757812e+01
5.766174316406250000e+01
5.747252655029296875e+01
5.728155517578125000e+01
5.708922576904296875e+01
5.689543914794921875e+01
5.670026779174804688e+01
5.650421142578125000e+01
5.630720520019531250e+01
5.610898208618164062e+01
5.590947341918945312e+01
5.570841217041015625e+01
5.550562667846679688e+01
5.530031204223632812e+01
5.509256744384765625e+01
5.488233566284179688e+01
5.466879272460937500e+01
5.445221328735351562e+01
5.423275756835937500e+01
5.401002502441406250e+01
5.378401184082031250e+01
5.355511856079101562e+01
5.332334518432617188e+01
5.308829498291015625e+01
5.285029983520507812e+01
5.261001968383789062e+01
5.236812210083007812e+01
5.212429428100585938e+01
5.187854003906250000e+01
5.163116836547851562e+01
5.138242340087890625e+01
5.113272094726562500e+01
5.088297271728515625e+01
5.063355636596679688e+01
5.038441085815429688e+01
5.013575744628906250e+01
4.988785171508789062e+01
4.964078903198242188e+01
4.939498901367187500e+01
4.915031814575195312e+01
4.890651702880859375e+01
4.866373443603515625e+01
4.842171478271484375e+01
4.818048858642578125e+01
4.794036865234375000e+01
4.770114517211914062e+01
4.746210479736328125e+01
4.722294998168945312e+01
4.698468399047851562e+01
4.674655151367187500e+01
4.650812530517578125e+01
4.626972579956054688e+01
4.603054809570312500e+01
4.579060363769531250e+01
4.554954528808593750e+01
4.530794525146484375e+01
4.506543350219726562e+01
4.482218551635742188e+01
4.457839965820312500e+01
