5.351173019409179688e+01
5.360771179199218750e+01
5.370657348632812500e+01
5.380699920654296875e+01
5.390776062011718750e+01
5.400703811645507812e+01
5.410419464111328125e+01
5.419873046875000000e+01
5.429033660888671875e+01
5.437976837158203125e+01
5.446675109863281250e+01
5.455083084106445312e+01
5.463133621215820312e+01
5.470805740356445312e+01
5.477953720092773438e+01
5.484439468383789062e+01
5.490113067626953125e+01
5.494964218139648438e+01
5.498924255371093750e+01
5.502019882202148438e+01
5.504325103759765625e+01
5.505917358398437500e+01
5.506917572021484375e+01
5.507405471801757812e+01
5.507412338256835938e+01
5.507004547119140625e+01
5.506088256835937500e+01
5.504666137695312500e+01
5.502678680419921875e+01
5.500096130371093750e+01
5.496909332275390625e+01
5.493109893798828125e+01
5.488628005981445312e+01
5.483451843261718750e+01
5.477590179443359375e+01
5.471101379394531250e+01
5.463878631591796875e+01
5.456002426147460938e+01
5.447488784790039062e+01
5.438369369506835938e+01
5.428646087646484375e+01
5.418330001831054688e+01
5.407528686523437500e+01
5.396258926391601562e+01
5.384519958496093750e+01
5.372366714477539062e+01
5.359739303588867188e+01
5.346755599975585938e+01
5.333362579345703125e+01
5.319642639160156250e+01
5.305605697631835938e+01
5.291225051879882812e+01
5.276552963256835938e+01
5.261561965942382812e+01
5.246239471435546875e+01
5.230502319335937500e+01
5.214409255981445312e+01
5.197863006591796875e+01
5.180941390991210938e+01
5.163520050048828125e+01
5.145567321777343750e+01
5.127161407470703125e+01
5.108299255371093750e+01
5.088941955566406250e+01
5.069103622436523438e+01
5.048773574829101562e+01
5.028005599975585938e+01
5.006795120239257812e+01
4.985191726684570312e+01
4.963235092163085938e+01
4.940888595581054688e+01
4.918254089355468750e+01
4.895441818237304688e+01
4.872520065307617188e+01
4.849537658691406250e+01
4.826464462280273438e+01
4.803342437744140625e+01
4.780233001708984375e+01
4.757136154174804688e+01
4.734052658081054688e+01
4.711033248901367188e+01
4.687995147705078125e+01
4.664867401123046875e+01
4.641698074340820312e+01
4.618500137329101562e+01
4.595164489746093750e+01
4.571722412109375000e+01
4.548175048828125000e+01
4.524599838256835938e+01
4.500923919677734375e+01
4.477082443237304688e+01
4.453166580200195312e+01
4.429177474975585938e+01
4.405104827880859375e+01
4.380990219116210938e+01
4.356793212890625000e+01
4.332506561279296875e+01
4.308248519897460938e+01
4.283985137939453125e+01
4.259673690795898438e+01
