6.336961364746093750e+01
6.310001373291015625e+01
6.283349227905273438e+01
6.256989288330078125e+01
6.230978775024414062e+01
6.205369186401367188e+01
6.180229949951171875e+01
6.155590057373046875e+01
6.131433868408203125e+01
6.107761764526367188e+01
6.084569931030273438e+01
6.061819458007812500e+01
6.039476394653320312e+01
6.017472457885742188e+01
5.995798110961914062e+01
5.974454879760742188e+01
5.953424835205078125e+01
5.932682418823242188e+01
5.912218856811523438e+01
5.892026901245117188e+01
5.872076416015625000e+01
5.852357482910156250e+01
5.832830810546875000e+01
5.813495635986328125e+01
5.794315719604492188e+01
5.775312423706054688e+01
5.756472015380859375e+01
5.737806320190429688e+01
5.719319534301757812e+01
5.700992584228515625e+01
5.682846069335937500e+01
5.664872360229492188e+01
5.647072601318359375e+01
5.629454421997070312e+01
5.612026214599609375e+01
5.594733047485351562e+01
5.577564239501953125e+01
5.560485458374023438e+01
5.543468856811523438e+01
5.526480102539062500e+01
5.509443283081054688e+01
5.492313766479492188e+01
5.475061416625976562e+01
5.457649230957031250e+01
5.440030670166015625e+01
5.422171401977539062e+01
5.404079818725585938e+01
5.385757064819335938e+01
5.367242431640625000e+01
5.348613739013671875e+01
5.329925537109375000e+01
5.311189270019531250e+01
5.292468261718750000e+01
5.273772048950195312e+01
5.255146408081054688e+01
5.236616134643554688e+01
5.218133163452148438e+01
5.199686431884765625e+01
5.181221008300781250e+01
5.162652969360351562e+01
5.143945693969726562e+01
5.125106430053710938e+01
5.106127929687500000e+01
5.087020492553710938e+01
5.067798233032226562e+01
5.048466873168945312e+01
5.029056167602539062e+01
5.009550476074218750e+01
4.989935302734375000e+01
4.970258712768554688e+01
4.950478363037109375e+01
4.930593872070312500e+01
4.910584640502929688e+01
4.890440750122070312e+01
4.870166397094726562e+01
4.849736022949218750e+01
4.829124832153320312e+01
4.808359909057617188e+01
4.787484359741210938e+01
4.766507339477539062e+01
4.745548248291015625e+01
4.724584197998046875e+01
4.703647994995117188e+01
4.682734298706054688e+01
4.661860656738281250e+01
4.641036987304687500e+01
4.620281219482421875e+01
4.599617004394531250e+01
4.579034423828125000e+01
4.558507537841796875e+01
4.537981796264648438e+01
4.517444229125976562e+01
4.496808242797851562e+01
4.476012039184570312e+01
4.455062103271484375e+01
4.433924484252929688e+01
4.412586212158203125e+01
4.391098403930664062e+01
4.369395446777343750e+01
4.347468566894531250e+01
