6.268057632446289062e+01
6.252878570556640625e+01
6.237961196899414062e+01
6.223233795166015625e+01
6.208658218383789062e+01
6.194173049926757812e+01
6.179741287231445312e+01
6.165294265747070312e+01
6.150859832763671875e+01
6.136493682861328125e+01
6.122186279296875000e+01
6.108007431030273438e+01
6.093980026245117188e+01
6.080142974853515625e+01
6.066533660888671875e+01
6.053126144409179688e+01
6.039873886108398438e+01
6.026720809936523438e+01
6.013598632812500000e+01
6.000483703613281250e+01
5.987403869628906250e+01
5.974357604980468750e+01
5.961369323730468750e+01
5.948450469970703125e+01
5.935618209838867188e+01
5.922874832153320312e+01
5.910218811035156250e+01
5.897612380981445312e+01
5.885010528564453125e+01
5.872367477416992188e+01
5.859626770019531250e+01
5.846726226806640625e+01
5.833633804321289062e+01
5.820282363891601562e+01
5.806597518920898438e+01
5.792581176757812500e+01
5.778216171264648438e+01
5.763536071777343750e+01
5.748594284057617188e+01
5.733371353149414062e+01
5.717882537841796875e+01
5.702114868164062500e+01
5.686061859130859375e+01
5.669697570800781250e+01
5.652993774414062500e+01
5.635923004150390625e+01
5.618429946899414062e+01
5.600514221191406250e+01
5.582343673706054688e+01
5.563968276977539062e+01
5.545431900024414062e+01
5.526789474487304688e+01
5.508025741577148438e+01
5.489132690429687500e+01
5.470130538940429688e+01
5.450983810424804688e+01
5.431594848632812500e+01
5.411938858032226562e+01
5.392093276977539062e+01
5.372000503540039062e+01
5.351652526855468750e+01
5.331025695800781250e+01
5.310089874267578125e+01
5.288798141479492188e+01
5.267164230346679688e+01
5.245209884643554688e+01
5.223023605346679688e+01
5.200580596923828125e+01
5.177898406982421875e+01
5.154930496215820312e+01
5.131707000732421875e+01
5.108213043212890625e+01
5.084506988525390625e+01
5.060607147216796875e+01
5.036485671997070312e+01
5.012083816528320312e+01
4.987380599975585938e+01
4.962410354614257812e+01
4.937240982055664062e+01
4.911894607543945312e+01
4.886433029174804688e+01
4.860879516601562500e+01
4.835219192504882812e+01
4.809511947631835938e+01
4.783845138549804688e+01
4.758224868774414062e+01
4.732660675048828125e+01
4.707137680053710938e+01
4.681679153442382812e+01
4.656212615966796875e+01
4.630664443969726562e+01
4.605025100708007812e+01
4.579350280761718750e+01
4.553576660156250000e+01
4.527702331542968750e+01
4.501722717285156250e+01
4.475700759887695312e+01
4.449566268920898438e+01
4.423339462280273438e+01
4.397035217285156250e+01
