6.693169403076171875e+01
6.675255584716796875e+01
6.657416534423828125e+01
6.639496612548828125e+01
6.621395874023437500e+01
6.603109741210937500e+01
6.584743499755859375e+01
6.566352081298828125e+01
6.547871398925781250e+01
6.529258728027343750e+01
6.510479736328125000e+01
6.491534423828125000e+01
6.472519683837890625e+01
6.453495025634765625e+01
6.434481811523437500e+01
6.415441131591796875e+01
6.396342468261718750e+01
6.377088928222656250e+01
6.357581710815429688e+01
6.337734985351562500e+01
6.317559432983398438e+01
6.297077941894531250e+01
6.276313781738281250e+01
6.255360031127929688e+01
6.234281158447265625e+01
6.213172531127929688e+01
6.192058563232421875e+01
6.170903778076171875e+01
6.149752426147460938e+01
6.128532028198242188e+01
6.107234954833984375e+01
6.085873794555664062e+01
6.064432525634765625e+01
6.042958831787109375e+01
6.021493148803710938e+01
5.999996185302734375e+01
5.978422546386718750e+01
5.956689453125000000e+01
5.934757614135742188e+01
5.912576293945312500e+01
5.889970779418945312e+01
5.866910552978515625e+01
5.843398666381835938e+01
5.819488143920898438e+01
5.795225143432617188e+01
5.770745086669921875e+01
5.746039962768554688e+01
5.721253585815429688e+01
5.696383666992187500e+01
5.671571350097656250e+01
5.646731948852539062e+01
5.621849441528320312e+01
5.596930694580078125e+01
5.571974945068359375e+01
5.546889877319335938e+01
5.521654891967773438e+01
5.496215057373046875e+01
5.470510101318359375e+01
5.444489288330078125e+01
5.418252944946289062e+01
5.391749191284179688e+01
5.364954376220703125e+01
5.338106155395507812e+01
5.311123275756835938e+01
5.283999252319335938e+01
5.256760025024414062e+01
5.229481124877929688e+01
5.202160644531250000e+01
5.174787521362304688e+01
5.147420501708984375e+01
5.120067977905273438e+01
5.092749404907226562e+01
5.065557479858398438e+01
5.038452148437500000e+01
5.011494827270507812e+01
4.984743499755859375e+01
4.958145141601562500e+01
4.931724548339843750e+01
4.905374145507812500e+01
4.879130172729492188e+01
4.853038787841796875e+01
4.827107620239257812e+01
4.801281356811523438e+01
4.775559234619140625e+01
4.750021743774414062e+01
4.724612045288085938e+01
4.699310684204101562e+01
4.674106979370117188e+01
4.649023818969726562e+01
4.624020767211914062e+01
4.599068069458007812e+01
4.574142456054687500e+01
4.549256896972656250e+01
4.524382400512695312e+01
4.499541473388671875e+01
4.474624252319335938e+01
4.449719619750976562e+01
4.424863815307617188e+01
4.400019454956054688e+01
4.375230407714843750e+01
