4.674555587768554688e+01
4.715886688232421875e+01
4.755429458618164062e+01
4.793133926391601562e+01
4.828949356079101562e+01
4.863057708740234375e+01
4.895600128173828125e+01
4.926823806762695312e+01
4.956838607788085938e+01
4.985768508911132812e+01
5.013691711425781250e+01
5.040647125244140625e+01
5.066505050659179688e+01
5.091053771972656250e+01
5.114252853393554688e+01
5.135986328125000000e+01
5.156196594238281250e+01
5.174669265747070312e+01
5.191471481323242188e+01
5.206737136840820312e+01
5.220557403564453125e+01
5.233045578002929688e+01
5.244261169433593750e+01
5.254253768920898438e+01
5.263101959228515625e+01
5.270964431762695312e+01
5.277846145629882812e+01
5.283864974975585938e+01
5.288954544067382812e+01
5.293020629882812500e+01
5.296109390258789062e+01
5.298237609863281250e+01
5.299345016479492188e+01
5.299452590942382812e+01
5.298567962646484375e+01
5.296693801879882812e+01
5.293807983398437500e+01
5.290018081665039062e+01
5.285272598266601562e+01
5.279647064208984375e+01
5.273147583007812500e+01
5.265845108032226562e+01
5.257883071899414062e+01
5.249193572998046875e+01
5.239832687377929688e+01
5.229915618896484375e+01
5.219345092773437500e+01
5.208110809326171875e+01
5.196340942382812500e+01
5.183973312377929688e+01
5.170992660522460938e+01
5.157426071166992188e+01
5.143270492553710938e+01
5.128583145141601562e+01
5.113425445556640625e+01
5.097850036621093750e+01
5.081869506835937500e+01
5.065526580810546875e+01
5.048890686035156250e+01
5.032021713256835938e+01
5.014943313598632812e+01
4.997618103027343750e+01
4.980057525634765625e+01
4.962261962890625000e+01
4.944288635253906250e+01
4.926038742065429688e+01
4.907473373413085938e+01
4.888573837280273438e+01
4.869351959228515625e+01
4.849839401245117188e+01
4.829953765869140625e+01
4.809651947021484375e+01
4.788975906372070312e+01
4.767971801757812500e+01
4.746633911132812500e+01
4.724983215332031250e+01
4.703077316284179688e+01
4.680920028686523438e+01
4.658615493774414062e+01
4.636174392700195312e+01
4.613667678833007812e+01
4.591073608398437500e+01
4.568531799316406250e+01
4.546043777465820312e+01
4.523627471923828125e+01
4.501311111450195312e+01
4.479051208496093750e+01
4.456851959228515625e+01
4.434718704223632812e+01
4.412594223022460938e+01
4.390553665161132812e+01
4.368539810180664062e+01
4.346522521972656250e+01
4.324534606933593750e+01
4.302540206909179688e+01
4.280476379394531250e+01
4.258381271362304688e+01
4.236302947998046875e+01
4.214266586303710938e+01
4.192234802246093750e+01
