6.017133712768554688e+01
6.009922409057617188e+01
6.002814483642578125e+01
5.995797348022460938e+01
5.988851928710937500e+01
5.981954956054687500e+01
5.975086212158203125e+01
5.968225479125976562e+01
5.961358642578125000e+01
5.954486083984375000e+01
5.947612380981445312e+01
5.940745162963867188e+01
5.933890533447265625e+01
5.927053833007812500e+01
5.920229339599609375e+01
5.913401412963867188e+01
5.906556320190429688e+01
5.899694442749023438e+01
5.892810440063476562e+01
5.885900115966796875e+01
5.878961944580078125e+01
5.871990585327148438e+01
5.864971923828125000e+01
5.857901382446289062e+01
5.850743103027343750e+01
5.843484878540039062e+01
5.836083221435546875e+01
5.828517532348632812e+01
5.820783615112304688e+01
5.812873840332031250e+01
5.804790115356445312e+01
5.796564483642578125e+01
5.788196182250976562e+01
5.779693603515625000e+01
5.771079254150390625e+01
5.762331390380859375e+01
5.753432464599609375e+01
5.744288635253906250e+01
5.734854888916015625e+01
5.725079345703125000e+01
5.714906311035156250e+01
5.704316329956054688e+01
5.693299484252929688e+01
5.681864929199218750e+01
5.669982528686523438e+01
5.657651901245117188e+01
5.644940567016601562e+01
5.631815719604492188e+01
5.618183135986328125e+01
5.604049301147460938e+01
5.589423751831054688e+01
5.574333190917968750e+01
5.558697509765625000e+01
5.542519378662109375e+01
5.525808715820312500e+01
5.508560180664062500e+01
5.490709304809570312e+01
5.472303771972656250e+01
5.453304290771484375e+01
5.433720016479492188e+01
5.413472366333007812e+01
5.392588806152343750e+01
5.371078109741210938e+01
5.348966217041015625e+01
5.326253128051757812e+01
5.302975463867187500e+01
5.279200744628906250e+01
5.255036163330078125e+01
5.230585479736328125e+01
5.205849838256835938e+01
5.180867004394531250e+01
5.155694198608398438e+01
5.130337142944335938e+01
5.104763031005859375e+01
5.078996276855468750e+01
5.053099822998046875e+01
5.027093124389648438e+01
5.001020050048828125e+01
4.974869537353515625e+01
4.948761367797851562e+01
4.922666931152343750e+01
4.896599960327148438e+01
4.870609283447265625e+01
4.844651794433593750e+01
4.818718719482421875e+01
4.792797470092773438e+01
4.766911315917968750e+01
4.741027832031250000e+01
4.715156555175781250e+01
4.689159774780273438e+01
4.663067626953125000e+01
4.636900711059570312e+01
4.610640716552734375e+01
4.584324264526367188e+01
4.557884979248046875e+01
4.531393051147460938e+01
4.504828643798828125e+01
4.478213882446289062e+01
4.451607131958007812e+01
4.425073242187500000e+01
