6.408104705810546875e+01
6.401053619384765625e+01
6.393881988525390625e+01
6.386680603027343750e+01
6.379505538940429688e+01
6.372443008422851562e+01
6.365441131591796875e+01
6.358364868164062500e+01
6.351123809814453125e+01
6.343741226196289062e+01
6.336222457885742188e+01
6.328476715087890625e+01
6.320517349243164062e+01
6.312336730957031250e+01
6.303936767578125000e+01
6.295347595214843750e+01
6.286460113525390625e+01
6.277282333374023438e+01
6.267807388305664062e+01
6.258163833618164062e+01
6.248330688476562500e+01
6.238289260864257812e+01
6.228071212768554688e+01
6.217719268798828125e+01
6.207181930541992188e+01
6.196408081054687500e+01
6.185369491577148438e+01
6.174102401733398438e+01
6.162605667114257812e+01
6.150876235961914062e+01
6.138912963867187500e+01
6.126723098754882812e+01
6.114279937744140625e+01
6.101639556884765625e+01
6.088814926147460938e+01
6.075790786743164062e+01
6.062578201293945312e+01
6.049258804321289062e+01
6.035754394531250000e+01
6.022038650512695312e+01
6.008105087280273438e+01
5.993896102905273438e+01
5.979208755493164062e+01
5.963986206054687500e+01
5.948162460327148438e+01
5.931715011596679688e+01
5.914618682861328125e+01
5.896935653686523438e+01
5.878793716430664062e+01
5.860307312011718750e+01
5.841536331176757812e+01
5.822613906860351562e+01
5.803755187988281250e+01
5.785032653808593750e+01
5.766380691528320312e+01
5.747859954833984375e+01
5.729433059692382812e+01
5.711021423339843750e+01
5.692533874511718750e+01
5.673983001708984375e+01
5.655325698852539062e+01
5.636380767822265625e+01
5.617108154296875000e+01
5.597456741333007812e+01
5.577339935302734375e+01
5.556740570068359375e+01
5.535642623901367188e+01
5.514063644409179688e+01
5.492060089111328125e+01
5.469751358032226562e+01
5.447048568725585938e+01
5.424077606201171875e+01
5.400781250000000000e+01
5.377263641357421875e+01
5.353584289550781250e+01
5.329844284057617188e+01
5.306052398681640625e+01
5.282180023193359375e+01
5.258186340332031250e+01
5.234189224243164062e+01
5.210089874267578125e+01
5.185887527465820312e+01
5.161541748046875000e+01
5.136994552612304688e+01
5.112205123901367188e+01
5.087184906005859375e+01
5.061993026733398438e+01
5.036684417724609375e+01
5.011278915405273438e+01
4.985813903808593750e+01
4.960298919677734375e+01
4.934752273559570312e+01
4.909173202514648438e+01
4.883600234985351562e+01
4.858012008666992188e+01
4.832379531860351562e+01
4.806690597534179688e+01
4.780991744995117188e+01
4.755265045166015625e+01
4.729529190063476562e+01
