7.870040130615234375e+01
7.828836059570312500e+01
7.787631988525390625e+01
7.746427917480468750e+01
7.705223846435546875e+01
7.664019775390625000e+01
7.622816467285156250e+01
7.581612396240234375e+01
7.540409088134765625e+01
7.499204254150390625e+01
7.458000183105468750e+01
7.416796112060546875e+01
7.375592803955078125e+01
7.334387969970703125e+01
7.293184661865234375e+01
7.251979827880859375e+01
7.210776519775390625e+01
7.169572448730468750e+01
7.128368377685546875e+01
7.087164306640625000e+01
7.045960998535156250e+01
7.004756164550781250e+01
6.963552856445312500e+01
6.922348785400390625e+01
6.881144714355468750e+01
6.839940643310546875e+01
6.798736572265625000e+01
6.757532501220703125e+01
6.716328430175781250e+01
6.675124359130859375e+01
6.633921051025390625e+01
6.592716217041015625e+01
6.551512145996093750e+01
6.510308837890625000e+01
6.469104766845703125e+01
6.427901458740234375e+01
6.386697006225585938e+01
6.345492935180664062e+01
6.304288864135742188e+01
6.263085174560546875e+01
6.221880722045898438e+01
6.180677413940429688e+01
6.139472579956054688e+01
6.098268890380859375e+01
6.057064819335937500e+01
6.015861129760742188e+01
5.974657440185546875e+01
5.933453750610351562e+01
5.892248916625976562e+01
5.851044845581054688e+01
5.809841156005859375e+01
5.768637466430664062e+01
5.727433013916015625e+01
5.686228561401367188e+01
5.645024871826171875e+01
5.603821182250976562e+01
5.562616729736328125e+01
5.521413803100585938e+01
5.480208587646484375e+01
5.439005661010742188e+01
5.397801208496093750e+01
5.356597518920898438e+01
5.315393066406250000e+01
5.274189376831054688e+01
5.232986068725585938e+01
5.191781616210937500e+01
5.150577926635742188e+01
5.109373855590820312e+01
5.068169784545898438e+01
5.026966094970703125e+01
4.985761642456054688e+01
4.944557571411132812e+01
4.903353881835937500e+01
4.862149810791015625e+01
4.820946121215820312e+01
4.779742050170898438e+01
4.738537979125976562e+01
4.697333908081054688e+01
4.656129837036132812e+01
4.614925765991210938e+01
4.573722076416015625e+01
4.532518005371093750e+01
4.491314315795898438e+01
4.450109863281250000e+01
4.408906173706054688e+01
4.367702102661132812e+01
4.326498031616210938e+01
4.285293960571289062e+01
4.244089889526367188e+01
4.202886199951171875e+01
4.161682510375976562e+01
4.120478057861328125e+01
4.079273986816406250e+01
4.038070297241210938e+01
3.996866226196289062e+01
3.955662155151367188e+01
3.914458084106445312e+01
3.873254776000976562e+01
3.832050704956054688e+01
3.790846252441406250e+01
