8.059453582763671875e+01
8.016126251220703125e+01
7.972798156738281250e+01
7.929470825195312500e+01
7.886142730712890625e+01
7.842814636230468750e+01
7.799487304687500000e+01
7.756158447265625000e+01
7.712831115722656250e+01
7.669503784179687500e+01
7.626175689697265625e+01
7.582847595214843750e+01
7.539520263671875000e+01
7.496192169189453125e+01
7.452864074707031250e+01
7.409535980224609375e+01
7.366208648681640625e+01
7.322881317138671875e+01
7.279553222656250000e+01
7.236225891113281250e+01
7.192897796630859375e+01
7.149569702148437500e+01
7.106242370605468750e+01
7.062913513183593750e+01
7.019586181640625000e+01
6.976258850097656250e+01
6.932931518554687500e+01
6.889603424072265625e+01
6.846275329589843750e+01
6.802947235107421875e+01
6.759619903564453125e+01
6.716291809082031250e+01
6.672963714599609375e+01
6.629636383056640625e+01
6.586309051513671875e+01
6.542980194091796875e+01
6.499652862548828125e+01
6.456324768066406250e+01
6.412997436523437500e+01
6.369668579101562500e+01
6.326342010498046875e+01
6.283013916015625000e+01
6.239686203002929688e+01
6.196358871459960938e+01
6.153030014038085938e+01
6.109702682495117188e+01
6.066374969482421875e+01
6.023047637939453125e+01
5.979718780517578125e+01
5.936391067504882812e+01
5.893063735961914062e+01
5.849735641479492188e+01
5.806407546997070312e+01
5.763079833984375000e+01
5.719752502441406250e+01
5.676425170898437500e+01
5.633096313476562500e+01
5.589768600463867188e+01
5.546441268920898438e+01
5.503113937377929688e+01
5.459785461425781250e+01
5.416457366943359375e+01
5.373130035400390625e+01
5.329802322387695312e+01
5.286474227905273438e+01
5.243146133422851562e+01
5.199818801879882812e+01
5.156491088867187500e+01
5.113162994384765625e+01
5.069834899902343750e+01
5.026507568359375000e+01
4.983179473876953125e+01
4.939851760864257812e+01
4.896524047851562500e+01
4.853196334838867188e+01
4.809868240356445312e+01
4.766540527343750000e+01
4.723213195800781250e+01
4.679885101318359375e+01
4.636557006835937500e+01
4.593229293823242188e+01
4.549901962280273438e+01
4.506573867797851562e+01
4.463245773315429688e+01
4.419918441772460938e+01
4.376590728759765625e+01
4.333262634277343750e+01
4.289934539794921875e+01
4.246606826782226562e+01
4.203279495239257812e+01
4.159951400756835938e+01
4.116623306274414062e+01
4.073295593261718750e+01
4.029968261718750000e+01
3.986640167236328125e+01
3.943312072753906250e+01
3.899984741210937500e+01
3.856657028198242188e+01
3.813328933715820312e+01
3.770000839233398438e+01
