7.816392517089843750e+01
7.775138854980468750e+01
7.733883666992187500e+01
7.692630004882812500e+01
7.651376342773437500e+01
7.610121917724609375e+01
7.568868255615234375e+01
7.527613830566406250e+01
7.486360168457031250e+01
7.445105743408203125e+01
7.403852081298828125e+01
7.362597656250000000e+01
7.321343994140625000e+01
7.280089569091796875e+01
7.238835906982421875e+01
7.197581481933593750e+01
7.156327819824218750e+01
7.115073394775390625e+01
7.073819732666015625e+01
7.032565307617187500e+01
6.991310882568359375e+01
6.950057220458984375e+01
6.908802795410156250e+01
6.867548370361328125e+01
6.826294708251953125e+01
6.785041046142578125e+01
6.743786621093750000e+01
6.702532196044921875e+01
6.661278533935546875e+01
6.620024108886718750e+01
6.578770446777343750e+01
6.537516021728515625e+01
6.496262359619140625e+01
6.455008697509765625e+01
6.413754272460937500e+01
6.372499847412109375e+01
6.331246185302734375e+01
6.289992523193359375e+01
6.248737335205078125e+01
6.207483673095703125e+01
6.166230010986328125e+01
6.124976348876953125e+01
6.083721923828125000e+01
6.042467498779296875e+01
6.001213836669921875e+01
5.959959411621093750e+01
5.918705749511718750e+01
5.877451324462890625e+01
5.836197662353515625e+01
5.794943237304687500e+01
5.753689193725585938e+01
5.712435531616210938e+01
5.671181106567382812e+01
5.629927444458007812e+01
5.588673019409179688e+01
5.547418594360351562e+01
5.506164932250976562e+01
5.464911270141601562e+01
5.423656082153320312e+01
5.382402420043945312e+01
5.341148757934570312e+01
5.299894332885742188e+01
5.258639907836914062e+01
5.217386245727539062e+01
5.176132583618164062e+01
5.134878540039062500e+01
5.093623733520507812e+01
5.052370452880859375e+01
5.011116409301757812e+01
4.969861984252929688e+01
4.928607940673828125e+01
4.887353897094726562e+01
4.846099853515625000e+01
4.804845809936523438e+01
4.763591384887695312e+01
4.722337722778320312e+01
4.681083679199218750e+01
4.639829254150390625e+01
4.598575592041015625e+01
4.557321166992187500e+01
4.516067123413085938e+01
4.474813079833984375e+01
4.433559036254882812e+01
4.392305374145507812e+01
4.351051330566406250e+01
4.309797286987304688e+01
4.268543243408203125e+01
4.227288818359375000e+01
4.186034774780273438e+01
4.144780731201171875e+01
4.103526687622070312e+01
4.062272644042968750e+01
4.021018600463867188e+01
3.979764556884765625e+01
3.938510131835937500e+01
3.897256088256835938e+01
3.856002426147460938e+01
3.814748764038085938e+01
3.773494338989257812e+01
3.732239913940429688e+01
