7.956759643554687500e+01
7.914997863769531250e+01
7.873235321044921875e+01
7.831473541259765625e+01
7.789710998535156250e+01
7.747949218750000000e+01
7.706187438964843750e+01
7.664425659179687500e+01
7.622663879394531250e+01
7.580901336669921875e+01
7.539138793945312500e+01
7.497377777099609375e+01
7.455615234375000000e+01
7.413852691650390625e+01
7.372090911865234375e+01
7.330328369140625000e+01
7.288566589355468750e+01
7.246804809570312500e+01
7.205042266845703125e+01
7.163280487060546875e+01
7.121518707275390625e+01
7.079756164550781250e+01
7.037995147705078125e+01
6.996232604980468750e+01
6.954470062255859375e+01
6.912708282470703125e+01
6.870946502685546875e+01
6.829184722900390625e+01
6.787422180175781250e+01
6.745659637451171875e+01
6.703897857666015625e+01
6.662135314941406250e+01
6.620373535156250000e+01
6.578611755371093750e+01
6.536849975585937500e+01
6.495087432861328125e+01
6.453325653076171875e+01
6.411563873291015625e+01
6.369801712036132812e+01
6.328038787841796875e+01
6.286277008056640625e+01
6.244514846801757812e+01
6.202753067016601562e+01
6.160991287231445312e+01
6.119228744506835938e+01
6.077466201782226562e+01
6.035705184936523438e+01
5.993943023681640625e+01
5.952180099487304688e+01
5.910417938232421875e+01
5.868657684326171875e+01
5.826894378662109375e+01
5.785132598876953125e+01
5.743370437622070312e+01
5.701608657836914062e+01
5.659846878051757812e+01
5.618084335327148438e+01
5.576322555541992188e+01
5.534560775756835938e+01
5.492798614501953125e+01
5.451035690307617188e+01
5.409273910522460938e+01
5.367511749267578125e+01
5.325749969482421875e+01
5.283988189697265625e+01
5.242225646972656250e+01
5.200463485717773438e+01
5.158701705932617188e+01
5.116939544677734375e+01
5.075177383422851562e+01
5.033414840698242188e+01
4.991653060913085938e+01
4.949891281127929688e+01
4.908129119873046875e+01
4.866366958618164062e+01
4.824604797363281250e+01
4.782843017578125000e+01
4.741080856323242188e+01
4.699318695068359375e+01
4.657556533813476562e+01
4.615795135498046875e+01
4.574032592773437500e+01
4.532270431518554688e+01
4.490508270263671875e+01
4.448746109008789062e+01
4.406984329223632812e+01
4.365222167968750000e+01
4.323460006713867188e+01
4.281697845458984375e+01
4.239936065673828125e+01
4.198173904418945312e+01
4.156411743164062500e+01
4.114649963378906250e+01
4.072888183593750000e+01
4.031126403808593750e+01
3.989363861083984375e+01
3.947601699829101562e+01
3.905839920043945312e+01
3.864077377319335938e+01
3.822315597534179688e+01
