7.967272186279296875e+01
7.924661254882812500e+01
7.882050323486328125e+01
7.839437866210937500e+01
7.796826934814453125e+01
7.754216003417968750e+01
7.711604309082031250e+01
7.668992614746093750e+01
7.626381683349609375e+01
7.583769989013671875e+01
7.541159057617187500e+01
7.498547363281250000e+01
7.455937194824218750e+01
7.413324737548828125e+01
7.370714569091796875e+01
7.328102874755859375e+01
7.285491180419921875e+01
7.242880249023437500e+01
7.200268554687500000e+01
7.157658386230468750e+01
7.115045928955078125e+01
7.072435760498046875e+01
7.029824066162109375e+01
6.987212371826171875e+01
6.944601440429687500e+01
6.901989746093750000e+01
6.859378814697265625e+01
6.816767120361328125e+01
6.774156188964843750e+01
6.731545257568359375e+01
6.688933563232421875e+01
6.646322631835937500e+01
6.603710937500000000e+01
6.561100006103515625e+01
6.518488311767578125e+01
6.475877380371093750e+01
6.433265686035156250e+01
6.390655136108398438e+01
6.348043823242187500e+01
6.305431747436523438e+01
6.262821197509765625e+01
6.220209503173828125e+01
6.177598190307617188e+01
6.134986877441406250e+01
6.092375183105468750e+01
6.049764251708984375e+01
6.007153701782226562e+01
5.964541244506835938e+01
5.921929931640625000e+01
5.879318618774414062e+01
5.836707687377929688e+01
5.794096374511718750e+01
5.751485443115234375e+01
5.708873748779296875e+01
5.666262435913085938e+01
5.623651123046875000e+01
5.581039810180664062e+01
5.538428878784179688e+01
5.495817565917968750e+01
5.453206253051757812e+01
5.410594940185546875e+01
5.367983627319335938e+01
5.325372314453125000e+01
5.282761383056640625e+01
5.240150070190429688e+01
5.197537994384765625e+01
5.154927062988281250e+01
5.112316131591796875e+01
5.069704818725585938e+01
5.027093505859375000e+01
4.984482192993164062e+01
4.941870498657226562e+01
4.899259185791015625e+01
4.856648254394531250e+01
4.814036560058593750e+01
4.771425628662109375e+01
4.728814697265625000e+01
4.686203002929687500e+01
4.643591690063476562e+01
4.600979995727539062e+01
4.558369445800781250e+01
4.515758132934570312e+01
4.473146820068359375e+01
4.430535507202148438e+01
4.387924194335937500e+01
4.345312881469726562e+01
4.302701568603515625e+01
4.260090255737304688e+01
4.217478561401367188e+01
4.174868011474609375e+01
4.132256317138671875e+01
4.089645004272460938e+01
4.047033691406250000e+01
4.004422378540039062e+01
3.961811065673828125e+01
3.919200134277343750e+01
3.876588439941406250e+01
3.833977508544921875e+01
3.791366195678710938e+01
3.748754501342773438e+01
