7.941589355468750000e+01
7.899571228027343750e+01
7.857552337646484375e+01
7.815533447265625000e+01
7.773514556884765625e+01
7.731496429443359375e+01
7.689477539062500000e+01
7.647458648681640625e+01
7.605439758300781250e+01
7.563420867919921875e+01
7.521402740478515625e+01
7.479383850097656250e+01
7.437364959716796875e+01
7.395345306396484375e+01
7.353327178955078125e+01
7.311309051513671875e+01
7.269290161132812500e+01
7.227271270751953125e+01
7.185251617431640625e+01
7.143233489990234375e+01
7.101215362548828125e+01
7.059196472167968750e+01
7.017176818847656250e+01
6.975158691406250000e+01
6.933139801025390625e+01
6.891120910644531250e+01
6.849102783203125000e+01
6.807083892822265625e+01
6.765065002441406250e+01
6.723046112060546875e+01
6.681027221679687500e+01
6.639008331298828125e+01
6.596990203857421875e+01
6.554971313476562500e+01
6.512952423095703125e+01
6.470933532714843750e+01
6.428914642333984375e+01
6.386896133422851562e+01
6.344878005981445312e+01
6.302858734130859375e+01
6.260839843750000000e+01
6.218821716308593750e+01
6.176802444458007812e+01
6.134784317016601562e+01
6.092765045166015625e+01
6.050746154785156250e+01
6.008728027343750000e+01
5.966708755493164062e+01
5.924689865112304688e+01
5.882671356201171875e+01
5.840653228759765625e+01
5.798634338378906250e+01
5.756615066528320312e+01
5.714596176147460938e+01
5.672578811645507812e+01
5.630559539794921875e+01
5.588540649414062500e+01
5.546521377563476562e+01
5.504502487182617188e+01
5.462485122680664062e+01
5.420465469360351562e+01
5.378447341918945312e+01
5.336427688598632812e+01
5.294409561157226562e+01
5.252390670776367188e+01
5.210371780395507812e+01
5.168353271484375000e+01
5.126334762573242188e+01
5.084315490722656250e+01
5.042296981811523438e+01
5.000278472900390625e+01
4.958259201049804688e+01
4.916241073608398438e+01
4.874221801757812500e+01
4.832203292846679688e+01
4.790184402465820312e+01
4.748166275024414062e+01
4.706147003173828125e+01
4.664128112792968750e+01
4.622109603881835938e+01
4.580091094970703125e+01
4.538072586059570312e+01
4.496053695678710938e+01
4.454034805297851562e+01
4.412016296386718750e+01
4.369997024536132812e+01
4.327978515625000000e+01
4.285960006713867188e+01
4.243941116333007812e+01
4.201922607421875000e+01
4.159903717041015625e+01
4.117884826660156250e+01
4.075866317749023438e+01
4.033847427368164062e+01
3.991828918457031250e+01
3.949810028076171875e+01
3.907790756225585938e+01
3.865773010253906250e+01
3.823754119873046875e+01
3.781734848022460938e+01
