7.893390655517578125e+01
7.852050781250000000e+01
7.810710144042968750e+01
7.769370269775390625e+01
7.728029632568359375e+01
7.686688995361328125e+01
7.645349121093750000e+01
7.604008483886718750e+01
7.562668609619140625e+01
7.521328735351562500e+01
7.479987335205078125e+01
7.438647460937500000e+01
7.397306823730468750e+01
7.355966949462890625e+01
7.314627075195312500e+01
7.273286437988281250e+01
7.231946563720703125e+01
7.190605926513671875e+01
7.149265289306640625e+01
7.107924652099609375e+01
7.066584777832031250e+01
7.025244903564453125e+01
6.983903503417968750e+01
6.942563629150390625e+01
6.901222991943359375e+01
6.859883117675781250e+01
6.818542480468750000e+01
6.777202606201171875e+01
6.735862731933593750e+01
6.694522094726562500e+01
6.653182220458984375e+01
6.611841583251953125e+01
6.570500946044921875e+01
6.529161071777343750e+01
6.487819671630859375e+01
6.446479797363281250e+01
6.405139160156250000e+01
6.363799285888671875e+01
6.322459411621093750e+01
6.281118774414062500e+01
6.239778900146484375e+01
6.198438262939453125e+01
6.157097625732421875e+01
6.115757369995117188e+01
6.074417495727539062e+01
6.033076095581054688e+01
5.991736221313476562e+01
5.950396347045898438e+01
5.909056091308593750e+01
5.867715072631835938e+01
5.826375579833984375e+01
5.785034942626953125e+01
5.743694305419921875e+01
5.702354431152343750e+01
5.661014556884765625e+01
5.619673919677734375e+01
5.578333663940429688e+01
5.536992645263671875e+01
5.495652389526367188e+01
5.454312515258789062e+01
5.412972640991210938e+01
5.371632003784179688e+01
5.330291366577148438e+01
5.288951110839843750e+01
5.247611236572265625e+01
5.206270599365234375e+01
5.164930343627929688e+01
5.123590469360351562e+01
5.082249832153320312e+01
5.040909194946289062e+01
4.999568939208984375e+01
4.958228302001953125e+01
4.916888809204101562e+01
4.875548171997070312e+01
4.834207534790039062e+01
4.792867660522460938e+01
4.751527023315429688e+01
4.710187149047851562e+01
4.668846130371093750e+01
4.627506256103515625e+01
4.586166381835937500e+01
4.544825744628906250e+01
4.503485488891601562e+01
4.462144851684570312e+01
4.420804595947265625e+01
4.379464721679687500e+01
4.338123703002929688e+01
4.296783828735351562e+01
4.255443572998046875e+01
4.214102935791015625e+01
4.172762680053710938e+01
4.131422042846679688e+01
4.090081787109375000e+01
4.048742675781250000e+01
4.007401657104492188e+01
3.966061401367187500e+01
3.924720764160156250e+01
3.883380508422851562e+01
3.842040634155273438e+01
3.800699996948242188e+01
