7.914559936523437500e+01
7.873010253906250000e+01
7.831459808349609375e+01
7.789908599853515625e+01
7.748358917236328125e+01
7.706808471679687500e+01
7.665258789062500000e+01
7.623707580566406250e+01
7.582157135009765625e+01
7.540606689453125000e+01
7.499057769775390625e+01
7.457506561279296875e+01
7.415956115722656250e+01
7.374406433105468750e+01
7.332855987548828125e+01
7.291305541992187500e+01
7.249755096435546875e+01
7.208204650878906250e+01
7.166654968261718750e+01
7.125104522705078125e+01
7.083554077148437500e+01
7.042003631591796875e+01
7.000453948974609375e+01
6.958903503417968750e+01
6.917353057861328125e+01
6.875802612304687500e+01
6.834252166748046875e+01
6.792702484130859375e+01
6.751151275634765625e+01
6.709601593017578125e+01
6.668051147460937500e+01
6.626500701904296875e+01
6.584950256347656250e+01
6.543399810791015625e+01
6.501850128173828125e+01
6.460299682617187500e+01
6.418749237060546875e+01
6.377199554443359375e+01
6.335648727416992188e+01
6.294098663330078125e+01
6.252548217773437500e+01
6.210998153686523438e+01
6.169448089599609375e+01
6.127897644042968750e+01
6.086347579956054688e+01
6.044796371459960938e+01
6.003246688842773438e+01
5.961696243286132812e+01
5.920145797729492188e+01
5.878596115112304688e+01
5.837044906616210938e+01
5.795494842529296875e+01
5.753944396972656250e+01
5.712394332885742188e+01
5.670844268798828125e+01
5.629293823242187500e+01
5.587743759155273438e+01
5.546193313598632812e+01
5.504642486572265625e+01
5.463092422485351562e+01
5.421542358398437500e+01
5.379992675781250000e+01
5.338441848754882812e+01
5.296891784667968750e+01
5.255341339111328125e+01
5.213790512084960938e+01
5.172240447998046875e+01
5.130690765380859375e+01
5.089139938354492188e+01
5.047589874267578125e+01
5.006039428710937500e+01
4.964488601684570312e+01
4.922938919067382812e+01
4.881388854980468750e+01
4.839838027954101562e+01
4.798287963867187500e+01
4.756737899780273438e+01
4.715187072753906250e+01
4.673637008666992188e+01
4.632086944580078125e+01
4.590536880493164062e+01
4.548986434936523438e+01
4.507435607910156250e+01
4.465885162353515625e+01
4.424335479736328125e+01
4.382785415649414062e+01
4.341234970092773438e+01
4.299684524536132812e+01
4.258133697509765625e+01
4.216583633422851562e+01
4.175033569335937500e+01
4.133483123779296875e+01
4.091932678222656250e+01
4.050382995605468750e+01
4.008832550048828125e+01
3.967281723022460938e+01
3.925731277465820312e+01
3.884181976318359375e+01
3.842631149291992188e+01
3.801080703735351562e+01
