7.883321380615234375e+01
7.841919708251953125e+01
7.800517272949218750e+01
7.759116363525390625e+01
7.717714691162109375e+01
7.676313781738281250e+01
7.634912872314453125e+01
7.593510437011718750e+01
7.552108764648437500e+01
7.510707855224609375e+01
7.469306182861328125e+01
7.427905273437500000e+01
7.386503601074218750e+01
7.345101165771484375e+01
7.303700256347656250e+01
7.262298583984375000e+01
7.220897674560546875e+01
7.179496002197265625e+01
7.138095092773437500e+01
7.096693420410156250e+01
7.055290985107421875e+01
7.013890075683593750e+01
6.972488403320312500e+01
6.931087493896484375e+01
6.889686584472656250e+01
6.848284149169921875e+01
6.806882476806640625e+01
6.765481567382812500e+01
6.724079895019531250e+01
6.682678985595703125e+01
6.641277313232421875e+01
6.599874877929687500e+01
6.558473968505859375e+01
6.517072296142578125e+01
6.475671386718750000e+01
6.434269714355468750e+01
6.392867660522460938e+01
6.351467514038085938e+01
6.310065078735351562e+01
6.268663787841796875e+01
6.227262496948242188e+01
6.185861206054687500e+01
6.144459915161132812e+01
6.103058242797851562e+01
6.061656188964843750e+01
6.020254898071289062e+01
5.978853607177734375e+01
5.937452316284179688e+01
5.896050643920898438e+01
5.854648590087890625e+01
5.813247680664062500e+01
5.771846389770507812e+01
5.730445098876953125e+01
5.689043045043945312e+01
5.647641754150390625e+01
5.606240081787109375e+01
5.564838790893554688e+01
5.523437500000000000e+01
5.482036209106445312e+01
5.440634918212890625e+01
5.399232482910156250e+01
5.357831192016601562e+01
5.316429901123046875e+01
5.275028610229492188e+01
5.233627319335937500e+01
5.192226028442382812e+01
5.150824356079101562e+01
5.109423065185546875e+01
5.068021392822265625e+01
5.026620101928710938e+01
4.985218429565429688e+01
4.943817138671875000e+01
4.902415847778320312e+01
4.861014175415039062e+01
4.819612503051757812e+01
4.778211212158203125e+01
4.736809539794921875e+01
4.695408248901367188e+01
4.654006958007812500e+01
4.612604904174804688e+01
4.571203613281250000e+01
4.529802322387695312e+01
4.488401031494140625e+01
4.446999359130859375e+01
4.405598068237304688e+01
4.364196777343750000e+01
4.322795104980468750e+01
4.281393814086914062e+01
4.239991760253906250e+01
4.198590469360351562e+01
4.157189559936523438e+01
4.115787506103515625e+01
4.074386215209960938e+01
4.032984924316406250e+01
3.991583633422851562e+01
3.950181961059570312e+01
3.908779907226562500e+01
3.867379379272460938e+01
3.825977325439453125e+01
3.784576034545898438e+01
