7.880341339111328125e+01
7.839073944091796875e+01
7.797805786132812500e+01
7.756537628173828125e+01
7.715270233154296875e+01
7.674002838134765625e+01
7.632733917236328125e+01
7.591466522216796875e+01
7.550198364257812500e+01
7.508930206298828125e+01
7.467662811279296875e+01
7.426394653320312500e+01
7.385126495361328125e+01
7.343859100341796875e+01
7.302590942382812500e+01
7.261322784423828125e+01
7.220054626464843750e+01
7.178787231445312500e+01
7.137519073486328125e+01
7.096250915527343750e+01
7.054982757568359375e+01
7.013715362548828125e+01
6.972447204589843750e+01
6.931179046630859375e+01
6.889911651611328125e+01
6.848643493652343750e+01
6.807375335693359375e+01
6.766107177734375000e+01
6.724839782714843750e+01
6.683571624755859375e+01
6.642304229736328125e+01
6.601036071777343750e+01
6.559767150878906250e+01
6.518499755859375000e+01
6.477232360839843750e+01
6.435964202880859375e+01
6.394696426391601562e+01
6.353428649902343750e+01
6.312160491943359375e+01
6.270892333984375000e+01
6.229624938964843750e+01
6.188357543945312500e+01
6.147088623046875000e+01
6.105821228027343750e+01
6.064552688598632812e+01
6.023284912109375000e+01
5.982017517089843750e+01
5.940749359130859375e+01
5.899481201171875000e+01
5.858213806152343750e+01
5.816944885253906250e+01
5.775678253173828125e+01
5.734409332275390625e+01
5.693141937255859375e+01
5.651873779296875000e+01
5.610606384277343750e+01
5.569338226318359375e+01
5.528070068359375000e+01
5.486802673339843750e+01
5.445534515380859375e+01
5.404266357421875000e+01
5.362998580932617188e+01
5.321730804443359375e+01
5.280463027954101562e+01
5.239194869995117188e+01
5.197926712036132812e+01
5.156658935546875000e+01
5.115390777587890625e+01
5.074123001098632812e+01
5.032854843139648438e+01
4.991587066650390625e+01
4.950319290161132812e+01
4.909051132202148438e+01
4.867783355712890625e+01
4.826515579223632812e+01
4.785247421264648438e+01
4.743980026245117188e+01
4.702711868286132812e+01
4.661443710327148438e+01
4.620175933837890625e+01
4.578908157348632812e+01
4.537639999389648438e+01
4.496371841430664062e+01
4.455103683471679688e+01
4.413836669921875000e+01
4.372568130493164062e+01
4.331300735473632812e+01
4.290032577514648438e+01
4.248764419555664062e+01
4.207497024536132812e+01
4.166228866577148438e+01
4.124960708618164062e+01
4.083692550659179688e+01
4.042425155639648438e+01
4.001157379150390625e+01
3.959889221191406250e+01
3.918621063232421875e+01
3.877353668212890625e+01
3.836085510253906250e+01
3.794817352294921875e+01
