7.925675964355468750e+01
7.884455108642578125e+01
7.843235015869140625e+01
7.802013397216796875e+01
7.760793304443359375e+01
7.719572448730468750e+01
7.678352355957031250e+01
7.637131500244140625e+01
7.595910644531250000e+01
7.554689788818359375e+01
7.513469696044921875e+01
7.472248840332031250e+01
7.431027984619140625e+01
7.389807128906250000e+01
7.348587799072265625e+01
7.307366180419921875e+01
7.266145324707031250e+01
7.224925994873046875e+01
7.183704376220703125e+01
7.142483520507812500e+01
7.101263427734375000e+01
7.060042572021484375e+01
7.018821716308593750e+01
6.977601623535156250e+01
6.936380004882812500e+01
6.895159912109375000e+01
6.853939056396484375e+01
6.812718963623046875e+01
6.771498107910156250e+01
6.730277252197265625e+01
6.689057159423828125e+01
6.647836303710937500e+01
6.606614685058593750e+01
6.565395355224609375e+01
6.524174499511718750e+01
6.482953643798828125e+01
6.441732788085937500e+01
6.400512695312500000e+01
6.359291839599609375e+01
6.318071365356445312e+01
6.276850128173828125e+01
6.235630035400390625e+01
6.194409561157226562e+01
6.153188705444335938e+01
6.111967468261718750e+01
6.070746994018554688e+01
6.029526901245117188e+01
5.988306427001953125e+01
5.947085189819335938e+01
5.905864334106445312e+01
5.864644241333007812e+01
5.823423004150390625e+01
5.782202529907226562e+01
5.740982437133789062e+01
5.699761199951171875e+01
5.658540725708007812e+01
5.617319869995117188e+01
5.576100158691406250e+01
5.534878921508789062e+01
5.493658828735351562e+01
5.452437591552734375e+01
5.411216354370117188e+01
5.369996261596679688e+01
5.328776168823242188e+01
5.287554931640625000e+01
5.246334838867187500e+01
5.205113601684570312e+01
5.163893890380859375e+01
5.122672653198242188e+01
5.081451797485351562e+01
5.040231323242187500e+01
4.999010467529296875e+01
4.957789993286132812e+01
4.916569519042968750e+01
4.875348663330078125e+01
4.834127807617187500e+01
4.792908096313476562e+01
4.751686859130859375e+01
4.710466384887695312e+01
4.669245529174804688e+01
4.628025054931640625e+01
4.586804199218750000e+01
4.545583724975585938e+01
4.504363250732421875e+01
4.463142395019531250e+01
4.421922302246093750e+01
4.380701065063476562e+01
4.339480590820312500e+01
4.298260116577148438e+01
4.257039260864257812e+01
4.215818405151367188e+01
4.174598312377929688e+01
4.133377075195312500e+01
4.092156982421875000e+01
4.050936126708984375e+01
4.009715652465820312e+01
3.968494415283203125e+01
3.927274322509765625e+01
3.886053848266601562e+01
3.844832611083984375e+01
