7.926644897460937500e+01
7.884598541259765625e+01
7.842551422119140625e+01
7.800504302978515625e+01
7.758457183837890625e+01
7.716410827636718750e+01
7.674364471435546875e+01
7.632317352294921875e+01
7.590270996093750000e+01
7.548223876953125000e+01
7.506177520751953125e+01
7.464130401611328125e+01
7.422084045410156250e+01
7.380037689208984375e+01
7.337989807128906250e+01
7.295943450927734375e+01
7.253897094726562500e+01
7.211849975585937500e+01
7.169802856445312500e+01
7.127756500244140625e+01
7.085709381103515625e+01
7.043663024902343750e+01
7.001615905761718750e+01
6.959570312500000000e+01
6.917522430419921875e+01
6.875475311279296875e+01
6.833428955078125000e+01
6.791382598876953125e+01
6.749334716796875000e+01
6.707289123535156250e+01
6.665242767333984375e+01
6.623194885253906250e+01
6.581147766113281250e+01
6.539102172851562500e+01
6.497055053710937500e+01
6.455008697509765625e+01
6.412961578369140625e+01
6.370914459228515625e+01
6.328868103027343750e+01
6.286821365356445312e+01
6.244774246215820312e+01
6.202727508544921875e+01
6.160681152343750000e+01
6.118633651733398438e+01
6.076586914062500000e+01
6.034540176391601562e+01
5.992493820190429688e+01
5.950447463989257812e+01
5.908399963378906250e+01
5.866353225708007812e+01
5.824306869506835938e+01
5.782260131835937500e+01
5.740213012695312500e+01
5.698166275024414062e+01
5.656119918823242188e+01
5.614073181152343750e+01
5.572026062011718750e+01
5.529979324340820312e+01
5.487932586669921875e+01
5.445885467529296875e+01
5.403839492797851562e+01
5.361792373657226562e+01
5.319744873046875000e+01
5.277698898315429688e+01
5.235651779174804688e+01
5.193605422973632812e+01
5.151558303833007812e+01
5.109511947631835938e+01
5.067464828491210938e+01
5.025418090820312500e+01
4.983371353149414062e+01
4.941324234008789062e+01
4.899277877807617188e+01
4.857231140136718750e+01
4.815184402465820312e+01
4.773137664794921875e+01
4.731090545654296875e+01
4.689044189453125000e+01
4.646997070312500000e+01
4.604949951171875000e+01
4.562903594970703125e+01
4.520856857299804688e+01
4.478810119628906250e+01
4.436763381958007812e+01
4.394717025756835938e+01
4.352669906616210938e+01
4.310623168945312500e+01
4.268576431274414062e+01
4.226529312133789062e+01
4.184482955932617188e+01
4.142435836791992188e+01
4.100389480590820312e+01
4.058342361450195312e+01
4.016296005249023438e+01
3.974248886108398438e+01
3.932202148437500000e+01
3.890155410766601562e+01
3.848108673095703125e+01
3.806061935424804688e+01
3.764014816284179688e+01
