7.989498901367187500e+01
7.946818542480468750e+01
7.904139709472656250e+01
7.861460113525390625e+01
7.818779754638671875e+01
7.776100158691406250e+01
7.733419799804687500e+01
7.690740966796875000e+01
7.648061370849609375e+01
7.605381011962890625e+01
7.562702178955078125e+01
7.520021057128906250e+01
7.477342224121093750e+01
7.434662628173828125e+01
7.391982269287109375e+01
7.349302673339843750e+01
7.306623077392578125e+01
7.263943481445312500e+01
7.221263885498046875e+01
7.178583526611328125e+01
7.135903930664062500e+01
7.093224334716796875e+01
7.050544738769531250e+01
7.007865142822265625e+01
6.965184783935546875e+01
6.922505187988281250e+01
6.879825592041015625e+01
6.837145996093750000e+01
6.794466400146484375e+01
6.751786041259765625e+01
6.709106445312500000e+01
6.666426086425781250e+01
6.623746490478515625e+01
6.581066894531250000e+01
6.538387298583984375e+01
6.495707702636718750e+01
6.453027343750000000e+01
6.410348510742187500e+01
6.367668914794921875e+01
6.324988937377929688e+01
6.282308578491210938e+01
6.239628601074218750e+01
6.196949386596679688e+01
6.154269409179687500e+01
6.111589431762695312e+01
6.068909835815429688e+01
6.026229858398437500e+01
5.983549880981445312e+01
5.940870666503906250e+01
5.898191070556640625e+01
5.855511093139648438e+01
5.812831878662109375e+01
5.770151901245117188e+01
5.727471923828125000e+01
5.684792327880859375e+01
5.642112350463867188e+01
5.599432373046875000e+01
5.556752395629882812e+01
5.514072418212890625e+01
5.471393585205078125e+01
5.428713607788085938e+01
5.386033630371093750e+01
5.343353652954101562e+01
5.300674819946289062e+01
5.257994842529296875e+01
5.215314865112304688e+01
5.172634887695312500e+01
5.129956054687500000e+01
5.087275695800781250e+01
5.044596099853515625e+01
5.001916122436523438e+01
4.959236145019531250e+01
4.916556930541992188e+01
4.873876953125000000e+01
4.831197357177734375e+01
4.788516998291015625e+01
4.745838165283203125e+01
4.703157806396484375e+01
4.660478210449218750e+01
4.617798614501953125e+01
4.575118637084960938e+01
4.532438659667968750e+01
4.489759445190429688e+01
4.447079467773437500e+01
4.404399871826171875e+01
4.361720275878906250e+01
4.319039916992187500e+01
4.276360702514648438e+01
4.233680343627929688e+01
4.191000747680664062e+01
4.148321151733398438e+01
4.105641174316406250e+01
4.062961196899414062e+01
4.020282363891601562e+01
3.977602005004882812e+01
3.934922409057617188e+01
3.892242431640625000e+01
3.849563217163085938e+01
3.806883621215820312e+01
3.764203262329101562e+01
