7.946305847167968750e+01
7.904507446289062500e+01
7.862709808349609375e+01
7.820912170410156250e+01
7.779114532470703125e+01
7.737316131591796875e+01
7.695518493652343750e+01
7.653720855712890625e+01
7.611922454833984375e+01
7.570124053955078125e+01
7.528327178955078125e+01
7.486528778076171875e+01
7.444731140136718750e+01
7.402933502197265625e+01
7.361135864257812500e+01
7.319337463378906250e+01
7.277539825439453125e+01
7.235742187500000000e+01
7.193943786621093750e+01
7.152146148681640625e+01
7.110347747802734375e+01
7.068550109863281250e+01
7.026752471923828125e+01
6.984954071044921875e+01
6.943157196044921875e+01
6.901358795166015625e+01
6.859561157226562500e+01
6.817762756347656250e+01
6.775965118408203125e+01
6.734167480468750000e+01
6.692369079589843750e+01
6.650571441650390625e+01
6.608773803710937500e+01
6.566976165771484375e+01
6.525177764892578125e+01
6.483380126953125000e+01
6.441581726074218750e+01
6.399784851074218750e+01
6.357986831665039062e+01
6.316188812255859375e+01
6.274390792846679688e+01
6.232593917846679688e+01
6.190795135498046875e+01
6.148997497558593750e+01
6.107199478149414062e+01
6.065401077270507812e+01
6.023604202270507812e+01
5.981806182861328125e+01
5.940008163452148438e+01
5.898210144042968750e+01
5.856412506103515625e+01
5.814614868164062500e+01
5.772816848754882812e+01
5.731018829345703125e+01
5.689220809936523438e+01
5.647422409057617188e+01
5.605625152587890625e+01
5.563827514648437500e+01
5.522029495239257812e+01
5.480231094360351562e+01
5.438433837890625000e+01
5.396635055541992188e+01
5.354837417602539062e+01
5.313040161132812500e+01
5.271242523193359375e+01
5.229444503784179688e+01
5.187646102905273438e+01
5.145848846435546875e+01
5.104050445556640625e+01
5.062252807617187500e+01
5.020455169677734375e+01
4.978656768798828125e+01
4.936859512329101562e+01
4.895061111450195312e+01
4.853263854980468750e+01
4.811465454101562500e+01
4.769668197631835938e+01
4.727870178222656250e+01
4.686071777343750000e+01
4.644273757934570312e+01
4.602476882934570312e+01
4.560678863525390625e+01
4.518880462646484375e+01
4.477082443237304688e+01
4.435285186767578125e+01
4.393486785888671875e+01
4.351689529418945312e+01
4.309891128540039062e+01
4.268093109130859375e+01
4.226295471191406250e+01
4.184497451782226562e+01
4.142699432373046875e+01
4.100901794433593750e+01
4.059104537963867188e+01
4.017306137084960938e+01
3.975508117675781250e+01
3.933710098266601562e+01
3.891913223266601562e+01
3.850114822387695312e+01
3.808316802978515625e+01
