7.901029968261718750e+01
7.859823608398437500e+01
7.818618774414062500e+01
7.777412414550781250e+01
7.736207580566406250e+01
7.695001983642578125e+01
7.653796386718750000e+01
7.612591552734375000e+01
7.571385955810546875e+01
7.530180358886718750e+01
7.488974761962890625e+01
7.447769927978515625e+01
7.406564331054687500e+01
7.365357971191406250e+01
7.324153900146484375e+01
7.282947540283203125e+01
7.241742706298828125e+01
7.200537109375000000e+01
7.159331512451171875e+01
7.118125915527343750e+01
7.076920318603515625e+01
7.035714721679687500e+01
6.994509887695312500e+01
6.953303527832031250e+01
6.912098693847656250e+01
6.870893096923828125e+01
6.829687500000000000e+01
6.788482666015625000e+01
6.747277069091796875e+01
6.706071472167968750e+01
6.664865875244140625e+01
6.623660278320312500e+01
6.582454681396484375e+01
6.541249847412109375e+01
6.500043487548828125e+01
6.458838653564453125e+01
6.417633056640625000e+01
6.376428604125976562e+01
6.335222625732421875e+01
6.294016265869140625e+01
6.252810668945312500e+01
6.211606216430664062e+01
6.170401382446289062e+01
6.129195022583007812e+01
6.087989425659179688e+01
6.046784210205078125e+01
6.005578613281250000e+01
5.964373779296875000e+01
5.923168182373046875e+01
5.881962585449218750e+01
5.840757369995117188e+01
5.799551391601562500e+01
5.758346176147460938e+01
5.717140579223632812e+01
5.675935745239257812e+01
5.634730148315429688e+01
5.593524551391601562e+01
5.552318572998046875e+01
5.511112976074218750e+01
5.469908142089843750e+01
5.428702545166015625e+01
5.387497329711914062e+01
5.346291351318359375e+01
5.305086135864257812e+01
5.263880538940429688e+01
5.222675704956054688e+01
5.181470108032226562e+01
5.140264511108398438e+01
5.099059295654296875e+01
5.057853317260742188e+01
5.016648101806640625e+01
4.975442504882812500e+01
4.934237670898437500e+01
4.893031692504882812e+01
4.851826095581054688e+01
4.810620498657226562e+01
4.769415664672851562e+01
4.728210449218750000e+01
4.687004852294921875e+01
4.645799255371093750e+01
4.604593658447265625e+01
4.563388061523437500e+01
4.522182464599609375e+01
4.480977630615234375e+01
4.439772415161132812e+01
4.398566818237304688e+01
4.357361221313476562e+01
4.316155624389648438e+01
4.274950027465820312e+01
4.233744812011718750e+01
4.192539215087890625e+01
4.151333618164062500e+01
4.110128021240234375e+01
4.068923187255859375e+01
4.027717590332031250e+01
3.986512374877929688e+01
3.945306396484375000e+01
3.904101181030273438e+01
3.862895584106445312e+01
3.821690368652343750e+01
