7.873357391357421875e+01
7.832078552246093750e+01
7.790798950195312500e+01
7.749518585205078125e+01
7.708238983154296875e+01
7.666959381103515625e+01
7.625679779052734375e+01
7.584400939941406250e+01
7.543121337890625000e+01
7.501840972900390625e+01
7.460562133789062500e+01
7.419281768798828125e+01
7.378002166748046875e+01
7.336723327636718750e+01
7.295442962646484375e+01
7.254164123535156250e+01
7.212883758544921875e+01
7.171604156494140625e+01
7.130325317382812500e+01
7.089044952392578125e+01
7.047765350341796875e+01
7.006486511230468750e+01
6.965206146240234375e+01
6.923926544189453125e+01
6.882646942138671875e+01
6.841367340087890625e+01
6.800087738037109375e+01
6.758808898925781250e+01
6.717528533935546875e+01
6.676248931884765625e+01
6.634969329833984375e+01
6.593689727783203125e+01
6.552410125732421875e+01
6.511131286621093750e+01
6.469850921630859375e+01
6.428571319580078125e+01
6.387291717529296875e+01
6.346012496948242188e+01
6.304732513427734375e+01
6.263452529907226562e+01
6.222173690795898438e+01
6.180893707275390625e+01
6.139614486694335938e+01
6.098334503173828125e+01
6.057054901123046875e+01
6.015774917602539062e+01
5.974496078491210938e+01
5.933216094970703125e+01
5.891936111450195312e+01
5.850656890869140625e+01
5.809378051757812500e+01
5.768097686767578125e+01
5.726817321777343750e+01
5.685538864135742188e+01
5.644259262084960938e+01
5.602979278564453125e+01
5.561699295043945312e+01
5.520420074462890625e+01
5.479140090942382812e+01
5.437861251831054688e+01
5.396581268310546875e+01
5.355302047729492188e+01
5.314022445678710938e+01
5.272742462158203125e+01
5.231462478637695312e+01
5.190183258056640625e+01
5.148903656005859375e+01
5.107624435424804688e+01
5.066344451904296875e+01
5.025064849853515625e+01
4.983784866333007812e+01
4.942505645751953125e+01
4.901226425170898438e+01
4.859946060180664062e+01
4.818666839599609375e+01
4.777387237548828125e+01
4.736107635498046875e+01
4.694828033447265625e+01
4.653548431396484375e+01
4.612268829345703125e+01
4.570989227294921875e+01
4.529709625244140625e+01
4.488430023193359375e+01
4.447150421142578125e+01
4.405870437622070312e+01
4.364591217041015625e+01
4.323311233520507812e+01
4.282032012939453125e+01
4.240752410888671875e+01
4.199472427368164062e+01
4.158193206787109375e+01
4.116913604736328125e+01
4.075633621215820312e+01
4.034354400634765625e+01
3.993075180053710938e+01
3.951794815063476562e+01
3.910515213012695312e+01
3.869235992431640625e+01
3.827956390380859375e+01
3.786676406860351562e+01
