7.928916931152343750e+01
7.886495971679687500e+01
7.844075012207031250e+01
7.801654052734375000e+01
7.759232330322265625e+01
7.716811370849609375e+01
7.674389648437500000e+01
7.631968688964843750e+01
7.589547729492187500e+01
7.547126007080078125e+01
7.504705047607421875e+01
7.462284088134765625e+01
7.419862365722656250e+01
7.377441406250000000e+01
7.335020446777343750e+01
7.292599487304687500e+01
7.250178527832031250e+01
7.207756805419921875e+01
7.165335845947265625e+01
7.122914886474609375e+01
7.080493927001953125e+01
7.038072204589843750e+01
6.995651245117187500e+01
6.953230285644531250e+01
6.910808563232421875e+01
6.868387603759765625e+01
6.825966644287109375e+01
6.783545684814453125e+01
6.741124725341796875e+01
6.698703002929687500e+01
6.656282806396484375e+01
6.613860321044921875e+01
6.571439361572265625e+01
6.529018402099609375e+01
6.486597442626953125e+01
6.444176483154296875e+01
6.401754760742187500e+01
6.359333801269531250e+01
6.316913223266601562e+01
6.274491119384765625e+01
6.232070159912109375e+01
6.189649200439453125e+01
6.147228240966796875e+01
6.104807662963867188e+01
6.062385559082031250e+01
6.019964218139648438e+01
5.977543640136718750e+01
5.935122680664062500e+01
5.892700576782226562e+01
5.850279998779296875e+01
5.807858657836914062e+01
5.765437316894531250e+01
5.723016357421875000e+01
5.680595016479492188e+01
5.638173675537109375e+01
5.595753097534179688e+01
5.553331756591796875e+01
5.510910797119140625e+01
5.468489456176757812e+01
5.426068878173828125e+01
5.383647537231445312e+01
5.341226196289062500e+01
5.298804473876953125e+01
5.256383895874023438e+01
5.213962554931640625e+01
5.171541213989257812e+01
5.129119873046875000e+01
5.086698913574218750e+01
5.044277954101562500e+01
5.001856994628906250e+01
4.959435653686523438e+01
4.917014312744140625e+01
4.874593353271484375e+01
4.832172012329101562e+01
4.789750671386718750e+01
4.747329330444335938e+01
4.704908752441406250e+01
4.662487411499023438e+01
4.620066070556640625e+01
4.577645111083984375e+01
4.535223770141601562e+01
4.492803192138671875e+01
4.450381469726562500e+01
4.407960128784179688e+01
4.365539550781250000e+01
4.323118209838867188e+01
4.280696868896484375e+01
4.238275527954101562e+01
4.195854187011718750e+01
4.153433609008789062e+01
4.111012649536132812e+01
4.068591308593750000e+01
4.026169586181640625e+01
3.983748626708984375e+01
3.941327667236328125e+01
3.898906326293945312e+01
3.856484985351562500e+01
3.814064407348632812e+01
3.771643066406250000e+01
3.729221725463867188e+01
