7.978252410888671875e+01
7.935845947265625000e+01
7.893439483642578125e+01
7.851032257080078125e+01
7.808625030517578125e+01
7.766217803955078125e+01
7.723811340332031250e+01
7.681404876708984375e+01
7.638998413085937500e+01
7.596590423583984375e+01
7.554183959960937500e+01
7.511775970458984375e+01
7.469370269775390625e+01
7.426962280273437500e+01
7.384556579589843750e+01
7.342148590087890625e+01
7.299742126464843750e+01
7.257334899902343750e+01
7.214928436279296875e+01
7.172521972656250000e+01
7.130114746093750000e+01
7.087707519531250000e+01
7.045300292968750000e+01
7.002893829345703125e+01
6.960486602783203125e+01
6.918080139160156250e+01
6.875672912597656250e+01
6.833266448974609375e+01
6.790858459472656250e+01
6.748452758789062500e+01
6.706045532226562500e+01
6.663638305664062500e+01
6.621231079101562500e+01
6.578824615478515625e+01
6.536417388916015625e+01
6.494010925292968750e+01
6.451603698730468750e+01
6.409197235107421875e+01
6.366790008544921875e+01
6.324382400512695312e+01
6.281976318359375000e+01
6.239569473266601562e+01
6.197162628173828125e+01
6.154755020141601562e+01
6.112347412109375000e+01
6.069941329956054688e+01
6.027534866333007812e+01
5.985127639770507812e+01
5.942720794677734375e+01
5.900313568115234375e+01
5.857906341552734375e+01
5.815499496459960938e+01
5.773092651367187500e+01
5.730685043334960938e+01
5.688279342651367188e+01
5.645871734619140625e+01
5.603464889526367188e+01
5.561058044433593750e+01
5.518650436401367188e+01
5.476244354248046875e+01
5.433837509155273438e+01
5.391429901123046875e+01
5.349023056030273438e+01
5.306616210937500000e+01
5.264210128784179688e+01
5.221802520751953125e+01
5.179395294189453125e+01
5.136988830566406250e+01
5.094581985473632812e+01
5.052174758911132812e+01
5.009768295288085938e+01
4.967360687255859375e+01
4.924954223632812500e+01
4.882546997070312500e+01
4.840140151977539062e+01
4.797732925415039062e+01
4.755326461791992188e+01
4.712919235229492188e+01
4.670512390136718750e+01
4.628105545043945312e+01
4.585698699951171875e+01
4.543291854858398438e+01
4.500884246826171875e+01
4.458477783203125000e+01
4.416070556640625000e+01
4.373664093017578125e+01
4.331256866455078125e+01
4.288850021362304688e+01
4.246442794799804688e+01
4.204036331176757812e+01
4.161629486083984375e+01
4.119222259521484375e+01
4.076815414428710938e+01
4.034408569335937500e+01
3.992001724243164062e+01
3.949594497680664062e+01
3.907187652587890625e+01
3.864780807495117188e+01
3.822373580932617188e+01
3.779967117309570312e+01
