7.906908416748046875e+01
7.865325927734375000e+01
7.823743438720703125e+01
7.782162475585937500e+01
7.740580749511718750e+01
7.698998260498046875e+01
7.657416534423828125e+01
7.615834808349609375e+01
7.574252319335937500e+01
7.532671356201171875e+01
7.491088867187500000e+01
7.449506378173828125e+01
7.407924652099609375e+01
7.366342926025390625e+01
7.324761199951171875e+01
7.283178710937500000e+01
7.241597747802734375e+01
7.200015258789062500e+01
7.158432769775390625e+01
7.116851043701171875e+01
7.075268554687500000e+01
7.033687591552734375e+01
6.992105102539062500e+01
6.950523376464843750e+01
6.908940887451171875e+01
6.867359924316406250e+01
6.825777435302734375e+01
6.784196472167968750e+01
6.742613983154296875e+01
6.701031494140625000e+01
6.659449768066406250e+01
6.617868041992187500e+01
6.576286315917968750e+01
6.534703826904296875e+01
6.493122863769531250e+01
6.451540374755859375e+01
6.409957122802734375e+01
6.368376159667968750e+01
6.326793670654296875e+01
6.285212326049804688e+01
6.243629837036132812e+01
6.202048873901367188e+01
6.160466384887695312e+01
6.118885040283203125e+01
6.077302551269531250e+01
6.035720062255859375e+01
5.994138717651367188e+01
5.952556228637695312e+01
5.910974884033203125e+01
5.869392395019531250e+01
5.827810668945312500e+01
5.786228561401367188e+01
5.744646835327148438e+01
5.703065109252929688e+01
5.661483001708984375e+01
5.619901275634765625e+01
5.578318786621093750e+01
5.536737442016601562e+01
5.495155715942382812e+01
5.453573608398437500e+01
5.411991119384765625e+01
5.370409393310546875e+01
5.328827667236328125e+01
5.287245559692382812e+01
5.245663833618164062e+01
5.204081344604492188e+01
5.162499237060546875e+01
5.120917892456054688e+01
5.079335784912109375e+01
5.037753677368164062e+01
4.996171951293945312e+01
4.954589843750000000e+01
4.913008117675781250e+01
4.871426391601562500e+01
4.829844284057617188e+01
4.788261795043945312e+01
4.746680450439453125e+01
4.705097961425781250e+01
4.663516235351562500e+01
4.621934509277343750e+01
4.580352401733398438e+01
4.538770675659179688e+01
4.497188568115234375e+01
4.455606079101562500e+01
4.414025115966796875e+01
4.372443008422851562e+01
4.330860519409179688e+01
4.289278411865234375e+01
4.247696685791015625e+01
4.206114959716796875e+01
4.164533233642578125e+01
4.122951126098632812e+01
4.081368637084960938e+01
4.039787292480468750e+01
3.998205184936523438e+01
3.956623077392578125e+01
3.915041351318359375e+01
3.873459243774414062e+01
3.831877517700195312e+01
3.790295410156250000e+01
