7.852772521972656250e+01
7.812142181396484375e+01
7.771512603759765625e+01
7.730883026123046875e+01
7.690253448486328125e+01
7.649623107910156250e+01
7.608993530273437500e+01
7.568363189697265625e+01
7.527734375000000000e+01
7.487104034423828125e+01
7.446474456787109375e+01
7.405844116210937500e+01
7.365215301513671875e+01
7.324585723876953125e+01
7.283954620361328125e+01
7.243325805664062500e+01
7.202695465087890625e+01
7.162065887451171875e+01
7.121435546875000000e+01
7.080805969238281250e+01
7.040177154541015625e+01
6.999546813964843750e+01
6.958917236328125000e+01
6.918286895751953125e+01
6.877656555175781250e+01
6.837027740478515625e+01
6.796398162841796875e+01
6.755767822265625000e+01
6.715138244628906250e+01
6.674507904052734375e+01
6.633878326416015625e+01
6.593248748779296875e+01
6.552619171142578125e+01
6.511989593505859375e+01
6.471359252929687500e+01
6.430729675292968750e+01
6.390099334716796875e+01
6.349470138549804688e+01
6.308840560913085938e+01
6.268210601806640625e+01
6.227580642700195312e+01
6.186951065063476562e+01
6.146321105957031250e+01
6.105691146850585938e+01
6.065061187744140625e+01
6.024431228637695312e+01
5.983802032470703125e+01
5.943171691894531250e+01
5.902541732788085938e+01
5.861911773681640625e+01
5.821282958984375000e+01
5.780652618408203125e+01
5.740022659301757812e+01
5.699392318725585938e+01
5.658763885498046875e+01
5.618133926391601562e+01
5.577503585815429688e+01
5.536873626708984375e+01
5.496243667602539062e+01
5.455614471435546875e+01
5.414984893798828125e+01
5.374354934692382812e+01
5.333724975585937500e+01
5.293095779418945312e+01
5.252466201782226562e+01
5.211835861206054688e+01
5.171205902099609375e+01
5.130576705932617188e+01
5.089946746826171875e+01
5.049317169189453125e+01
5.008687210083007812e+01
4.968057250976562500e+01
4.927427673339843750e+01
4.886797332763671875e+01
4.846167755126953125e+01
4.805538177490234375e+01
4.764908599853515625e+01
4.724278259277343750e+01
4.683648300170898438e+01
4.643018722534179688e+01
4.602389526367187500e+01
4.561759185791015625e+01
4.521129226684570312e+01
4.480499267578125000e+01
4.439870071411132812e+01
4.399240493774414062e+01
4.358610153198242188e+01
4.317980194091796875e+01
4.277350616455078125e+01
4.236721420288085938e+01
4.196091079711914062e+01
4.155461120605468750e+01
4.114831161499023438e+01
4.074201965332031250e+01
4.033572006225585938e+01
3.992942428588867188e+01
3.952312088012695312e+01
3.911682510375976562e+01
3.871053314208984375e+01
3.830422973632812500e+01
