6.710140991210937500e+01
6.690495300292968750e+01
6.670850372314453125e+01
6.651204681396484375e+01
6.631559753417968750e+01
6.611914062500000000e+01
6.592269134521484375e+01
6.572622680664062500e+01
6.552977752685546875e+01
6.533332061767578125e+01
6.513686370849609375e+01
6.494040679931640625e+01
6.474394989013671875e+01
6.454748535156250000e+01
6.435102844238281250e+01
6.415456390380859375e+01
6.395810317993164062e+01
6.376163482666015625e+01
6.356516265869140625e+01
6.336865234375000000e+01
6.317210388183593750e+01
6.297550964355468750e+01
6.277883911132812500e+01
6.258212661743164062e+01
6.238527679443359375e+01
6.218815994262695312e+01
6.199052810668945312e+01
6.179217529296875000e+01
6.159284591674804688e+01
6.139200210571289062e+01
6.118912506103515625e+01
6.098435974121093750e+01
6.077751922607421875e+01
6.056833267211914062e+01
6.035646438598632812e+01
6.014215850830078125e+01
5.992553710937500000e+01
5.970632934570312500e+01
5.948440551757812500e+01
5.925931167602539062e+01
5.903129196166992188e+01
5.880107498168945312e+01
5.856840133666992188e+01
5.833327484130859375e+01
5.809637832641601562e+01
5.785850143432617188e+01
5.761991119384765625e+01
5.738138580322265625e+01
5.714407730102539062e+01
5.690911865234375000e+01
5.667644882202148438e+01
5.644612884521484375e+01
5.621801757812500000e+01
5.599289321899414062e+01
5.577146911621093750e+01
5.555174636840820312e+01
5.532932281494140625e+01
5.509565734863281250e+01
5.485076141357421875e+01
5.459380722045898438e+01
5.432397842407226562e+01
5.404709243774414062e+01
5.376401138305664062e+01
5.347382354736328125e+01
5.317887878417968750e+01
5.288037872314453125e+01
5.257780838012695312e+01
5.226976013183593750e+01
5.195583343505859375e+01
5.163557434082031250e+01
5.130943679809570312e+01
5.097415161132812500e+01
5.063235092163085938e+01
5.028201675415039062e+01
4.992555618286132812e+01
4.956528472900390625e+01
4.920301818847656250e+01
4.883940124511718750e+01
4.847646713256835938e+01
4.811288452148437500e+01
4.774921417236328125e+01
4.738191604614257812e+01
4.700737762451171875e+01
4.663357925415039062e+01
4.625878906250000000e+01
4.588265228271484375e+01
4.550391769409179688e+01
4.512312698364257812e+01
4.474439239501953125e+01
4.436648941040039062e+01
4.399383926391601562e+01
4.362459564208984375e+01
4.325610733032226562e+01
4.288785171508789062e+01
4.252467727661132812e+01
4.216679763793945312e+01
4.181488418579101562e+01
4.146842956542968750e+01
4.112606048583984375e+01
4.078734588623046875e+01
