7.158673095703125000e+01
7.123681640625000000e+01
7.088808441162109375e+01
7.054093933105468750e+01
7.019557952880859375e+01
6.985195922851562500e+01
6.951033020019531250e+01
6.917098236083984375e+01
6.883425140380859375e+01
6.850030517578125000e+01
6.816911315917968750e+01
6.784018707275390625e+01
6.751378631591796875e+01
6.718983459472656250e+01
6.686854553222656250e+01
6.654981231689453125e+01
6.623318481445312500e+01
6.591902160644531250e+01
6.560701751708984375e+01
6.529703521728515625e+01
6.498934173583984375e+01
6.468379974365234375e+01
6.438052368164062500e+01
6.407972717285156250e+01
6.378130722045898438e+01
6.348506546020507812e+01
6.319091033935546875e+01
6.289892578125000000e+01
6.260899734497070312e+01
6.232095718383789062e+01
6.203473663330078125e+01
6.175011062622070312e+01
6.146693801879882812e+01
6.118511199951171875e+01
6.090491104125976562e+01
6.062625122070312500e+01
6.034869003295898438e+01
6.007212829589843750e+01
5.979644775390625000e+01
5.952175140380859375e+01
5.924767684936523438e+01
5.897374343872070312e+01
5.869982147216796875e+01
5.842555618286132812e+01
5.815042495727539062e+01
5.787383270263671875e+01
5.759572982788085938e+01
5.731543731689453125e+01
5.703382492065429688e+01
5.675112915039062500e+01
5.646744918823242188e+01
5.618415069580078125e+01
5.590067672729492188e+01
5.561779403686523438e+01
5.533673095703125000e+01
5.505759429931640625e+01
5.478223419189453125e+01
5.451110458374023438e+01
5.424245452880859375e+01
5.397354125976562500e+01
5.369849395751953125e+01
5.341114425659179688e+01
5.311338806152343750e+01
5.280766677856445312e+01
5.249474334716796875e+01
5.217661285400390625e+01
5.185345840454101562e+01
5.152984237670898438e+01
5.120354080200195312e+01
5.087236022949218750e+01
5.053454971313476562e+01
5.018931579589843750e+01
4.983913421630859375e+01
4.948308563232421875e+01
4.912133789062500000e+01
4.875397872924804688e+01
4.838333892822265625e+01
4.800994491577148438e+01
4.763306045532226562e+01
4.725463485717773438e+01
4.687522888183593750e+01
4.649466705322265625e+01
4.611411666870117188e+01
4.573130035400390625e+01
4.534665679931640625e+01
4.496351242065429688e+01
4.458157348632812500e+01
4.419961929321289062e+01
4.381674575805664062e+01
4.343389892578125000e+01
4.305310821533203125e+01
4.267510223388671875e+01
4.230082321166992188e+01
4.193006896972656250e+01
4.156391525268554688e+01
4.120190811157226562e+01
4.084183883666992188e+01
4.048286056518554688e+01
4.012631988525390625e+01
3.977318572998046875e+01
