6.852207946777343750e+01
6.827605438232421875e+01
6.802957916259765625e+01
6.778317260742187500e+01
6.753686523437500000e+01
6.729035949707031250e+01
6.704344177246093750e+01
6.679557800292968750e+01
6.654668426513671875e+01
6.629682922363281250e+01
6.604613494873046875e+01
6.579482269287109375e+01
6.554300689697265625e+01
6.529121398925781250e+01
6.503926849365234375e+01
6.478759765625000000e+01
6.453660583496093750e+01
6.428623962402343750e+01
6.403636932373046875e+01
6.378705215454101562e+01
6.353808593750000000e+01
6.328953552246093750e+01
6.304143905639648438e+01
6.279370117187500000e+01
6.254630661010742188e+01
6.229915618896484375e+01
6.205204391479492188e+01
6.180511093139648438e+01
6.155854797363281250e+01
6.131239700317382812e+01
6.106664276123046875e+01
6.082116699218750000e+01
6.057581710815429688e+01
6.033060455322265625e+01
6.008562850952148438e+01
5.984066772460937500e+01
5.959550094604492188e+01
5.934978866577148438e+01
5.910288619995117188e+01
5.885487747192382812e+01
5.860486221313476562e+01
5.835356140136718750e+01
5.810155105590820312e+01
5.784877395629882812e+01
5.759506607055664062e+01
5.733974456787109375e+01
5.708337020874023438e+01
5.682423782348632812e+01
5.656229400634765625e+01
5.629628372192382812e+01
5.602640914916992188e+01
5.575347900390625000e+01
5.547861099243164062e+01
5.520249557495117188e+01
5.492492294311523438e+01
5.464807891845703125e+01
5.437285995483398438e+01
5.409915924072265625e+01
5.382801818847656250e+01
5.355764770507812500e+01
5.328477859497070312e+01
5.300896453857421875e+01
5.273169326782226562e+01
5.245138931274414062e+01
5.216707611083984375e+01
5.187412643432617188e+01
5.156507492065429688e+01
5.124113464355468750e+01
5.090576171875000000e+01
5.056074523925781250e+01
5.021006393432617188e+01
4.985367965698242188e+01
4.949278640747070312e+01
4.912479782104492188e+01
4.875066375732421875e+01
4.837074279785156250e+01
4.798695373535156250e+01
4.760090255737304688e+01
4.721075820922851562e+01
4.682131576538085938e+01
4.643262863159179688e+01
4.604501724243164062e+01
4.565994644165039062e+01
4.527916717529296875e+01
4.490225982666015625e+01
4.452734756469726562e+01
4.415568161010742188e+01
4.378607177734375000e+01
4.341826629638671875e+01
4.305120468139648438e+01
4.268471145629882812e+01
4.231901550292968750e+01
4.195603179931640625e+01
4.159465026855468750e+01
4.123506927490234375e+01
4.087633895874023438e+01
4.051632308959960938e+01
4.015505599975585938e+01
3.979308700561523438e+01
3.943121337890625000e+01
