6.509548187255859375e+01
6.497003173828125000e+01
6.484307861328125000e+01
6.471451568603515625e+01
6.458434295654296875e+01
6.445275115966796875e+01
6.431965637207031250e+01
6.418537139892578125e+01
6.405009460449218750e+01
6.391415786743164062e+01
6.377743148803710938e+01
6.363999557495117188e+01
6.350159835815429688e+01
6.336221694946289062e+01
6.322182846069335938e+01
6.308053970336914062e+01
6.293821716308593750e+01
6.279503631591796875e+01
6.265093231201171875e+01
6.250585556030273438e+01
6.236003494262695312e+01
6.221343994140625000e+01
6.206602478027343750e+01
6.191778564453125000e+01
6.176852035522460938e+01
6.161798477172851562e+01
6.146612548828125000e+01
6.131196212768554688e+01
6.115517425537109375e+01
6.099526214599609375e+01
6.083139419555664062e+01
6.066369628906250000e+01
6.049184036254882812e+01
6.031580352783203125e+01
6.013521957397460938e+01
5.995059204101562500e+01
5.976224517822265625e+01
5.957030487060546875e+01
5.937516784667968750e+01
5.917764663696289062e+01
5.897840499877929688e+01
5.877843093872070312e+01
5.857710266113281250e+01
5.837413406372070312e+01
5.816979598999023438e+01
5.796396255493164062e+01
5.775528335571289062e+01
5.754327774047851562e+01
5.732869338989257812e+01
5.710852432250976562e+01
5.688187026977539062e+01
5.664788818359375000e+01
5.640613555908203125e+01
5.615781402587890625e+01
5.590175247192382812e+01
5.563835525512695312e+01
5.536869049072265625e+01
5.509428405761718750e+01
5.481427764892578125e+01
5.452933883666992188e+01
5.423789215087890625e+01
5.394231796264648438e+01
5.364195632934570312e+01
5.333771133422851562e+01
5.302995300292968750e+01
5.272061920166015625e+01
5.241118621826171875e+01
5.210039901733398438e+01
5.178662490844726562e+01
5.146863555908203125e+01
5.114571380615234375e+01
5.081676864624023438e+01
5.048165130615234375e+01
5.014057159423828125e+01
4.979444885253906250e+01
4.944242477416992188e+01
4.908441543579101562e+01
4.872282409667968750e+01
4.835773849487304688e+01
4.798979949951171875e+01
4.761966323852539062e+01
4.724723434448242188e+01
4.687295532226562500e+01
4.649793243408203125e+01
4.612152481079101562e+01
4.574566268920898438e+01
4.537013244628906250e+01
4.499517059326171875e+01
4.461980819702148438e+01
4.424504470825195312e+01
4.387122726440429688e+01
4.349762344360351562e+01
4.312496185302734375e+01
4.275322341918945312e+01
4.238339233398437500e+01
4.201496887207031250e+01
4.164821624755859375e+01
4.128236389160156250e+01
4.091740036010742188e+01
4.055372619628906250e+01
