6.799950408935546875e+01
6.780367279052734375e+01
6.760889434814453125e+01
6.741544342041015625e+01
6.722362518310546875e+01
6.703346252441406250e+01
6.684440612792968750e+01
6.665618896484375000e+01
6.646865844726562500e+01
6.628150177001953125e+01
6.609464263916015625e+01
6.590821075439453125e+01
6.572201538085937500e+01
6.553603363037109375e+01
6.535025024414062500e+01
6.516454315185546875e+01
6.497882843017578125e+01
6.479309082031250000e+01
6.460729980468750000e+01
6.442145538330078125e+01
6.423554992675781250e+01
6.404958343505859375e+01
6.386355209350585938e+01
6.367747116088867188e+01
6.349134826660156250e+01
6.330518341064453125e+01
6.311898803710937500e+01
6.293275451660156250e+01
6.274647140502929688e+01
6.256013870239257812e+01
6.237377548217773438e+01
6.218740081787109375e+01
6.200100708007812500e+01
6.181465911865234375e+01
6.162834930419921875e+01
6.143856811523437500e+01
6.124260330200195312e+01
6.103735351562500000e+01
6.082241821289062500e+01
6.059664916992187500e+01
6.036212539672851562e+01
6.011892700195312500e+01
5.987046432495117188e+01
5.962105941772460938e+01
5.936957168579101562e+01
5.911940002441406250e+01
5.887026214599609375e+01
5.862123107910156250e+01
5.837229156494140625e+01
5.812169647216796875e+01
5.786647033691406250e+01
5.760525894165039062e+01
5.733797836303710938e+01
5.706409835815429688e+01
5.678305816650390625e+01
5.649612808227539062e+01
5.620213699340820312e+01
5.589525985717773438e+01
5.556802368164062500e+01
5.523481750488281250e+01
5.489697265625000000e+01
5.455533218383789062e+01
5.420755004882812500e+01
5.385575103759765625e+01
5.350092697143554688e+01
5.314351654052734375e+01
5.278598785400390625e+01
5.242798614501953125e+01
5.207031631469726562e+01
5.171380233764648438e+01
5.135782241821289062e+01
5.100195693969726562e+01
5.064680480957031250e+01
5.029380798339843750e+01
4.994017028808593750e+01
4.958156585693359375e+01
4.921265029907226562e+01
4.883982086181640625e+01
4.846529006958007812e+01
4.808784484863281250e+01
4.770757293701171875e+01
4.732338714599609375e+01
4.693423843383789062e+01
4.654005432128906250e+01
4.614117431640625000e+01
4.573955917358398438e+01
4.533494567871093750e+01
4.492905807495117188e+01
4.452453994750976562e+01
4.412274932861328125e+01
4.372481536865234375e+01
4.333240890502929688e+01
4.294386672973632812e+01
4.256219100952148438e+01
4.218954849243164062e+01
4.182612991333007812e+01
4.147211837768554688e+01
4.112818908691406250e+01
4.079283142089843750e+01
4.046709442138671875e+01
