6.777763366699218750e+01
6.757121276855468750e+01
6.736543273925781250e+01
6.716015625000000000e+01
6.695528411865234375e+01
6.675084686279296875e+01
6.654679107666015625e+01
6.634320831298828125e+01
6.614015960693359375e+01
6.593770599365234375e+01
6.573571777343750000e+01
6.553429412841796875e+01
6.533345031738281250e+01
6.513308715820312500e+01
6.493312835693359375e+01
6.473357391357421875e+01
6.453433227539062500e+01
6.433522796630859375e+01
6.413603210449218750e+01
6.393673706054687500e+01
6.373732376098632812e+01
6.353773117065429688e+01
6.333788681030273438e+01
6.313792037963867188e+01
6.293780899047851562e+01
6.273771286010742188e+01
6.253744888305664062e+01
6.233674240112304688e+01
6.213541030883789062e+01
6.193302536010742188e+01
6.172911834716796875e+01
6.152404022216796875e+01
6.131772232055664062e+01
6.111021423339843750e+01
6.090183258056640625e+01
6.069221496582031250e+01
6.048098754882812500e+01
6.026770019531250000e+01
6.005251693725585938e+01
5.983420562744140625e+01
5.961248397827148438e+01
5.938813781738281250e+01
5.916146850585937500e+01
5.893150711059570312e+01
5.869981384277343750e+01
5.846801757812500000e+01
5.823446655273437500e+01
5.800101470947265625e+01
5.776853179931640625e+01
5.753716278076171875e+01
5.730581665039062500e+01
5.707096481323242188e+01
5.683274841308593750e+01
5.658981704711914062e+01
5.634091186523437500e+01
5.608611679077148438e+01
5.582177734375000000e+01
5.554904556274414062e+01
5.527066802978515625e+01
5.498469161987304688e+01
5.469225311279296875e+01
5.439347839355468750e+01
5.408914947509765625e+01
5.377946090698242188e+01
5.346083450317382812e+01
5.313602447509765625e+01
5.280458831787109375e+01
5.246536254882812500e+01
5.212234497070312500e+01
5.177663421630859375e+01
5.142647933959960938e+01
5.106940841674804688e+01
5.071092224121093750e+01
5.035372161865234375e+01
4.999860382080078125e+01
4.964429473876953125e+01
4.929275512695312500e+01
4.894308090209960938e+01
4.859354400634765625e+01
4.824377441406250000e+01
4.789418792724609375e+01
4.754343795776367188e+01
4.719239044189453125e+01
4.684323501586914062e+01
4.649367904663085938e+01
4.614324569702148438e+01
4.579060363769531250e+01
4.543730545043945312e+01
4.508374404907226562e+01
4.472934722900390625e+01
4.437151718139648438e+01
4.401139068603515625e+01
4.364879226684570312e+01
4.328276824951171875e+01
4.291352081298828125e+01
4.254175949096679688e+01
4.216697692871093750e+01
4.179105377197265625e+01
4.141464996337890625e+01
4.103739166259765625e+01
