6.981665802001953125e+01
6.959618377685546875e+01
6.937244415283203125e+01
6.914620971679687500e+01
6.891748809814453125e+01
6.868663024902343750e+01
6.845410156250000000e+01
6.822024536132812500e+01
6.798522186279296875e+01
6.774891662597656250e+01
6.751192474365234375e+01
6.727442169189453125e+01
6.703646850585937500e+01
6.679795837402343750e+01
6.655915069580078125e+01
6.631993865966796875e+01
6.608061218261718750e+01
6.584139251708984375e+01
6.560234069824218750e+01
6.536350250244140625e+01
6.512489318847656250e+01
6.488686370849609375e+01
6.464920043945312500e+01
6.441220855712890625e+01
6.417643737792968750e+01
6.394165039062500000e+01
6.370702362060546875e+01
6.347221374511718750e+01
6.323757171630859375e+01
6.300223922729492188e+01
6.276639175415039062e+01
6.252960586547851562e+01
6.229040145874023438e+01
6.204836273193359375e+01
6.180305862426757812e+01
6.155290222167968750e+01
6.129900360107421875e+01
6.103979110717773438e+01
6.077623748779296875e+01
6.050838470458984375e+01
6.023846817016601562e+01
5.996891784667968750e+01
5.970029449462890625e+01
5.943138885498046875e+01
5.916445541381835938e+01
5.890124511718750000e+01
5.864173889160156250e+01
5.838453674316406250e+01
5.813122177124023438e+01
5.787943267822265625e+01
5.762591934204101562e+01
5.737060546875000000e+01
5.711166763305664062e+01
5.684565353393554688e+01
5.657236099243164062e+01
5.629200363159179688e+01
5.600129699707031250e+01
5.570122528076171875e+01
5.539165878295898438e+01
5.507369613647460938e+01
5.474632263183593750e+01
5.441013336181640625e+01
5.406586074829101562e+01
5.371297073364257812e+01
5.335548019409179688e+01
5.299440002441406250e+01
5.263139343261718750e+01
5.226656341552734375e+01
5.190008544921875000e+01
5.153367614746093750e+01
5.117008972167968750e+01
5.081065368652343750e+01
5.045485305786132812e+01
5.010219955444335938e+01
4.974917602539062500e+01
4.939683151245117188e+01
4.904585266113281250e+01
4.869224166870117188e+01
4.833601379394531250e+01
4.797999191284179688e+01
4.762104415893554688e+01
4.725984573364257812e+01
4.689836883544921875e+01
4.653544235229492188e+01
4.617287063598632812e+01
4.580932998657226562e+01
4.544519805908203125e+01
4.507877349853515625e+01
4.471178436279296875e+01
4.434526062011718750e+01
4.397702026367187500e+01
4.361038208007812500e+01
4.324499893188476562e+01
4.287768173217773438e+01
4.251153182983398438e+01
4.214584732055664062e+01
4.177720260620117188e+01
4.140638351440429688e+01
4.103473281860351562e+01
4.065983963012695312e+01
