6.940067291259765625e+01
6.914900207519531250e+01
6.889680480957031250e+01
6.864424133300781250e+01
6.839134216308593750e+01
6.813810729980468750e+01
6.788456726074218750e+01
6.763074493408203125e+01
6.737663269042968750e+01
6.712220764160156250e+01
6.686752319335937500e+01
6.661257171630859375e+01
6.635736083984375000e+01
6.610198974609375000e+01
6.584642791748046875e+01
6.559070587158203125e+01
6.533487701416015625e+01
6.507894897460937500e+01
6.482292938232421875e+01
6.456684875488281250e+01
6.431067657470703125e+01
6.405445861816406250e+01
6.379819107055664062e+01
6.354191589355468750e+01
6.328562927246093750e+01
6.302939224243164062e+01
6.277309799194335938e+01
6.251667404174804688e+01
6.226016616821289062e+01
6.200348663330078125e+01
6.174666595458984375e+01
6.148965835571289062e+01
6.123220443725585938e+01
6.097403335571289062e+01
6.071509552001953125e+01
6.045540618896484375e+01
6.019483947753906250e+01
5.993341064453125000e+01
5.967121887207031250e+01
5.940867233276367188e+01
5.914609909057617188e+01
5.888414382934570312e+01
5.862312698364257812e+01
5.836301422119140625e+01
5.810387039184570312e+01
5.784598541259765625e+01
5.758955001831054688e+01
5.733461380004882812e+01
5.708067703247070312e+01
5.682818603515625000e+01
5.657698440551757812e+01
5.632596969604492188e+01
5.607397842407226562e+01
5.581999969482421875e+01
5.555987548828125000e+01
5.529093933105468750e+01
5.501299667358398438e+01
5.472590637207031250e+01
5.443107986450195312e+01
5.413047027587890625e+01
5.382482147216796875e+01
5.351712799072265625e+01
5.320743179321289062e+01
5.289593887329101562e+01
5.258255004882812500e+01
5.226456451416015625e+01
5.194024276733398438e+01
5.160926818847656250e+01
5.127053070068359375e+01
5.092612075805664062e+01
5.057298278808593750e+01
5.021267318725585938e+01
4.984669113159179688e+01
4.947627258300781250e+01
4.910047149658203125e+01
4.872257614135742188e+01
4.834142303466796875e+01
4.795619583129882812e+01
4.756912612915039062e+01
4.718238830566406250e+01
4.679846191406250000e+01
4.641482162475585938e+01
4.603034210205078125e+01
4.564535522460937500e+01
4.526072692871093750e+01
4.487604141235351562e+01
4.449400329589843750e+01
4.411460113525390625e+01
4.373759078979492188e+01
4.336309051513671875e+01
4.299213409423828125e+01
4.262273788452148438e+01
4.225453186035156250e+01
4.188738250732421875e+01
4.152256774902343750e+01
4.116101837158203125e+01
4.080267715454101562e+01
4.044727706909179688e+01
4.009479141235351562e+01
3.974461746215820312e+01
