6.572618865966796875e+01
6.566557312011718750e+01
6.560473632812500000e+01
6.554345703125000000e+01
6.548109436035156250e+01
6.541606140136718750e+01
6.534743499755859375e+01
6.527406311035156250e+01
6.519250488281250000e+01
6.510030364990234375e+01
6.499845123291015625e+01
6.488704681396484375e+01
6.476795959472656250e+01
6.464228057861328125e+01
6.451069641113281250e+01
6.437403106689453125e+01
6.423310089111328125e+01
6.408811950683593750e+01
6.393738937377929688e+01
6.378017807006835938e+01
6.361705780029296875e+01
6.344786071777343750e+01
6.327094650268554688e+01
6.308784484863281250e+01
6.289897918701171875e+01
6.270466232299804688e+01
6.250755691528320312e+01
6.230806732177734375e+01
6.210535430908203125e+01
6.190019989013671875e+01
6.169176864624023438e+01
6.148032379150390625e+01
6.126711273193359375e+01
6.105133056640625000e+01
6.083278274536132812e+01
6.061156463623046875e+01
6.038668441772460938e+01
6.015991592407226562e+01
5.993108367919921875e+01
5.969948577880859375e+01
5.946570587158203125e+01
5.922775650024414062e+01
5.898449707031250000e+01
5.873546218872070312e+01
5.848153305053710938e+01
5.822302246093750000e+01
5.795812606811523438e+01
5.768815231323242188e+01
5.741375732421875000e+01
5.713587570190429688e+01
5.685336303710937500e+01
5.656641006469726562e+01
5.627541351318359375e+01
5.598022079467773438e+01
5.568241119384765625e+01
5.538032531738281250e+01
5.507315826416015625e+01
5.476180267333984375e+01
5.444521331787109375e+01
5.412242126464843750e+01
5.379404067993164062e+01
5.346059799194335938e+01
5.312204360961914062e+01
5.277989959716796875e+01
5.243386077880859375e+01
5.208472824096679688e+01
5.173275375366210938e+01
5.137806320190429688e+01
5.102140808105468750e+01
5.066263198852539062e+01
5.030215072631835938e+01
4.994004058837890625e+01
4.957750320434570312e+01
4.921561813354492188e+01
4.885551452636718750e+01
4.849669647216796875e+01
4.813919067382812500e+01
4.778203201293945312e+01
4.742643356323242188e+01
4.707172393798828125e+01
4.671790695190429688e+01
4.636629104614257812e+01
4.601568984985351562e+01
4.566652679443359375e+01
4.531928634643554688e+01
4.497283554077148438e+01
4.462648773193359375e+01
4.428060150146484375e+01
4.393495559692382812e+01
4.358915710449218750e+01
4.324414825439453125e+01
4.289986801147460938e+01
4.255614089965820312e+01
4.221339416503906250e+01
4.187049865722656250e+01
4.152725219726562500e+01
4.118394088745117188e+01
4.084160614013671875e+01
4.050030899047851562e+01
4.015982055664062500e+01
