6.957381439208984375e+01
6.935292816162109375e+01
6.913173675537109375e+01
6.891018676757812500e+01
6.868824005126953125e+01
6.846593475341796875e+01
6.824330139160156250e+01
6.802037048339843750e+01
6.779705047607421875e+01
6.757324981689453125e+01
6.734889221191406250e+01
6.712376403808593750e+01
6.689776611328125000e+01
6.667098236083984375e+01
6.644350433349609375e+01
6.621542358398437500e+01
6.598680114746093750e+01
6.575762939453125000e+01
6.552784729003906250e+01
6.529738616943359375e+01
6.506620025634765625e+01
6.483458709716796875e+01
6.460235595703125000e+01
6.436988830566406250e+01
6.413732910156250000e+01
6.390456008911132812e+01
6.367095184326171875e+01
6.343703842163085938e+01
6.320278930664062500e+01
6.296868896484375000e+01
6.273486328125000000e+01
6.250173568725585938e+01
6.226968002319335938e+01
6.203697204589843750e+01
6.180509567260742188e+01
6.157344055175781250e+01
6.134435272216796875e+01
6.111662292480468750e+01
6.088906860351562500e+01
6.066087722778320312e+01
6.043393325805664062e+01
6.020694351196289062e+01
5.997448730468750000e+01
5.973809814453125000e+01
5.949612045288085938e+01
5.924880599975585938e+01
5.899589157104492188e+01
5.873537826538085938e+01
5.846818923950195312e+01
5.819775390625000000e+01
5.792169952392578125e+01
5.764113616943359375e+01
5.735453796386718750e+01
5.706341552734375000e+01
5.676936721801757812e+01
5.646884155273437500e+01
5.616085815429687500e+01
5.584601593017578125e+01
5.552544021606445312e+01
5.520162963867187500e+01
5.487340927124023438e+01
5.453971481323242188e+01
5.420243072509765625e+01
5.386152267456054688e+01
5.351925277709960938e+01
5.317348861694335938e+01
5.282550430297851562e+01
5.247492599487304688e+01
5.212329864501953125e+01
5.177094268798828125e+01
5.141731262207031250e+01
5.106295394897460938e+01
5.070746994018554688e+01
5.035177993774414062e+01
4.999551010131835938e+01
4.963898849487304688e+01
4.928248214721679688e+01
4.892651748657226562e+01
4.856972122192382812e+01
4.821211242675781250e+01
4.785467147827148438e+01
4.749629211425781250e+01
4.713771057128906250e+01
4.677686691284179688e+01
4.641475677490234375e+01
4.605171203613281250e+01
4.568872070312500000e+01
4.532550048828125000e+01
4.496169281005859375e+01
4.459879302978515625e+01
4.423715209960937500e+01
4.387710189819335938e+01
4.352070999145507812e+01
4.316752624511718750e+01
4.281834030151367188e+01
4.247281265258789062e+01
4.213399124145507812e+01
4.179925155639648438e+01
4.146953201293945312e+01
4.114515304565429688e+01
