6.228347015380859375e+01
6.226065826416015625e+01
6.223837661743164062e+01
6.221651077270507812e+01
6.219485473632812500e+01
6.217318725585937500e+01
6.215117645263671875e+01
6.212898635864257812e+01
6.210617828369140625e+01
6.208256530761718750e+01
6.205817413330078125e+01
6.203290557861328125e+01
6.200678253173828125e+01
6.197958755493164062e+01
6.195104980468750000e+01
6.192053604125976562e+01
6.188811111450195312e+01
6.185361099243164062e+01
6.181726455688476562e+01
6.177880859375000000e+01
6.173770523071289062e+01
6.169403076171875000e+01
6.164798736572265625e+01
6.159925460815429688e+01
6.154734039306640625e+01
6.149020385742187500e+01
6.142658996582031250e+01
6.135591506958007812e+01
6.127634811401367188e+01
6.118887710571289062e+01
6.109407424926757812e+01
6.098945617675781250e+01
6.087366867065429688e+01
6.074784851074218750e+01
6.061294937133789062e+01
6.047100830078125000e+01
6.032093429565429688e+01
6.016290283203125000e+01
6.000218200683593750e+01
5.983922576904296875e+01
5.967428588867187500e+01
5.951354598999023438e+01
5.935358810424804688e+01
5.919322586059570312e+01
5.903337478637695312e+01
5.887616729736328125e+01
5.872277450561523438e+01
5.856639862060546875e+01
5.840411376953125000e+01
5.823231887817382812e+01
5.804636001586914062e+01
5.784557342529296875e+01
5.763930130004882812e+01
5.741971206665039062e+01
5.718300247192382812e+01
5.693154144287109375e+01
5.667082595825195312e+01
5.640083312988281250e+01
5.612392425537109375e+01
5.583393859863281250e+01
5.553893280029296875e+01
5.524219131469726562e+01
5.494243240356445312e+01
5.463887405395507812e+01
5.433060455322265625e+01
5.402454757690429688e+01
5.371540451049804688e+01
5.340398788452148438e+01
5.308646392822265625e+01
5.276284790039062500e+01
5.243551635742187500e+01
5.209892654418945312e+01
5.176221084594726562e+01
5.142024993896484375e+01
5.107598114013671875e+01
5.072813415527343750e+01
5.038028717041015625e+01
5.002482604980468750e+01
4.966310882568359375e+01
4.929203414916992188e+01
4.891460418701171875e+01
4.853381347656250000e+01
4.815033340454101562e+01
4.776353454589843750e+01
4.737953948974609375e+01
4.699586105346679688e+01
4.661764144897460938e+01
4.624277496337890625e+01
4.587039184570312500e+01
4.549981689453125000e+01
4.512538528442382812e+01
4.475228500366210938e+01
4.438056945800781250e+01
4.401233673095703125e+01
4.364643478393554688e+01
4.328773498535156250e+01
4.293663406372070312e+01
4.258793258666992188e+01
4.224163436889648438e+01
4.190058135986328125e+01
