6.692185974121093750e+01
6.679331207275390625e+01
6.666477203369140625e+01
6.653622436523437500e+01
6.640767669677734375e+01
6.627911376953125000e+01
6.615054321289062500e+01
6.602192687988281250e+01
6.589324951171875000e+01
6.576444244384765625e+01
6.563539123535156250e+01
6.550592041015625000e+01
6.537580108642578125e+01
6.524498748779296875e+01
6.511338806152343750e+01
6.498091888427734375e+01
6.484755706787109375e+01
6.471311187744140625e+01
6.457762145996093750e+01
6.444080352783203125e+01
6.430218505859375000e+01
6.416186523437500000e+01
6.401947021484375000e+01
6.387454986572265625e+01
6.372756576538085938e+01
6.357793807983398438e+01
6.342611312866210938e+01
6.327222061157226562e+01
6.311601257324218750e+01
6.295672607421875000e+01
6.279417419433593750e+01
6.262800979614257812e+01
6.245780944824218750e+01
6.228491592407226562e+01
6.210831832885742188e+01
6.192645645141601562e+01
6.174091720581054688e+01
6.155233001708984375e+01
6.136141967773437500e+01
6.116797256469726562e+01
6.097198486328125000e+01
6.077210617065429688e+01
6.056882476806640625e+01
6.036204910278320312e+01
6.015164184570312500e+01
5.993609619140625000e+01
5.971349334716796875e+01
5.948307418823242188e+01
5.924674987792968750e+01
5.900262832641601562e+01
5.875210571289062500e+01
5.849465179443359375e+01
5.822969818115234375e+01
5.795842361450195312e+01
5.768203735351562500e+01
5.740156555175781250e+01
5.711834716796875000e+01
5.683260345458984375e+01
5.654410552978515625e+01
5.625426864624023438e+01
5.596157455444335938e+01
5.566356658935546875e+01
5.536083984375000000e+01
5.505201339721679688e+01
5.473727035522460938e+01
5.441476058959960938e+01
5.408499908447265625e+01
5.374586868286132812e+01
5.339728927612304688e+01
5.304264450073242188e+01
5.268325424194335938e+01
5.232080078125000000e+01
5.195709228515625000e+01
5.159132385253906250e+01
5.122349548339843750e+01
5.085485458374023438e+01
5.048467636108398438e+01
5.011258697509765625e+01
4.973807144165039062e+01
4.936090087890625000e+01
4.898292541503906250e+01
4.860429000854492188e+01
4.822249603271484375e+01
4.783892059326171875e+01
4.745426559448242188e+01
4.706784057617187500e+01
4.667906570434570312e+01
4.629011154174804688e+01
4.590057754516601562e+01
4.551147842407226562e+01
4.512178802490234375e+01
4.473234558105468750e+01
4.434476089477539062e+01
4.395662689208984375e+01
4.356930541992187500e+01
4.318472671508789062e+01
4.280399703979492188e+01
4.242677688598632812e+01
4.205527496337890625e+01
4.168835830688476562e+01
