6.594378662109375000e+01
6.576398468017578125e+01
6.558235168457031250e+01
6.539934539794921875e+01
6.521587371826171875e+01
6.503218078613281250e+01
6.484864807128906250e+01
6.466538238525390625e+01
6.448268127441406250e+01
6.430048370361328125e+01
6.411873626708984375e+01
6.393712615966796875e+01
6.375549316406250000e+01
6.357373809814453125e+01
6.339208221435546875e+01
6.321035003662109375e+01
6.302886199951171875e+01
6.284774017333984375e+01
6.266719436645507812e+01
6.248730087280273438e+01
6.230828475952148438e+01
6.213024520874023438e+01
6.195307922363281250e+01
6.177682495117187500e+01
6.160151672363281250e+01
6.142698669433593750e+01
6.125304031372070312e+01
6.107936096191406250e+01
6.090580749511718750e+01
6.073162460327148438e+01
6.055609512329101562e+01
6.037851715087890625e+01
6.019853210449218750e+01
6.001528549194335938e+01
5.982792282104492188e+01
5.963619613647460938e+01
5.944004440307617188e+01
5.923966598510742188e+01
5.903510284423828125e+01
5.882632827758789062e+01
5.861433029174804688e+01
5.840029144287109375e+01
5.818381118774414062e+01
5.796587753295898438e+01
5.774715042114257812e+01
5.752794647216796875e+01
5.730881500244140625e+01
5.708910369873046875e+01
5.686959075927734375e+01
5.664968872070312500e+01
5.643011856079101562e+01
5.621026229858398438e+01
5.598997116088867188e+01
5.576898574829101562e+01
5.554636383056640625e+01
5.531986236572265625e+01
5.508524322509765625e+01
5.484149551391601562e+01
5.458718490600585938e+01
5.432268905639648438e+01
5.404968261718750000e+01
5.377116012573242188e+01
5.348856353759765625e+01
5.320270538330078125e+01
5.291432189941406250e+01
5.262237930297851562e+01
5.232628250122070312e+01
5.202518081665039062e+01
5.171868896484375000e+01
5.140645599365234375e+01
5.108814239501953125e+01
5.076243209838867188e+01
5.042905426025390625e+01
5.009000015258789062e+01
4.974621200561523438e+01
4.939843750000000000e+01
4.904559707641601562e+01
4.868883132934570312e+01
4.832989120483398438e+01
4.796804428100585938e+01
4.760359954833984375e+01
4.723898315429687500e+01
4.687182617187500000e+01
4.650315093994140625e+01
4.613468933105468750e+01
4.576630020141601562e+01
4.539953613281250000e+01
4.503621673583984375e+01
4.467668914794921875e+01
4.431985473632812500e+01
4.396657180786132812e+01
4.361645507812500000e+01
4.327042388916015625e+01
4.293003082275390625e+01
4.259325027465820312e+01
4.225931549072265625e+01
4.192889404296875000e+01
4.160171127319335938e+01
4.127577972412109375e+01
4.095357131958007812e+01
