6.706674957275390625e+01
6.688201904296875000e+01
6.669720458984375000e+01
6.651232147216796875e+01
6.632736968994140625e+01
6.614234924316406250e+01
6.595726776123046875e+01
6.577210998535156250e+01
6.558684539794921875e+01
6.540153503417968750e+01
6.521620941162109375e+01
6.503087615966796875e+01
6.484557342529296875e+01
6.466030120849609375e+01
6.447512054443359375e+01
6.429011535644531250e+01
6.410530853271484375e+01
6.392071914672851562e+01
6.373634719848632812e+01
6.355217742919921875e+01
6.336823654174804688e+01
6.318453979492187500e+01
6.300110626220703125e+01
6.281803512573242188e+01
6.263523483276367188e+01
6.245233917236328125e+01
6.226911163330078125e+01
6.208477783203125000e+01
6.189912796020507812e+01
6.171184539794921875e+01
6.152198028564453125e+01
6.132888412475585938e+01
6.113189697265625000e+01
6.093166732788085938e+01
6.072878265380859375e+01
6.052323913574218750e+01
6.031558990478515625e+01
6.010622024536132812e+01
5.989533996582031250e+01
5.968323898315429688e+01
5.946886444091796875e+01
5.925156402587890625e+01
5.903110885620117188e+01
5.880707550048828125e+01
5.857841873168945312e+01
5.834385299682617188e+01
5.810326004028320312e+01
5.785684204101562500e+01
5.760592651367187500e+01
5.735089492797851562e+01
5.709348297119140625e+01
5.683425140380859375e+01
5.657432937622070312e+01
5.631399917602539062e+01
5.605322265625000000e+01
5.579100799560546875e+01
5.552777099609375000e+01
5.526317596435546875e+01
5.499737167358398438e+01
5.472955703735351562e+01
5.445886993408203125e+01
5.418600463867187500e+01
5.390997314453125000e+01
5.362743377685546875e+01
5.333690261840820312e+01
5.304060745239257812e+01
5.273847961425781250e+01
5.242955017089843750e+01
5.211129379272460938e+01
5.178342437744140625e+01
5.144734573364257812e+01
5.110487365722656250e+01
5.075738525390625000e+01
5.040772247314453125e+01
5.005576705932617188e+01
4.970134735107421875e+01
4.934379959106445312e+01
4.898096847534179688e+01
4.861374664306640625e+01
4.824211883544921875e+01
4.786852645874023438e+01
4.749240112304687500e+01
4.711249542236328125e+01
4.672651672363281250e+01
4.633793258666992188e+01
4.594977569580078125e+01
4.556449508666992188e+01
4.518372726440429688e+01
4.480426788330078125e+01
4.442760467529296875e+01
4.405385208129882812e+01
4.368516540527343750e+01
4.331866455078125000e+01
4.295837020874023438e+01
4.260286712646484375e+01
4.225242996215820312e+01
4.190941238403320312e+01
4.157004928588867188e+01
4.123278427124023438e+01
4.089715194702148438e+01
