7.266893768310546875e+01
7.237632751464843750e+01
7.208362579345703125e+01
7.179081726074218750e+01
7.149790954589843750e+01
7.120487976074218750e+01
7.091175842285156250e+01
7.061856079101562500e+01
7.032527160644531250e+01
7.003189086914062500e+01
6.973841094970703125e+01
6.944483184814453125e+01
6.915110778808593750e+01
6.885715484619140625e+01
6.856291961669921875e+01
6.826834869384765625e+01
6.797337341308593750e+01
6.767795562744140625e+01
6.738208770751953125e+01
6.708576965332031250e+01
6.678914642333984375e+01
6.649215698242187500e+01
6.619481658935546875e+01
6.589736175537109375e+01
6.559965515136718750e+01
6.530174255371093750e+01
6.500376892089843750e+01
6.470591735839843750e+01
6.440811920166015625e+01
6.411061859130859375e+01
6.381305694580078125e+01
6.351576995849609375e+01
6.321872711181640625e+01
6.292267990112304688e+01
6.262740325927734375e+01
6.233343887329101562e+01
6.204000473022460938e+01
6.174769210815429688e+01
6.145552062988281250e+01
6.116289138793945312e+01
6.087107849121093750e+01
6.057962036132812500e+01
6.028814315795898438e+01
5.999694061279296875e+01
5.970571136474609375e+01
5.941585922241210938e+01
5.912686920166015625e+01
5.883884048461914062e+01
5.855119705200195312e+01
5.826397323608398438e+01
5.797745132446289062e+01
5.769149398803710938e+01
5.740658950805664062e+01
5.712186813354492188e+01
5.683722305297851562e+01
5.655261230468750000e+01
5.626787567138671875e+01
5.598300933837890625e+01
5.569843292236328125e+01
5.541313934326171875e+01
5.512516784667968750e+01
5.480803298950195312e+01
5.446889495849609375e+01
5.412637329101562500e+01
5.377974700927734375e+01
5.342836380004882812e+01
5.307191848754882812e+01
5.271368408203125000e+01
5.235140609741210938e+01
5.198430252075195312e+01
5.161354827880859375e+01
5.124033737182617188e+01
5.086551666259765625e+01
5.048973083496093750e+01
5.011325836181640625e+01
4.973743057250976562e+01
4.936151504516601562e+01
4.898675918579101562e+01
4.861160278320312500e+01
4.823621368408203125e+01
4.786164474487304688e+01
4.748616409301757812e+01
4.711066055297851562e+01
4.673531723022460938e+01
4.636007308959960938e+01
4.598545455932617188e+01
4.561254882812500000e+01
4.523962020874023438e+01
4.486725997924804688e+01
4.449520492553710938e+01
4.412414550781250000e+01
4.375348663330078125e+01
4.338390731811523438e+01
4.301668167114257812e+01
4.265074539184570312e+01
4.228463363647460938e+01
4.191921997070312500e+01
4.155611801147460938e+01
4.119467163085937500e+01
4.083531188964843750e+01
