6.561125183105468750e+01
6.544168853759765625e+01
6.527228546142578125e+01
6.510301971435546875e+01
6.493386077880859375e+01
6.476479339599609375e+01
6.459577178955078125e+01
6.442677307128906250e+01
6.425778961181640625e+01
6.408882141113281250e+01
6.391985321044921875e+01
6.375088500976562500e+01
6.358192443847656250e+01
6.341297149658203125e+01
6.324398422241210938e+01
6.307493209838867188e+01
6.290575790405273438e+01
6.273648071289062500e+01
6.256704330444335938e+01
6.239739990234375000e+01
6.222767257690429688e+01
6.205788040161132812e+01
6.188800430297851562e+01
6.171784591674804688e+01
6.154732513427734375e+01
6.137655639648437500e+01
6.120547866821289062e+01
6.103362655639648438e+01
6.086069869995117188e+01
6.068687820434570312e+01
6.051090240478515625e+01
6.033211517333984375e+01
6.015046691894531250e+01
5.996519470214843750e+01
5.977614974975585938e+01
5.958278274536132812e+01
5.938551712036132812e+01
5.918439483642578125e+01
5.897976684570312500e+01
5.877262115478515625e+01
5.856256484985351562e+01
5.835058212280273438e+01
5.813679122924804688e+01
5.792076873779296875e+01
5.770107269287109375e+01
5.747799301147460938e+01
5.725139617919921875e+01
5.702185440063476562e+01
5.678855895996093750e+01
5.655161285400390625e+01
5.630891799926757812e+01
5.606008148193359375e+01
5.580715179443359375e+01
5.555133819580078125e+01
5.529222106933593750e+01
5.503143310546875000e+01
5.476849365234375000e+01
5.450095748901367188e+01
5.422888946533203125e+01
5.395240783691406250e+01
5.367018127441406250e+01
5.338384246826171875e+01
5.309390258789062500e+01
5.279998016357421875e+01
5.249991607666015625e+01
5.219582366943359375e+01
5.188712310791015625e+01
5.157507324218750000e+01
5.126058197021484375e+01
5.094337463378906250e+01
5.061098098754882812e+01
5.026710891723632812e+01
4.991821289062500000e+01
4.956540679931640625e+01
4.920812606811523438e+01
4.884497451782226562e+01
4.847795867919921875e+01
4.810877227783203125e+01
4.773689651489257812e+01
4.736215972900390625e+01
4.698523330688476562e+01
4.660594177246093750e+01
4.622512054443359375e+01
4.584230041503906250e+01
4.545938873291015625e+01
4.507549285888671875e+01
4.469165039062500000e+01
4.430851745605468750e+01
4.392686462402343750e+01
4.354596328735351562e+01
4.316643524169921875e+01
4.278882217407226562e+01
4.241237640380859375e+01
4.203812408447265625e+01
4.166465759277343750e+01
4.129396438598632812e+01
4.092653274536132812e+01
4.056170654296875000e+01
4.019972229003906250e+01
3.984051132202148438e+01
