6.763726806640625000e+01
6.749966430664062500e+01
6.736031341552734375e+01
6.721903228759765625e+01
6.707591247558593750e+01
6.693048858642578125e+01
6.678213500976562500e+01
6.663072967529296875e+01
6.647627258300781250e+01
6.631896972656250000e+01
6.615927886962890625e+01
6.599753570556640625e+01
6.583394622802734375e+01
6.566878509521484375e+01
6.550193023681640625e+01
6.533296966552734375e+01
6.516182708740234375e+01
6.498838043212890625e+01
6.481284332275390625e+01
6.463550567626953125e+01
6.445626068115234375e+01
6.427528381347656250e+01
6.409239959716796875e+01
6.390784454345703125e+01
6.372147750854492188e+01
6.353291320800781250e+01
6.334155654907226562e+01
6.314761734008789062e+01
6.295067214965820312e+01
6.274942779541015625e+01
6.254389953613281250e+01
6.233416366577148438e+01
6.212047958374023438e+01
6.190301895141601562e+01
6.168206787109375000e+01
6.145883560180664062e+01
6.123355102539062500e+01
6.100600051879882812e+01
6.077670669555664062e+01
6.054608917236328125e+01
6.031367874145507812e+01
6.007940292358398438e+01
5.984466934204101562e+01
5.960952377319335938e+01
5.937086105346679688e+01
5.912885284423828125e+01
5.888058853149414062e+01
5.862435913085937500e+01
5.836265945434570312e+01
5.809708023071289062e+01
5.782449722290039062e+01
5.754635620117187500e+01
5.726249313354492188e+01
5.697521972656250000e+01
5.668497085571289062e+01
5.639194869995117188e+01
5.609466552734375000e+01
5.579065704345703125e+01
5.548123168945312500e+01
5.516470336914062500e+01
5.484181213378906250e+01
5.451307296752929688e+01
5.417900466918945312e+01
5.384137725830078125e+01
5.350052261352539062e+01
5.315605545043945312e+01
5.280917358398437500e+01
5.245941543579101562e+01
5.210499572753906250e+01
5.174604034423828125e+01
5.138415908813476562e+01
5.101890563964843750e+01
5.064958953857421875e+01
5.027764892578125000e+01
4.990515899658203125e+01
4.953232192993164062e+01
4.915822219848632812e+01
4.878369903564453125e+01
4.840804290771484375e+01
4.803092575073242188e+01
4.765131378173828125e+01
4.726934051513671875e+01
4.688541030883789062e+01
4.650004196166992188e+01
4.611276626586914062e+01
4.572447967529296875e+01
4.533516693115234375e+01
4.494540023803710938e+01
4.455508804321289062e+01
4.416343307495117188e+01
4.376830673217773438e+01
4.337137603759765625e+01
4.297454833984375000e+01
4.257823562622070312e+01
4.218454742431640625e+01
4.179247665405273438e+01
4.140438079833984375e+01
4.102144622802734375e+01
4.064208602905273438e+01
4.026638412475585938e+01
