6.697344207763671875e+01
6.680979919433593750e+01
6.664729309082031250e+01
6.648585510253906250e+01
6.632545471191406250e+01
6.616593933105468750e+01
6.600720977783203125e+01
6.584927368164062500e+01
6.569210052490234375e+01
6.553555297851562500e+01
6.537973785400390625e+01
6.522434997558593750e+01
6.506947326660156250e+01
6.491517639160156250e+01
6.476139831542968750e+01
6.460823059082031250e+01
6.445562744140625000e+01
6.430347442626953125e+01
6.415176391601562500e+01
6.400072479248046875e+01
6.385012817382812500e+01
6.369997787475585938e+01
6.355017471313476562e+01
6.340042495727539062e+01
6.325042343139648438e+01
6.309967422485351562e+01
6.294707870483398438e+01
6.279149627685546875e+01
6.263273620605468750e+01
6.247035217285156250e+01
6.230299377441406250e+01
6.213033676147460938e+01
6.195253372192382812e+01
6.177005767822265625e+01
6.158341979980468750e+01
6.139361190795898438e+01
6.120102310180664062e+01
6.100651550292968750e+01
6.081106948852539062e+01
6.061515045166015625e+01
6.041840744018554688e+01
6.021859741210937500e+01
6.001345062255859375e+01
5.980291748046875000e+01
5.958457183837890625e+01
5.935801696777343750e+01
5.912504959106445312e+01
5.888719177246093750e+01
5.864688491821289062e+01
5.840629577636718750e+01
5.816576766967773438e+01
5.792463684082031250e+01
5.768172073364257812e+01
5.743426132202148438e+01
5.717761230468750000e+01
5.691007614135742188e+01
5.663113403320312500e+01
5.634001541137695312e+01
5.604118347167968750e+01
5.573438644409179688e+01
5.542232894897460938e+01
5.510485458374023438e+01
5.478178024291992188e+01
5.445308303833007812e+01
5.411881256103515625e+01
5.377761077880859375e+01
5.342872238159179688e+01
5.307207489013671875e+01
5.270882797241210938e+01
5.233938217163085938e+01
5.196285247802734375e+01
5.158050918579101562e+01
5.119207382202148438e+01
5.079816818237304688e+01
5.040197753906250000e+01
5.000207901000976562e+01
4.960100173950195312e+01
4.919711685180664062e+01
4.879157257080078125e+01
4.838543319702148438e+01
4.797381973266601562e+01
4.755648803710937500e+01
4.713381958007812500e+01
4.670732498168945312e+01
4.627630615234375000e+01
4.584140777587890625e+01
4.540558624267578125e+01
4.496722793579101562e+01
4.452807998657226562e+01
4.408847427368164062e+01
4.364888000488281250e+01
4.321175765991210938e+01
4.277801132202148438e+01
4.234813308715820312e+01
4.192448043823242188e+01
4.150651168823242188e+01
4.109535980224609375e+01
4.069273757934570312e+01
4.029848480224609375e+01
3.991267395019531250e+01
