6.700879669189453125e+01
6.683309173583984375e+01
6.665539550781250000e+01
6.647460174560546875e+01
6.628993225097656250e+01
6.610109710693359375e+01
6.590867614746093750e+01
6.571351623535156250e+01
6.551608276367187500e+01
6.531638336181640625e+01
6.511449432373046875e+01
6.491045379638671875e+01
6.470407867431640625e+01
6.449538421630859375e+01
6.428479766845703125e+01
6.407268524169921875e+01
6.385891342163085938e+01
6.364352798461914062e+01
6.342696380615234375e+01
6.320965957641601562e+01
6.299164962768554688e+01
6.277291870117187500e+01
6.255338287353515625e+01
6.233320999145507812e+01
6.211236190795898438e+01
6.189086914062500000e+01
6.166879653930664062e+01
6.144625473022460938e+01
6.122333908081054688e+01
6.100017929077148438e+01
6.077670669555664062e+01
6.055278778076171875e+01
6.032836151123046875e+01
6.010326004028320312e+01
5.987739562988281250e+01
5.965075302124023438e+01
5.942338562011718750e+01
5.919543457031250000e+01
5.896707153320312500e+01
5.873822021484375000e+01
5.850905990600585938e+01
5.827929306030273438e+01
5.804856491088867188e+01
5.781655883789062500e+01
5.758146667480468750e+01
5.734251022338867188e+01
5.709915924072265625e+01
5.685116577148437500e+01
5.659697723388671875e+01
5.633718109130859375e+01
5.607246017456054688e+01
5.580480575561523438e+01
5.553428268432617188e+01
5.526194000244140625e+01
5.498958206176757812e+01
5.471774291992187500e+01
5.444752502441406250e+01
5.417925262451171875e+01
5.391330718994140625e+01
5.364797973632812500e+01
5.338219833374023438e+01
5.311399459838867188e+01
5.284020996093750000e+01
5.255444717407226562e+01
5.225096511840820312e+01
5.193269348144531250e+01
5.160202789306640625e+01
5.126395797729492188e+01
5.092129135131835938e+01
5.057465362548828125e+01
5.022470474243164062e+01
4.987120437622070312e+01
4.951379013061523438e+01
4.915335464477539062e+01
4.878856277465820312e+01
4.841829681396484375e+01
4.804498672485351562e+01
4.766855621337890625e+01
4.728776168823242188e+01
4.690457534790039062e+01
4.651818847656250000e+01
4.613080978393554688e+01
4.574222946166992188e+01
4.535586547851562500e+01
4.497164916992187500e+01
4.459295654296875000e+01
4.421562957763671875e+01
4.384070587158203125e+01
4.346787643432617188e+01
4.309728240966796875e+01
4.272769165039062500e+01
4.236046600341796875e+01
4.199754714965820312e+01
4.164014434814453125e+01
4.128875732421875000e+01
4.094358825683593750e+01
4.060624313354492188e+01
4.027410125732421875e+01
3.994695663452148438e+01
3.962278366088867188e+01
