6.439430999755859375e+01
6.437491607666015625e+01
6.435478973388671875e+01
6.433341979980468750e+01
6.431000518798828125e+01
6.428301239013671875e+01
6.425078582763671875e+01
6.421275329589843750e+01
6.416904449462890625e+01
6.412053680419921875e+01
6.406793975830078125e+01
6.401141357421875000e+01
6.395193099975585938e+01
6.388962554931640625e+01
6.382445907592773438e+01
6.375578308105468750e+01
6.368307876586914062e+01
6.360615158081054688e+01
6.352556610107421875e+01
6.344120788574218750e+01
6.335319900512695312e+01
6.326179885864257812e+01
6.316750335693359375e+01
6.307001876831054688e+01
6.296963500976562500e+01
6.286602783203125000e+01
6.275872039794921875e+01
6.264789962768554688e+01
6.253226089477539062e+01
6.241111755371093750e+01
6.228306198120117188e+01
6.214677810668945312e+01
6.200213623046875000e+01
6.184926986694335938e+01
6.168869400024414062e+01
6.152176284790039062e+01
6.134949493408203125e+01
6.117138671875000000e+01
6.098862075805664062e+01
6.080226135253906250e+01
6.061232376098632812e+01
6.041959762573242188e+01
6.022486877441406250e+01
6.002800750732421875e+01
5.982405853271484375e+01
5.961286926269531250e+01
5.939622116088867188e+01
5.917523956298828125e+01
5.895049285888671875e+01
5.872291564941406250e+01
5.849274444580078125e+01
5.825971221923828125e+01
5.802278137207031250e+01
5.778118896484375000e+01
5.753600692749023438e+01
5.728607940673828125e+01
5.702968215942382812e+01
5.676857376098632812e+01
5.650037765502929688e+01
5.622084808349609375e+01
5.592931365966796875e+01
5.562771606445312500e+01
5.531771087646484375e+01
5.499784851074218750e+01
5.467256164550781250e+01
5.434109497070312500e+01
5.400439834594726562e+01
5.366376876831054688e+01
5.331953430175781250e+01
5.297156906127929688e+01
5.262046813964843750e+01
5.226859283447265625e+01
5.191412734985351562e+01
5.155511093139648438e+01
5.119284439086914062e+01
5.082576370239257812e+01
5.045216751098632812e+01
5.007570648193359375e+01
4.969626617431640625e+01
4.931138610839843750e+01
4.892268371582031250e+01
4.852925872802734375e+01
4.813023757934570312e+01
4.772700881958007812e+01
4.732041168212890625e+01
4.691121292114257812e+01
4.649674987792968750e+01
4.607615661621093750e+01
4.565327453613281250e+01
4.522930526733398438e+01
4.480545806884765625e+01
4.438190841674804688e+01
4.395718383789062500e+01
4.353115081787109375e+01
4.310597610473632812e+01
4.268350982666015625e+01
4.226351547241210938e+01
4.184379196166992188e+01
4.142882156372070312e+01
4.101543045043945312e+01
