2.306392362272090324e+01
2.356881133984173005e+01
2.406184084292311454e+01
2.454267903313820653e+01
2.501110960725877064e+01
2.546703569817817581e+01
2.591048127386976319e+01
2.634159124000876062e+01
2.676063020603998410e+01
2.716797989013759107e+01
2.756413515509468226e+01
2.794969868448848160e+01
2.832537432625799667e+01
2.869195914885808207e+01
2.905033427315295924e+01
2.940145456091046938e+01
2.974633725787634475e+01
3.008604970566790371e+01
3.042169625185086090e+01
3.075440450128484215e+01
3.108531106389437326e+01
3.141554696420147508e+01
3.174622288604214404e+01
3.207841443169392903e+01
3.241314757802361157e+01
3.275138451310254339e+01
3.309401003496919458e+01
3.344181868980157901e+01
3.379550281972032622e+01
3.415564168082293151e+01
3.452269177995790983e+01
3.489697856432787404e+01
3.527868958144713218e+01
3.566786920850158538e+01
3.606441503002595539e+01
3.646807592132308429e+01
3.687845187251866008e+01
3.729499556492564949e+01
3.771701568782984282e+01
3.814368196029109725e+01
3.857403179943809590e+01
3.900697855439619133e+01
3.944132120378799300e+01
3.987575539502066846e+01
4.030888568564395769e+01
4.073923883122009215e+01
4.116527795063639417e+01
4.158541738884234462e+01
4.199803808875608269e+01
4.240150327870462377e+01
4.279417427929409001e+01
4.317442623408335578e+01
4.354066357182683333e+01
4.389133501427186701e+01
4.422494795243046894e+01
4.454008202569677621e+01
4.483540175195286537e+01
4.510966807261982581e+01
4.536174869418876909e+01
4.559062712677989282e+01
4.579541034038672365e+01
4.597533498030832533e+01
4.612977210449290766e+01
4.625823042673437868e+01
4.636035807053055890e+01
4.643594285857263770e+01
4.648491118196022143e+01
4.650732551102878887e+01
4.650338062586113352e+01
4.647339865889982491e+01
4.641782305438434975e+01
4.633721155947072390e+01
4.623222836972488636e+01
4.610363555718617334e+01
4.595228391234437026e+01
4.577910333221494454e+01
4.558509288531467263e+01
4.537131068085766117e+01
4.513886366408505779e+01
4.488889745250119745e+01
4.462258631915554474e+01
4.434112341923375311e+01
4.404571134536750776e+01
4.373755308554322596e+01
4.341784344554394437e+01
4.308776098580832326e+01
4.274846051068761454e+01
4.240106613660231716e+01
4.204666495476829624e+01
4.168630129420364483e+01
4.132097158180743435e+01
4.095161978857942842e+01
4.057913344462185279e+01
4.020434020051083479e+01
3.982800490896304524e+01
3.945082719845262886e+01
3.907343950949547207e+01
3.869640556463481573e+01
3.832021924460850215e+01
3.794530384561069525e+01
