2.265797032660416477e+01
2.321633562006364571e+01
2.376192284949847178e+01
2.429403432594990875e+01
2.481209618051458676e+01
2.531566375660393220e+01
2.580442560378434891e+01
2.627820598883025127e+01
2.673696585801927483e+01
2.718080220470291408e+01
2.760994581751943500e+01
2.802475740697085982e+01
2.842572213112531188e+01
2.881344256456069530e+01
2.918863017796234871e+01
2.955209541862379297e+01
2.990473650408390327e+01
3.024752706186874818e+01
3.058150276740273554e+01
3.090774714925273159e+01
3.122737674562151611e+01
3.154152580811170381e+01
3.185133075796657209e+01
3.215791460604469876e+01
3.246237155052642720e+01
3.276575196568041548e+01
3.306904799087695324e+01
3.337317992144762968e+01
3.367898359202583691e+01
3.398719892881110383e+01
3.429845982998575238e+01
3.461328551354066008e+01
3.493207344936975289e+01
3.525509396803541051e+01
3.558248661251742817e+01
3.591425827199119425e+01
3.625028310871935133e+01
3.659030426099192823e+01
3.693393727722519770e+01
3.728067520934018830e+01
3.762989526788561534e+01
3.798086691752673971e+01
3.833276126993179389e+01
3.868466161215334154e+01
3.903557489267696212e+01
3.938444397467836211e+01
3.973016045692878606e+01
4.007157785736028899e+01
4.040752495264533906e+01
4.073681906924088736e+01
4.105827912715276540e+01
4.137073824701540303e+01
4.167305574375725996e+01
4.196412834583071572e+01
4.224290049739058617e+01
4.250837362148398313e+01
4.275961424484543727e+01
4.299576090875587653e+01
4.321602981514378428e+01
4.341971918213561565e+01
4.360621230808725812e+01
4.377497936722642891e+01
4.392557798291787918e+01
4.405765264576158557e+01
4.417093306282936283e+01
4.426523154097282742e+01
4.434043952097606223e+01
4.439652339014966032e+01
4.443351970858006439e+01
4.445152998858029036e+01
4.445071516789537469e+01
4.443128991496887892e+01
4.439351689919384825e+01
4.433770115075773788e+01
4.426418462371119489e+01
4.417334106256966209e+01
4.406557125746612513e+01
4.394129875603539404e+01
4.380096608226898525e+01
4.364503149400125182e+01
4.347396629195712592e+01
4.328825267487302852e+01
4.308838211756779657e+01
4.287485423242013383e+01
4.264817605990383242e+01
4.240886172100800877e+01
4.215743235381839327e+01
4.189441624851783530e+01
4.162034908974741398e+01
4.133577421277102104e+01
4.104124278025027905e+01
4.073731378961908689e+01
4.042455382695990806e+01
4.010353649174740553e+01
3.977484142760901165e+01
3.943905290706857869e+01
3.909675793274147537e+01
3.874854383326637475e+01
3.839499534896409472e+01
3.803669121938390418e+01
