2.382630456691922305e+01
2.441413337236626546e+01
2.498907258467260206e+01
2.555039389763517121e+01
2.609748618271696330e+01
2.662986011010873000e+01
2.714715148880043216e+01
2.764912326728101633e+01
2.813566615331946963e+01
2.860679782905226176e+01
2.906266075605221744e+01
2.950351858389747761e+01
2.992975119470861856e+01
3.034184843486875138e+01
3.074040260338777131e+01
3.112609978380726261e+01
3.149971012288063932e+01
3.186207717421532593e+01
3.221410643837563725e+01
3.255675324237392942e+01
3.289101011081966419e+01
3.321789378807672932e+01
3.353843207546388783e+01
3.385365064972903326e+01
3.416456002868026331e+01
3.447214284697255238e+01
3.477734159965644523e+01
3.508104700329402448e+01
3.538408711436997578e+01
3.568721733254259476e+01
3.599111140221824456e+01
3.629635351023757295e+01
3.660343156042496560e+01
3.691273168767921931e+01
3.722453405550749750e+01
3.753900996176741955e+01
3.785622025823231240e+01
3.817611507077986488e+01
3.849853478886416269e+01
3.882321227578138689e+01
3.914977623538925400e+01
3.947775565664374398e+01
3.980658524482346650e+01
4.013561173779913815e+01
4.046410099733308385e+01
4.079124575925209228e+01
4.111617392248362535e+01
4.143795725537509611e+01
4.175562039837952000e+01
4.206815004499083699e+01
4.237450418760006698e+01
4.267362132153802889e+01
4.296442950874242683e+01
4.324585521198825688e+01
4.351683182116724424e+01
4.377630780440276226e+01
4.402325442853394577e+01
4.425667300538895432e+01
4.447560163199489125e+01
4.467912140414734523e+01
4.486636209332642267e+01
4.503650728654815083e+01
4.518879899718876914e+01
4.532254176192817852e+01
4.543710624461412806e+01
4.553193237196566656e+01
4.560653202857128008e+01
4.566049133961043793e+01
4.569347256919550659e+01
4.570521566028534011e+01
4.569553943891475001e+01
4.566434250118469862e+01
4.561160379627671801e+01
4.553738291293485219e+01
4.544182007063006523e+01
4.532513581028089078e+01
4.518763037318834819e+01
4.502968275104048956e+01
4.485174938469425143e+01
4.465436248519384321e+01
4.443812794734576244e+01
4.420372282432348499e+01
4.395189233136939322e+01
4.368344634779990088e+01
4.339925538927508342e+01
4.310024602667208882e+01
4.278739573388589434e+01
4.246172715438957113e+01
4.212430178529768199e+01
4.177621308783399456e+01
4.141857904429295445e+01
4.105253419357718059e+01
4.067922118990721003e+01
4.029978194205617825e+01
3.991534840313700983e+01
3.952703309325028869e+01
3.913591944886826468e+01
3.874305210335178629e+01
3.834942721219223927e+01
3.795598294413348128e+01
