2.273166025793006995e+01
2.337859047890598418e+01
2.401637698870323590e+01
2.464397416951329944e+01
2.526042962761012589e+01
2.586489196068145091e+01
2.645661741833535530e+01
2.703497534526371382e+01
2.759945231195124293e+01
2.814965485527249101e+01
2.868531077057827261e+01
2.920626891763892985e+01
2.971249752475110739e+01
3.020408099806074986e+01
3.068121526631092522e+01
3.114420171437202356e+01
3.159343978162391053e+01
3.202941832310765591e+01
3.245270585191476442e+01
3.286393980013125571e+01
3.326381495240985942e+01
3.365307122055584443e+01
3.403248093906863403e+01
3.440283587011850130e+01
3.476493411175326287e+01
3.511956710507369905e+01
3.546750693462042392e+01
3.580949411126086090e+01
3.614622601852148165e+01
3.647834619171020876e+01
3.680643458451645245e+01
3.713099896033041603e+01
3.745246752561511272e+01
3.777118290068241180e+01
3.808739749958194665e+01
3.840127036599413657e+01
3.871286548649822379e+01
3.902215157688964808e+01
3.932900331184955434e+01
3.963320394374402156e+01
3.993444923313026607e+01
4.023235259215081783e+01
4.052645132280843399e+01
4.081621381553475914e+01
4.110104755978855451e+01
4.138030780791523000e+01
4.165330672634819109e+01
4.191932286453592837e+01
4.217761077177991780e+01
4.242741059541381787e+01
4.266795750032141399e+01
4.289849075949168622e+01
4.311826237786689831e+01
4.332654512683684089e+01
4.352263988398533456e+01
4.370588219166745603e+01
4.387564796824287328e+01
4.403135832680503370e+01
4.417248347754401294e+01
4.429854571095629012e+01
4.440912147947611999e+01
4.450384261429129396e+01
4.458239673168213102e+01
4.464452689880400982e+01
4.469003064207864639e+01
4.471875839200016145e+01
4.473061146598692517e+01
4.472553969578188315e+01
4.470353880776595190e+01
4.466464766341150039e+01
4.460894546305036101e+01
4.453654900933484839e+01
4.444761011744230927e+01
4.434231324751955583e+01
4.422087342141162480e+01
4.408353447076805764e+01
4.393056764758597410e+01
4.376227061158485299e+01
4.357896679197045131e+01
4.338100510459993586e+01
4.316875998976054518e+01
4.294263172114668237e+01
4.270304692357484555e+01
4.245045922585858733e+01
4.218534996639607471e+01
4.190822886264196256e+01
4.161963455193532724e+01
4.132013491024640217e+01
4.101032705734166228e+01
4.069083696161159480e+01
4.036231856527169981e+01
4.002545236065217438e+01
3.968094336062081595e+01
3.932951842052565894e+01
3.897192288506943214e+01
3.860891655083950980e+01
3.824126895339977494e+01
3.786975400645071943e+01
3.749514403913170213e+01
3.711820329560524812e+01
