2.172518533176762645e+01
2.231036258679777973e+01
2.288431395055700790e+01
2.344621913342335162e+01
2.399538297890967087e+01
2.453124274410475891e+01
2.505337390884561799e+01
2.556149439483440133e+01
2.605546709548148598e+01
2.653530063910294245e+01
2.700114833192372288e+01
2.745330525279948475e+01
2.789220349828014989e+01
2.831840560417748520e+01
2.873259619770946216e+01
2.913557196210639688e+01
2.952823002278235265e+01
2.991155489031288894e+01
3.028660412002773938e+01
3.065449287054967797e+01
3.101637756364966592e+01
3.137343886492354628e+01
3.172686421866821860e+01
3.207783018062291802e+01
3.242748479870014933e+01
3.277693029426090732e+01
3.312720629478906886e+01
3.347927386293816454e+01
3.383400055691025443e+01
3.419214674308825863e+01
3.455435336398873858e+01
3.492113134318935153e+01
3.529285278426938532e+01
3.566974409338018148e+01
3.605188112531094191e+01
3.643918642134001118e+01
3.683142857432714834e+01
3.722822372298417548e+01
3.762903914366933122e+01
3.803319887498569329e+01
3.843989127853166110e+01
3.884817840892961271e+01
3.925700703830495542e+01
3.966522115520268699e+01
4.007157573597948641e+01
4.047475156838277144e+01
4.087337089265768952e+01
4.126601361534741841e+01
4.165123384515160154e+01
4.202757649885034397e+01
4.239359372838841722e+01
4.274786092765881307e+01
4.308899208913353363e+01
4.341565429602385251e+01
4.372658115476276208e+01
4.402058499489430687e+01
4.429656768846210468e+01
4.455352996820176514e+01
4.479057915270140455e+01
4.500693521662561380e+01
4.520193517449915532e+01
4.537503577681616918e+01
4.552581454679175010e+01
4.565396921432585486e+01
4.575931563017331882e+01
4.584178426740953682e+01
4.590141543860791273e+01
4.593835337532712515e+01
4.595283933123147335e+01
4.594520388120812271e+01
4.591585859604470699e+01
4.586528727552576612e+01
4.579403692221043087e+01
4.570270863376421744e+01
4.559194858371314041e+01
4.546243924913081713e+01
4.531489102936606628e+01
4.515003438287875071e+01
4.496861258999034305e+01
4.477137522837686845e+01
4.455907242593449524e+01
4.433244993277261869e+01
4.409224503108207216e+01
4.383918327901918843e+01
4.357397606306786741e+01
4.329731891308517078e+01
4.300989051585992939e+01
4.271235234691624072e+01
4.240534882684305984e+01
4.208950789788503499e+01
4.176544190912105137e+01
4.143374869441019115e+01
4.109501272645327674e+01
4.074980623278206338e+01
4.039869016513968347e+01
4.004221492237506652e+01
3.968092073838490563e+01
3.931533766048548983e+01
3.894598505950090583e+01
3.857337063039597780e+01
