2.268961775868527297e+01
2.319642703116676685e+01
2.368890459025245221e+01
2.416676335627653671e+01
2.462986759443829499e+01
2.507823387371470858e+01
2.551203014784423218e+01
2.593157293884184256e+01
2.633732263189936162e+01
2.672987691937754917e+01
2.710996246038633828e+01
2.747842485064884954e+01
2.783621702443071655e+01
2.818438623576418678e+01
2.852405978952128152e+01
2.885642971362246101e+01
2.918273658139763782e+01
2.950425270747636119e+01
2.982226495127486388e+01
3.013805736893806042e+01
3.045289395732762472e+01
3.076800173224664192e+01
3.108455437756331463e+01
3.140365669232897616e+01
3.172633004954974112e+01
3.205349906321259823e+01
3.238597963981506211e+01
3.272446856737842324e+01
3.306953476920184443e+01
3.342161232192139408e+01
3.378099530831612185e+01
3.414783454531539775e+01
3.452213619737979400e+01
3.490376225543423061e+01
3.529243283239211593e+01
3.568773019857313500e+01
3.608910445448559301e+01
3.649588071499515962e+01
3.690726765823351485e+01
3.732236727506984408e+01
3.774018564084163074e+01
3.815964452053078304e+01
3.857959361178956215e+01
3.899882322721578021e+01
3.941607721800851039e+01
3.983006594548934487e+01
4.023947911475930539e+01
4.064299829572334488e+01
4.103930897052820370e+01
4.142711196276611219e+01
4.180513412216324554e+01
4.217213815846979941e+01
4.252693153941356030e+01
4.286837438939051026e+01
4.319538634757373075e+01
4.350695236583010939e+01
4.380212744781753997e+01
4.408004035044906033e+01
4.433989628718359910e+01
4.458097868899385929e+01
4.480265009308323698e+01
4.500435224125059364e+01
4.518560547906388081e+01
4.534600755359133473e+01
4.548523191132221655e+01
4.560302559908912201e+01
4.569920686937953036e+01
4.577366258751358430e+01
4.582634553197380711e+01
4.585727167091570067e+01
4.586651748786020732e+01
4.585421741806008100e+01
4.582056144438269740e+01
4.576579288811512924e+01
4.569020641622248746e+01
4.559414627264684583e+01
4.547800472757607793e+01
4.534222072557414407e+01
4.518727870137431069e+01
4.501370752128536878e+01
4.482207949880940845e+01
4.461300942543757486e+01
4.438715355187077449e+01
4.414520845122719805e+01
4.388790969425320299e+01
4.361603026717909160e+01
4.333037866565581453e+01
4.303179660312098775e+01
4.272115627886036293e+01
4.239935715982155529e+01
4.206732224070555759e+01
4.172599375878364469e+01
4.137632835301156575e+01
4.101929167104483298e+01
4.065585244240226359e+01
4.028697605094547640e+01
3.991361765471162926e+01
3.953671491562418083e+01
3.915718041536450045e+01
3.877589384641066772e+01
