2.225498548012522448e+01
2.277835407429155623e+01
2.328823592803634313e+01
2.378421167648270540e+01
2.426601149838573690e+01
2.473351867023768591e+01
2.518677132605408531e+01
2.562596235051606186e+01
2.605143735770029068e+01
2.646369073371457148e+01
2.686335974878851829e+01
2.725121677233137518e+01
2.762815965271964913e+01
2.799520035165324217e+01
2.835345195034828336e+01
2.870411417114000230e+01
2.904845758278095147e+01
2.938780668038403476e+01
2.972352205114088974e+01
3.005698185425348967e+01
3.038956285758463594e+01
3.072262128406038428e+01
3.105747372758805724e+01
3.139537840099916721e+01
3.173751697716729581e+01
3.208497727893076501e+01
3.243873706379685018e+01
3.279964913571487983e+01
3.316842799864836167e+01
3.354563824550483275e+01
3.393168485150088287e+01
3.432680551363890231e+01
3.473106514808241485e+01
3.514435262532822435e+01
3.556637978972285907e+01
3.599668277561786311e+01
3.643462559788789434e+01
3.687940596025693907e+01
3.733006319147316532e+01
3.778548818744567939e+01
3.824443520755593795e+01
3.870553534602098722e+01
3.916731147489743137e+01
3.962819443449873802e+01
4.008654023002795697e+01
4.054064798039052420e+01
4.098877835666793601e+01
4.142917224373997698e+01
4.186006935908633864e+01
4.227972656784162808e+01
4.268643564260722911e+01
4.307854023011645239e+01
4.345445180433851817e+01
4.381266440661694617e+01
4.415176799755015935e+01
4.447046027204815744e+01
4.476755681780593221e+01
4.504199952774751381e+01
4.529286320822335199e+01
4.551936035626756194e+01
4.572084411043905305e+01
4.589680941007318182e+01
4.604689242658883330e+01
4.617086835728508021e+01
4.626864769633431962e+01
4.634027111899708018e+01
4.638590313308142754e+01
4.640582466605274448e+01
4.640042476675198913e+01
4.637019160727917466e+01
4.631570297318918250e+01
4.623761642878681499e+01
4.613665933911804728e+01
4.601361892144525001e+01
4.586933248686602838e+01
4.570467801763198423e+01
4.552056520807772699e+01
4.531792707734681613e+01
4.509771224081791985e+01
4.486087790482336146e+01
4.460838362648507882e+01
4.434118585780904453e+01
4.406023327114815658e+01
4.376646284227346939e+01
4.346079664808738841e+01
4.314413931890050691e+01
4.281737607057517891e+01
4.248137123001711046e+01
4.213696715872770682e+01
4.178498347357317044e+01
4.142621646166585236e+01
4.106143858728417939e+01
4.069139799299605187e+01
4.031681790442196700e+01
3.993839585814124149e+01
3.955680268478050010e+01
3.917268119395830439e+01
3.878664452405801200e+01
3.839927413728779015e+01
3.801111745867018499e+01
