2.091905669693118242e+01
2.144127664039755743e+01
2.194898000148565131e+01
2.244123124343536091e+01
2.291722264660437247e+01
2.337628358431898690e+01
2.381788858194476788e+01
2.424166402814054422e+01
2.464739342035247205e+01
2.503502104176549636e+01
2.540465398399539154e+01
2.575656244858278043e+01
2.609117828060196231e+01
2.640909170916669169e+01
2.671104629200904057e+01
2.699793208431579217e+01
2.727077707529766215e+01
2.753073695920083708e+01
2.777908333029350274e+01
2.801719041342526140e+01
2.824652046271834749e+01
2.846860798046627039e+01
2.868504292607962114e+01
2.889745310062346917e+01
2.910748590587940399e+01
2.931678968769604765e+01
2.952699488147275275e+01
2.973969518279617930e+01
2.995642896840693936e+01
3.017866119175309336e+01
3.040776597336767395e+01
3.064501009923251829e+01
3.089153763022939003e+01
3.114835581287464805e+01
3.141632246595155564e+01
3.169613499961593917e+01
3.198832120331395856e+01
3.229323191670455628e+01
3.261103567404485659e+01
3.294171538752132022e+01
3.328506710915732469e+01
3.364070088456944063e+01
3.400804368537225741e+01
3.438634438081928835e+01
3.477468068369410048e+01
3.517196798089672427e+01
3.557696993594798585e+01
3.598831072908281214e+01
3.640448878101474861e+01
3.682389178908950100e+01
3.724481288962958558e+01
3.766546774798857911e+01
3.808401236832713721e+01
3.849856140849090025e+01
3.890720678166821500e+01
3.930803632574865958e+01
3.969915232344530409e+01
4.007868966123081123e+01
4.044483342282556038e+01
4.079583572323672058e+01
4.113003160197251162e+01
4.144585380883282966e+01
4.174184633235569919e+01
4.201667653930677204e+01
4.226914581324470532e+01
4.249819860087603018e+01
4.270292979631807384e+01
4.288259041519158643e+01
4.303659153236931445e+01
4.316450647887945280e+01
4.326607131462561995e+01
4.334118361394335750e+01
4.338989962030734659e+01
4.341242984448772546e+01
4.340913319692419492e+01
4.338050975984278068e+01
4.332719231754438027e+01
4.324993677421263527e+01
4.314961159744748187e+01
4.302718643246865327e+01
4.288372003654490072e+01
4.272034768570008367e+01
4.253826820618566984e+01
4.233873078166876525e+01
4.212302168367879318e+01
4.189245106772573024e+01
4.164833997080209826e+01
4.139200763789505544e+01
4.112475929585541223e+01
4.084787448269916865e+01
4.056259602936911790e+01
4.027011977937002740e+01
3.997158511971705508e+01
3.966806638451173939e+01
3.936056518037297991e+01
3.905000367107725623e+01
3.873721884727275011e+01
3.842295779615349005e+01
3.810787397564896395e+01
3.779252448807869769e+01
