2.106790154286214189e+01
2.160243938922342366e+01
2.212530949583365825e+01
2.263590328808814078e+01
2.313374462528709330e+01
2.361849547430534813e+01
2.408996000582077457e+01
2.454808701009620719e+01
2.499297055067625095e+01
2.542484879785121876e+01
2.584410100903642160e+01
2.625124264993035439e+01
2.664691867804446446e+01
2.703189503846938635e+01
2.740704845009389246e+01
2.777335458840430249e+01
2.813187479796066626e+01
2.848374149316044424e+01
2.883014242945188599e+01
2.917230404827519052e+01
2.951147411724215530e+01
2.984890390199958077e+01
3.018583011752488332e+01
3.052345691395968075e+01
3.086293815530003215e+01
3.120536024816559362e+01
3.155172577241525644e+01
3.190293815557372170e+01
3.225978761899330038e+01
3.262293860559097425e+01
3.299291887714638705e+01
3.337011044388051317e+01
3.375474246078618279e+01
3.414688619444555684e+01
3.454645213140035764e+01
3.495318926513272828e+01
3.536668656400020438e+01
3.578637658769778795e+01
3.621154118564889757e+01
3.664131917780529335e+01
3.707471588728939338e+01
3.751061436572751973e+01
3.794778812654945455e+01
3.838491517943447207e+01
3.882059314088889579e+01
3.925335518195817031e+01
3.968168656455480203e+01
4.010404151295900022e+01
4.051886016677377711e+01
4.092458536593208862e+01
4.131967902712041507e+01
4.170263788395281068e+01
4.207200838008050425e+01
4.242640052474156676e+01
4.276450054357680131e+01
4.308508218331549955e+01
4.338701655660419476e+01
4.366928044219294947e+01
4.393096298528277543e+01
4.417127077245068278e+01
4.438953128458206976e+01
4.458519475906685159e+01
4.475783451860649365e+01
4.490714584782793395e+01
4.503294352008349932e+01
4.513515809495150677e+01
4.521383112177015562e+01
4.526910939582482030e+01
4.530123842145477653e+01
4.531055524032503001e+01
4.529748078347208917e+01
4.526251190263996449e+01
4.520621323007149783e+01
4.512920900662320634e+01
4.503217500616974434e+01
4.491583067016269126e+01
4.478093155036155082e+01
4.462826214062155827e+01
4.445862916071205007e+01
4.427285533692220554e+01
4.407177370619593404e+01
4.385622245316600498e+01
4.362704027317968780e+01
4.338506223959995367e+01
4.313111614067734223e+01
4.286601924039202771e+01
4.259057540908144546e+01
4.230557256355587725e+01
4.201178035281937895e+01
4.170994802449462924e+01
4.140080240851263937e+01
4.108504595846043372e+01
4.076335479698966680e+01
4.043637671963622893e+01
4.010472912099050546e+01
3.976899681807039144e+01
3.942972975761291821e+01
3.908744060644312412e+01
3.874260223671405612e+01
3.839564513023398717e+01
