2.190602185315030326e+01
2.247853729794504929e+01
2.304116691397000949e+01
2.359308291655897705e+01
2.413355239030163091e+01
2.466194378284541600e+01
2.517773237923178442e+01
2.568050466484507766e+01
2.616996149784527859e+01
2.664592002633091283e+01
2.710831430125793418e+01
2.755719455309772314e+01
2.799272511810736219e+01
2.841518101863685430e+01
2.882494322082093419e+01
2.922249261198627579e+01
2.960840275884180528e+01
2.998333152568314475e+01
3.034801164912277827e+01
3.070324038194398852e+01
3.104986833328134921e+01
3.138878764517698272e+01
3.172091965641083888e+01
3.204720221313953488e+01
3.236857679212533156e+01
3.268597560606181673e+01
3.300030886161156474e+01
3.331245233921931259e+01
3.362323545955732129e+01
3.393342999464406518e+01
3.424373957235630428e+01
3.455479011137547474e+01
3.486712130975581658e+01
3.518117929451558012e+01
3.549731052219088667e+01
3.581575700146598251e+01
3.613665288912001472e+01
3.646002248996251893e+01
3.678577967052097364e+01
3.711372867536664444e+01
3.744356631447342920e+01
3.777488547026450760e+01
3.810717985434482813e+01
3.843984992667036948e+01
3.877220987434488819e+01
3.910349553363261776e+01
3.943287312732793737e+01
3.975944868052217629e+01
4.008227797116025926e+01
4.040037686767690417e+01
4.071273190446149215e+01
4.101831094689898549e+01
4.131607380120414774e+01
4.160498263007639963e+01
4.188401204319680460e+01
4.215215874155911990e+01
4.240845060632412356e+01
4.265195513605551270e+01
4.288178715052105616e+01
4.309711569442900014e+01
4.329717009018440166e+01
4.348124510466730186e+01
4.364870521083685162e+01
4.379898794033412202e+01
4.393160633790455449e+01
4.404615054211165415e+01
4.414228852922882851e+01
4.421976606816887312e+01
4.427840594366804083e+01
4.431810651256328981e+01
4.433883966378915176e+01
4.434064825664955833e+01
4.432364311398176682e+01
4.428799964707662440e+01
4.423395418773915111e+01
4.416180009979206034e+01
4.407188373780533652e+01
4.396460031506380517e+01
4.384038973598413236e+01
4.369973244059277562e+01
4.354314530052482723e+01
4.337117759755662405e+01
4.318440710719330156e+01
4.298343630154556649e+01
4.276888867787900494e+01
4.254140521202427294e+01
4.230164092948723464e+01
4.205026158175903106e+01
4.178794041113185642e+01
4.151535498436898308e+01
4.123318407392618923e+01
4.094210456508980656e+01
4.064278836837190312e+01
4.033589931873685686e+01
4.002209004662779535e+01
3.970199881020090515e+01
3.937624628351046852e+01
3.904543230143340082e+01
3.871013256869240138e+01
3.837089534721277317e+01
