2.237933794028004542e+01
2.293420766365239061e+01
2.347752777926395140e+01
2.400859399320557586e+01
2.452682046901906432e+01
2.503174613886843503e+01
2.552303967441806165e+01
2.600050301227720695e+01
2.646407334628097274e+01
2.691382351829085451e+01
2.734996076035821133e+01
2.777282376369482009e+01
2.818287807359478236e+01
2.858070983387955266e+01
2.896701792919270702e+01
2.934260459813820532e+01
2.970836461440720910e+01
3.006527315624297714e+01
3.041437250642956514e+01
3.075675774504768967e+01
3.109356161513175110e+01
3.142593875673400916e+01
3.175504951743683790e+01
3.208204355677989383e+01
3.240804346817185433e+01
3.273412864446869008e+01
3.306131961242842721e+01
3.339056305665823743e+01
3.372271774548364220e+01
3.405854155949128170e+01
3.439867980848874396e+01
3.474365500451229138e+01
3.509385823758385925e+01
3.544954227750872633e+01
3.581081649951098456e+01
3.617764370434250765e+01
3.654983887514837448e+01
3.692706988430607140e+01
3.730886013418057701e+01
3.769459308676178466e+01
3.808351860897598584e+01
3.847476103357544730e+01
3.886732881037674048e+01
3.926012559966767412e+01
3.965196263922804576e+01
4.004157219894528197e+01
4.042762192274780375e+01
4.080872984674069670e+01
4.118347987517935138e+01
4.155043749234351225e+01
4.190816548849885237e+01
4.225523948191621315e+01
4.259026302623738758e+01
4.291188210315351625e+01
4.321879881416329283e+01
4.350978410179430256e+01
4.378368934976880666e+01
4.403945673277278416e+01
4.427612820933942572e+01
4.449285307541126144e+01
4.468889402096625219e+01
4.486363165718164225e+01
4.501656750651876848e+01
4.514732547237289140e+01
4.525565182811926945e+01
4.534141378708770276e+01
4.540459673485197101e+01
4.544530022289809779e+01
4.546373283797327502e+01
4.546020607398966007e+01
4.543512734310923662e+01
4.538899226947736310e+01
4.532237641295524355e+01
4.523592657116511617e+01
4.513035180628872922e+01
4.500641433849609285e+01
4.486492044081811059e+01
4.470671146097474491e+01
4.453265508440147613e+01
4.434363693980878196e+01
4.414055263441579768e+01
4.392430029087809373e+01
4.369577364226353922e+01
4.345585572559750887e+01
4.320541319886698517e+01
4.294529129129958278e+01
4.267630938255150852e+01
4.239925719344287813e+01
4.211489155933997353e+01
4.182393374741636194e+01
4.152706727100511586e+01
4.122493614820457708e+01
4.091814354788783703e+01
4.060725076431285174e+01
4.029277646159489734e+01
3.997519613130046423e+01
3.965494171021828862e+01
3.933240131077696589e+01
3.900791902339253170e+01
3.868179475799246347e+01
