2.311816152154095150e+01
2.363568088349092378e+01
2.413612285018858472e+01
2.461909880363869618e+01
2.508440561659176282e+01
2.553202896141484501e+01
2.596214427992300600e+01
2.637511534165145832e+01
2.677149035312374892e+01
2.715199561740605105e+01
2.751752678101648186e+01
2.786913774341925887e+01
2.820802734220152885e+01
2.853552396390279711e+01
2.885306826564840676e+01
2.916219422554944529e+01
2.946450876961917942e+01
2.976167024911475067e+01
3.005536606418746359e+01
3.034728974704212590e+01
3.063911783006213341e+01
3.093248683124709331e+01
3.122897069062570097e+01
3.153005898694880926e+01
3.183713625394271318e+01
3.215146269982579952e+01
3.247415661290558120e+01
3.280617871019256881e+01
3.314831865555637336e+01
3.350118393951839124e+01
3.386519127494857173e+01
3.424056062240124021e+01
3.462731191632321526e+01
3.502526451968779497e+01
3.543403939056717888e+01
3.585306390057103698e+01
3.628157920277234183e+01
3.671865000650076638e+01
3.716317657896228610e+01
3.761390875973594916e+01
3.806946174441902286e+01
3.852833336859298186e+01
3.898892260328638315e+01
3.944954895857381416e+01
3.990847248307681383e+01
4.036391404405166128e+01
4.081407557542762987e+01
4.125715998948999186e+01
4.169139046163193285e+01
4.211502881637546380e+01
4.252639276624933728e+01
4.292387178254728042e+01
4.330594140788473823e+01
4.367117585411764935e+01
4.401825876487778544e+01
4.434599205894124196e+01
4.465330280811182462e+01
4.493924814048992999e+01
4.520301819616600625e+01
4.544393719679439414e+01
4.566146272250475846e+01
4.585518331859542940e+01
4.602481457988015023e+01
4.617019388200628782e+01
4.629127394616484992e+01
4.638811543613449118e+01
4.646087879440305812e+01
4.650981552715547451e+01
4.653525914628147575e+01
4.653761597041205533e+01
4.651735597662077026e+01
4.647500388016837292e+01
4.641113060198875928e+01
4.632634526299703026e+01
4.622128782132476488e+01
4.609662244384929863e+01
4.595303167751735884e+01
4.579121145961303796e+01
4.561186697992357608e+01
4.541570938234042387e+01
4.520345326939267494e+01
4.497581495108304495e+01
4.473351135969409853e+01
4.447725953535748289e+01
4.420777657350782874e+01
4.392577991512168012e+01
4.363198785407026747e+01
4.332712013307853027e+01
4.301189850068107745e+01
4.268704710612318820e+01
4.235329261718413818e+01
4.201136395716297045e+01
4.166199157142450815e+01
4.130590615057064952e+01
4.094383675603136652e+01
4.057650831416606252e+01
4.020463846630670446e+01
3.982893378402314966e+01
3.945008538068129411e+01
3.906876397156850089e+01
