2.166786930147207357e+01
2.222213127947236444e+01
2.276532158904932857e+01
2.329676125353849514e+01
2.381589088941775856e+01
2.432227638463632857e+01
2.481561317584967341e+01
2.529572903199713707e+01
2.576258527068481641e+01
2.621627635462885664e+01
2.665702783766771233e+01
2.708519265323187497e+01
2.750124576228918372e+01
2.790577720227172165e+01
2.829948360292152643e+01
2.868315825893662208e+01
2.905767987233965499e+01
2.942400009919742843e+01
2.978313005529140511e+01
3.013612595319352394e+01
3.048407405858356611e+01
3.082807516624583855e+01
3.116922880573745758e+01
3.150861739300740894e+01
3.184729054712219565e+01
3.218624979060889757e+01
3.252643384774378887e+01
3.286870474741998294e+01
3.321383492612897470e+01
3.356249551225130290e+01
3.391524595550234267e+01
3.427252514530639615e+01
3.463464413942002551e+01
3.500178059967392130e+01
3.537397500569149145e+01
3.575112869031453044e+01
3.613300371271479605e+01
3.651922455728294636e+01
3.690928161885313585e+01
3.730253640814224525e+01
3.769822838591632319e+01
3.809548331079371764e+01
3.849332296416238819e+01
3.889067609678792081e+01
3.928639042564022787e+01
3.967924549651745991e+01
4.006796621839487926e+01
4.045123686920513961e+01
4.082771537001062967e+01
4.119604762527167452e+01
4.155488173104936322e+01
4.190288186037452078e+01
4.223874164547037680e+01
4.256119688975208959e+01
4.286903745825371459e+01
4.316111821298143525e+01
4.343636887927000600e+01
4.369380275012244397e+01
4.393252415728383653e+01
4.415173466001629521e+01
4.435073792474381094e+01
4.452894329050462119e+01
4.468586803606325475e+01
4.482113838421903296e+01
4.493448929695161809e+01
4.502576313126788676e+01
4.509490723969956605e+01
4.514197061115013554e+01
4.516709965706000673e+01
4.517053325456083002e+01
4.515259716240417731e+01
4.511369792700600101e+01
4.505431639503601815e+01
4.497500094574757412e+01
4.487636055087494924e+01
4.475905776265607727e+01
4.462380172165161696e+01
4.447134126580279911e+01
4.430245821094890601e+01
4.411796086112221360e+01
4.391867779470653943e+01
4.370545196031283552e+01
4.347913510431522610e+01
4.324058254071212559e+01
4.299064826359487057e+01
4.273018039327643436e+01
4.246001693924835507e+01
4.218098185676614520e+01
4.189388136911882299e+01
4.159950052459029735e+01
4.129859995578313914e+01
4.099191280932190296e+01
4.068014181589985157e+01
4.036395647406436638e+01
4.004399032588974450e+01
3.972083830855595465e+01
3.939505417262886056e+01
3.906714796525110245e+01
3.873758358425536130e+01
3.840677641712085233e+01
