2.178694745479663553e+01
2.233078186566641676e+01
2.286289659843754407e+01
2.338273258693639889e+01
2.388985717010605825e+01
2.438396811875570691e+01
2.486489615614190285e+01
2.533260590247286004e+01
2.578719519364906532e+01
2.622889274620462530e+01
2.665805416319382104e+01
2.707515629935863899e+01
2.748079002796132997e+01
2.787565147580447800e+01
2.826053181679753834e+01
2.863630573757206577e+01
2.900391871069558292e+01
2.936437323158856927e+01
2.971871419392658353e+01
3.006801359474181012e+01
3.041335477427966083e+01
3.075581640661195237e+01
3.109645646477659753e+01
3.143629638859433939e+01
3.177630568411396084e+01
3.211738718076127697e+01
3.246036316564118351e+01
3.280596260409214437e+01
3.315480964158734878e+01
3.350741356456730813e+01
3.386416037699296311e+01
3.422530612560749574e+01
3.459097208043967697e+01
3.496114184838177863e+01
3.533566046719174381e+01
3.571423549551590781e+01
3.609644008205779642e+01
3.648171796440215076e+01
3.686939031585072257e+01
3.725866432753488056e+01
3.764864338364406393e+01
3.803833866043213163e+01
3.842668195528948161e+01
3.881253953110736887e+01
3.919472674386864952e+01
3.957202320827146025e+01
3.994318824753668906e+01
4.030697636960496766e+01
4.066215251282596199e+01
4.100750681002929099e+01
4.134186863047546012e+01
4.166411967446297382e+01
4.197320591504367115e+01
4.226814820501663661e+01
4.254805139467691788e+01
4.281211183615272375e+01
4.305962318296302982e+01
4.328998042799376123e+01
4.350268215870285360e+01
4.369733104427926662e+01
4.387363260490946715e+01
4.403139234750253905e+01
4.417051138442694480e+01
4.429098068130463162e+01
4.439287410604600836e+01
4.447634047348148556e+01
4.454159479766093455e+01
4.458890897673611420e+01
4.461860214300935468e+01
4.463103091304434145e+01
4.462657976962827888e+01
4.460565179891155196e+01
4.456865999242448595e+01
4.451601930518760497e+01
4.444813963823005309e+01
4.436541988703957173e+01
4.426824316742639809e+01
4.415697329770250690e+01
4.403195258174618942e+01
4.389350090225819656e+01
4.374191609818502968e+01
4.357747556574408776e+01
4.340043898958521140e+01
4.321105208017970511e+01
4.300955116629864250e+01
4.279616846810791486e+01
4.257113785757189817e+01
4.233470089899235234e+01
4.208711295399277930e+01
4.182864913232147330e+01
4.155960987258584538e+01
4.128032594541545564e+01
4.099116268538931251e+01
4.069252327704890604e+01
4.038485094400162012e+01
4.006862991793183681e+01
3.974438509561840505e+01
3.941268032604286020e+01
3.907411530552909085e+01
3.872932109571380010e+01
