1.975080725244381341e+01
2.026763545325269433e+01
2.077514427722940127e+01
2.127278579223994015e+01
2.176012797296372980e+01
2.223685990722989914e+01
2.270279563403838807e+01
2.315787651902527244e+01
2.360217209122900428e+01
2.403587928502417981e+01
2.445932005274969256e+01
2.487293733655267047e+01
2.527728941194811085e+01
2.567304264017252535e+01
2.606096269117606568e+01
2.644190432362435317e+01
2.681679983212445606e+01
2.718664629460549520e+01
2.755249177394029303e+01
2.791542064706229453e+01
2.827653825162020240e+01
2.863695505425562615e+01
2.899777055556904060e+01
2.936005715448439801e+01
2.972484419882126971e+01
3.009310244928894562e+01
3.046572918074546266e+01
3.084353413740944916e+01
3.122722654783924412e+01
3.161740339103780073e+01
3.201453908721745023e+01
3.241897676584214594e+01
3.283092123990746813e+01
3.325043378941563077e+01
3.367742882911782942e+01
3.411167250632235692e+01
3.455278324443105475e+01
3.500023421742952934e+01
3.545335771036990025e+01
3.591135129151493288e+01
3.637328569380446197e+01
3.683811427718722342e+01
3.730468391960293673e+01
3.777174716346689110e+01
3.823797542675749384e+01
3.870197307357766192e+01
3.916229212858812048e+01
3.961744741316946516e+01
4.006593187865400552e+01
4.050623191348029195e+01
4.093684240659386120e+01
4.135628135869142596e+01
4.176310384575057810e+01
4.215591515540054246e+01
4.253338293570813278e+01
4.289424821744492533e+01
4.323733519440614259e+01
4.356155967135632778e+01
4.386593611514681612e+01
4.414958327095064305e+01
4.441172833183406254e+01
4.465170967550111669e+01
4.486897820649363666e+01
4.506309736492239182e+01
4.523374188351324676e+01
4.538069539298521704e+01
4.550384699121525500e+01
4.560318690403597230e+01
4.567880137466285362e+01
4.573086692455763114e+01
4.575964413097090500e+01
4.576547106550747657e+01
4.574875653395645969e+01
4.570997325050142024e+01
4.564965106954107910e+01
4.556837038602301249e+01
4.546675580078621692e+01
4.534547013134301352e+01
4.520520883123797518e+01
4.504669486308165460e+01
4.487067405203398351e+01
4.467791092838911027e+01
4.446918505045412218e+01
4.424528778255680095e+01
4.400701948817626885e+01
4.375518708522476174e+01
4.349060189974376556e+01
4.321407774595598283e+01
4.292642915494300837e+01
4.262846967131235232e+01
4.232101013712484416e+01
4.200485688506894633e+01
4.168080976827708639e+01
4.134965996214061335e+01
4.101218748374884626e+01
4.066915838687595652e+01
4.032132160442393598e+01
3.996940542551048736e+01
3.961411361055782976e+01
3.925612116433503473e+01
