2.116702655217162388e+01
2.172144485583229212e+01
2.226561813492601161e+01
2.279883360122347469e+01
2.332048881434572252e+01
2.383009744688830978e+01
2.432729377269069815e+01
2.481183578960146008e+01
2.528360690537163791e+01
2.574261613422487471e+01
2.618899677192304054e+01
2.662300353846841716e+01
2.704500819960793478e+01
2.745549370068079043e+01
2.785504686869228408e+01
2.824434976042313750e+01
2.862416975550299014e+01
2.899534851331274865e+01
2.935878993095642642e+01
2.971544725602717563e+01
3.006630952215133945e+01
3.041238748706068407e+01
3.075469926196906911e+01
3.109425582712659164e+01
3.143204663145258237e+01
3.176902547402001176e+01
3.210609686185542699e+01
3.244410303205912527e+01
3.278381181672906308e+01
3.312590551674409056e+01
3.347097093531732526e+01
3.381949070464122542e+01
3.417183601919519020e+01
3.452826086773143999e+01
3.488889783296255587e+01
3.525375550395489199e+01
3.562271752160436478e+01
3.599554325277386368e+01
3.637187006413697787e+01
3.675121714293602082e+01
3.713299078913471618e+01
3.751649108222669327e+01
3.790091980660605486e+01
3.828538950224852044e+01
3.866893349276780611e+01
3.905051673093709752e+01
3.942904729268119013e+01
3.980338834447106677e+01
4.017237040605766651e+01
4.053480373056832065e+01
4.088949062710916138e+01
4.123523755705089400e+01
4.157086684396919907e+01
4.189522784853792814e+01
4.220720747327913358e+01
4.250573987765032768e+01
4.278981530116398346e+01
4.305848791071900905e+01
4.331088260770209786e+01
4.354620075028751103e+01
4.376372476633406450e+01
4.396282165195813718e+01
4.414294536986186301e+01
4.430363817946864202e+01
4.444453094752743993e+01
4.456534250279117515e+01
4.466587811140682618e+01
4.474602716055050422e+01
4.480576014644501726e+01
4.484512506909747032e+01
4.486424333982619572e+01
4.486330530891338952e+01
4.484256551956846693e+01
4.480233779091922486e+01
4.474299022711542761e+01
4.466494024203333879e+01
4.456864967974244252e+01
4.445462010011591758e+01
4.432338828703553446e+01
4.417552202388326066e+01
4.401161616776968799e+01
4.383228904056346664e+01
4.363817914160373590e+01
4.342994217434057447e+01
4.320824836736216668e+01
4.297378005964176140e+01
4.272722951062235808e+01
4.246929688818752169e+01
4.220068838182326942e+01
4.192211438449393057e+01
4.163428768502275545e+01
4.133792161312203461e+01
4.103372808163566532e+01
4.072241547497035441e+01
4.040468633898031925e+01
4.008123483556019551e+01
3.975274393468391310e+01
3.941988232734151865e+01
3.908330105450113479e+01
3.874362985952723193e+01
