2.468241901708185893e+01
2.514424921963756532e+01
2.558539832594048491e+01
2.600566234038045366e+01
2.640503030976315557e+01
2.678368566622498292e+01
2.714200530298177227e+01
2.748055634749097464e+01
2.780009062944606413e+01
2.810153687468024231e+01
2.838599068995706531e+01
2.865470243717280496e+01
2.890906312809828904e+01
2.915058850184066941e+01
2.938090147613992897e+01
2.960171318988113853e+01
2.981480287729349499e+01
3.002199683377795836e+01
3.022514674875272789e+01
3.042610769202896748e+01
3.062671604677566606e+01
3.082876768395970757e+01
3.103399667018392094e+01
3.124405479312338940e+01
3.146049217639569306e+01
3.168473923890447352e+01
3.191809023275620305e+01
3.216168856915047769e+01
3.241651411362106927e+01
3.268337260117777987e+01
3.296288728882465335e+01
3.325549292821713721e+01
3.356143210550280997e+01
3.388075395931490874e+01
3.421331525211155622e+01
3.455878373521564839e+01
3.491664371462529459e+01
3.528620369352363184e+01
3.566660593893838183e+01
3.605683779467247518e+01
3.645574454084661653e+01
3.686204358249639057e+01
3.727433973589762672e+01
3.769114137182236846e+01
3.811087716982562767e+01
3.853191323692310988e+01
3.895257034754096281e+01
3.937114106922562939e+01
3.978590655003002041e+01
4.019515275842099555e+01
4.059718598458663052e+01
4.099034743272085990e+01
4.137302675673178243e+01
4.174367441636140796e+01
4.210081275635181441e+01
4.244304573752831544e+01
4.276906727493458504e+01
4.307766816392646803e+01
4.336774159991061595e+01
4.363828732073449146e+01
4.388841442217408684e+01
4.411734291616257764e+01
4.432440411804649472e+01
4.450903996299948062e+01
4.467080136260383938e+01
4.480934572041102371e+01
4.492443372998828721e+01
4.501592558058653282e+01
4.508377669422412737e+01
4.512803311384849536e+01
4.514882665553069074e+01
4.514636992865064258e+01
4.512095131706561801e+01
4.507293000167489083e+01
4.500273109099671842e+01
4.491084091174989368e+01
4.479780249640820955e+01
4.466421128967446919e+01
4.451071108120811459e+01
4.433799015811389665e+01
4.414677765802111509e+01
4.393784009236099308e+01
4.371197799997035816e+01
4.347002268363377908e+01
4.321283297679961777e+01
4.294129198459224028e+01
4.265630374243866640e+01
4.235878973715376361e+01
4.204968523910241629e+01
4.172993539998223156e+01
4.140049107866710898e+01
4.106230436719955890e+01
4.071632380016247055e+01
4.036348924298550855e+01
4.000472646792449893e+01
3.964094144013223087e+01
3.927301435004947905e+01
3.890179344190888600e+01
3.852808870108695771e+01
3.815266547500875305e+01
