2.343737953961936427e+01
2.393940863994062695e+01
2.443043601583604740e+01
2.491038285611561420e+01
2.537928624015015089e+01
2.583729767751092865e+01
2.628468025552882992e+01
2.672180440354586395e+01
2.714914230198814948e+01
2.756726098383945711e+01
2.797681419532090885e+01
2.837853310128231143e+01
2.877321593865562477e+01
2.916171673801333952e+01
2.954493324850906788e+01
2.992379421497199488e+01
3.029924616742984256e+01
3.067223989260620698e+01
3.104371676378909584e+01
3.141459510973094993e+01
3.178575680480530607e+01
3.215803426143116184e+01
3.253219800176291443e+01
3.290894497884991665e+01
3.328888780796930291e+01
3.367254505675020226e+01
3.406033272820291558e+01
3.445255705406066937e+01
3.484940869718952428e+01
3.525095844151626778e+01
3.565715442629464604e+01
3.606782095893152729e+01
3.648265891740075517e+01
3.690124772987292090e+01
3.732304889598326270e+01
3.774741099153758483e+01
3.817357607680958154e+01
3.860068740828089062e+01
3.902779833506292562e+01
3.945388224464112170e+01
3.987784340827577978e+01
4.029852856461504018e+01
4.071473907103055012e+01
4.112524344600321058e+01
4.152879012266695469e+01
4.192412023339276317e+01
4.230998024804318902e+01
4.268513429417424732e+01
4.304837599588162789e+01
4.339853967899542653e+01
4.373451080370440280e+01
4.405523550115657372e+01
4.435972910784884249e+01
4.464708361032961648e+01
4.491647393254560683e+01
4.516716301869134043e+01
4.539850568527068475e+01
4.560995123687757768e+01
4.580104486055749646e+01
4.597142783315786119e+01
4.612083659446300743e+01
4.624910075582346280e+01
4.635614012912817827e+01
4.644196087410112739e+01
4.650665087280716392e+01
4.655037444877406472e+01
4.657336655417100246e+01
4.657592655195629305e+01
4.655841172082319446e+01
4.652123060916635211e+01
4.646483636025730846e+01
4.638972012449456628e+01
4.629640466616378802e+01
4.618543826183023526e+01
4.605738897554452649e+01
4.591283938276179555e+01
4.575238180056152970e+01
4.557661406673618387e+01
4.538613589492830869e+01
4.518154581757600852e+01
4.496343871330783770e+01
4.473240390093498320e+01
4.448902376862686481e+01
4.423387289450543847e+01
4.396751760400967157e+01
4.369051590017498654e+01
4.340341769563336527e+01
4.310676526979158751e+01
4.280109387139000887e+01
4.248693238552154128e+01
4.216480398519886563e+01
4.183522669064938526e+01
4.149871376459532968e+01
4.115577387870225579e+01
4.080691099497661156e+01
4.045262391594224738e+01
4.009340546868435951e+01
3.972974130004331528e+01
3.936210827307576210e+01
3.899097246807145467e+01
