2.227298647794456343e+01
2.277506997399783373e+01
2.326543190427808128e+01
2.374384245591273412e+01
2.421020899605614218e+01
2.466457801755625567e+01
2.510713539790627635e+01
2.553820490876260507e+01
2.595824493627278073e+01
2.636784339705101132e+01
2.676771086052810134e+01
2.715867191520231216e+01
2.754165484360762406e+01
2.791767969815600736e+01
2.828784489692434789e+01
2.865331248446712209e+01
2.901529222735478797e+01
2.937502473687931115e+01
2.973376383177211579e+01
3.009275837138893195e+01
3.045323380423851845e+01
3.081637368758353546e+01
3.118330144082684185e+01
3.155506259824986159e+01
3.193260782522028052e+01
3.231677695612050627e+01
3.270828430194158898e+01
3.310770546079977805e+01
3.351546584570139942e+01
3.393183112094150999e+01
3.435689971187697722e+01
3.479059752286496376e+01
3.523267496536273313e+01
3.568270636308252364e+01
3.614009176427303061e+01
3.660406115329973176e+01
3.707368101539191230e+01
3.754786317041209287e+01
3.802537575448935314e+01
3.850485619304492957e+01
3.898482597580004949e+01
3.946370701444450901e+01
3.993983933734972425e+01
4.041149985356937435e+01
4.087692190084079158e+01
4.133431527975548647e+01
4.178188646898154701e+01
4.221785871457814920e+01
4.264049169009867768e+01
4.304810043330454050e+01
4.343907327974330457e+01
4.381188853292430707e+01
4.416512963498274758e+01
4.449749863009876805e+01
4.480782774496653076e+01
4.509508894567070314e+01
4.535840136771359710e+01
4.559703655490974938e+01
4.581042148263193070e+01
4.599813938066436947e+01
4.615992840988573676e+01
4.629567828439028432e+01
4.640542496570193975e+01
4.648934358775539266e+01
4.654773979966471842e+01
4.658103973743433812e+01
4.658977885521551343e+01
4.657458986113014276e+01
4.653619001181062487e+01
4.647536802352463781e+01
4.639297085604138005e+01
4.628989061836633567e+01
4.616705183334622831e+01
4.602539928125592894e+01
4.586588662127014260e+01
4.568946596471392496e+01
4.549707854580153565e+01
4.528964660488133376e+01
4.506806656673710165e+01
4.483320356301829435e+01
4.458588731415731132e+01
4.432690935296189139e+01
4.405702154019856209e+01
4.377693579263360846e+01
4.348732491683287549e+01
4.318882441814179884e+01
4.288203513418717705e+01
4.256752652638448353e+01
4.224584045161730472e+01
4.191749522968512309e+01
4.158298982039646319e+01
4.124280792727928713e+01
4.089742185267116525e+01
4.054729594118020941e+01
4.019288946483183622e+01
3.983465882318571261e+01
3.947305895479945548e+01
3.910854388202602649e+01
3.874156633861002064e+01
3.837257645819508411e+01
