2.253332236083115347e+01
2.312765223675234338e+01
2.371435256590164542e+01
2.429288722043480320e+01
2.486281139343063629e+01
2.542377360012815402e+01
2.597551650016871250e+01
2.651787651517028621e+01
2.705078223379582525e+01
2.757425161483047660e+01
2.808838801734846768e+01
2.859337510548463968e+01
2.908947069330392310e+01
2.957699961244110654e+01
3.005634570123883620e+01
3.052794302873023113e+01
3.099226647970230175e+01
3.144982183797350217e+01
3.190113551369601197e+01
3.234674406676036540e+01
3.278718368209111844e+01
3.322297975368133649e+01
3.365463673257628585e+01
3.408262838968455100e+01
3.450738863733486994e+01
3.492930304401365049e+01
3.534870116488266234e+01
3.576584979669365794e+01
3.618094724984626254e+01
3.659411871287051099e+01
3.700541276588304385e+01
3.741479907992474097e+01
3.782216731890350303e+01
3.822732724053524578e+01
3.863000997257928049e+01
3.902987042119172401e+01
3.942649074973964929e+01
3.981938484929109023e+01
4.020800370653066125e+01
4.059174156135533451e+01
4.096994273511234752e+01
4.134190900156917792e+01
4.170690736639510732e+01
4.206417811729353673e+01
4.241294300599838607e+01
4.275241342512072862e+01
4.308179844724222818e+01
4.340031260057819651e+01
4.370718326480454152e+01
4.400165758203564081e+01
4.428300879120133970e+01
4.455054190889571686e+01
4.480359869582566290e+01
4.504156186493385405e+01
4.526385850472224348e+01
4.546996270889100344e+01
4.565939742075799757e+01
4.583173551765439413e+01
4.598660017625734042e+01
4.612366457428284150e+01
4.624265099681688440e+01
4.634332942654985743e+01
4.642551570605666456e+01
4.648906936687353664e+01
4.653389122431165248e+01
4.655992083864880726e+01
4.656713394253400651e+01
4.655553993114018141e+01
4.652517950591187201e+01
4.647612255480076726e+01
4.640846634185260200e+01
4.632233406714517798e+01
4.621787384463860349e+01
4.609525813081502577e+01
4.595468362137498275e+01
4.579637161710617477e+01
4.562056884370404219e+01
4.542754869420716801e+01
4.521761284717836560e+01
4.499109319921436168e+01
4.474835403713058213e+01
4.448979436360839657e+01
4.421585028048411914e+01
4.392699732648063105e+01
4.362375266124131912e+01
4.330667698518970354e+01
4.297637608511993790e+01
4.263350189856429751e+01
4.227875299589278768e+01
4.191287438768416251e+01
4.153665657605990447e+01
4.115093378218172404e+01
4.075658129774625138e+01
4.035451192576595503e+01
3.994567149485585134e+01
3.953103345127279056e+01
3.911159255365960519e+01
3.868835771639268728e+01
3.826234406816636380e+01
3.783456431251174479e+01
