3.035405349731445312e+01
3.077631759643554688e+01
3.118723678588867188e+01
3.158814048767089844e+01
3.198034095764160156e+01
3.236503982543945312e+01
3.274364089965820312e+01
3.311742401123046875e+01
3.348758697509765625e+01
3.385538101196289062e+01
3.422182464599609375e+01
3.458804702758789062e+01
3.495486831665039062e+01
3.532296752929687500e+01
3.569297790527343750e+01
3.606527328491210938e+01
3.644010543823242188e+01
3.681752395629882812e+01
3.719742202758789062e+01
3.757944107055664062e+01
3.796311950683593750e+01
3.834792709350585938e+01
3.873283004760742188e+01
3.911704635620117188e+01
3.949947357177734375e+01
3.987884902954101562e+01
4.025397872924804688e+01
4.062353134155273438e+01
4.098604202270507812e+01
4.134013748168945312e+01
4.168449020385742188e+01
4.201775741577148438e+01
4.233848953247070312e+01
4.264563369750976562e+01
4.293799972534179688e+01
4.321459960937500000e+01
4.347464370727539062e+01
4.371730041503906250e+01
4.394216537475585938e+01
4.414883804321289062e+01
4.433708953857421875e+01
4.450705718994140625e+01
4.465887832641601562e+01
4.479282760620117188e+01
4.490959548950195312e+01
4.500981903076171875e+01
4.509429931640625000e+01
4.516419601440429688e+01
4.522045135498046875e+01
4.526423645019531250e+01
4.529691696166992188e+01
4.531972122192382812e+01
4.533395767211914062e+01
4.534103012084960938e+01
4.534215927124023438e+01
4.533852767944335938e+01
4.533140182495117188e+01
4.532178878784179688e+01
4.531064224243164062e+01
4.529883956909179688e+01
4.528704452514648438e+01
4.527571105957031250e+01
4.526533508300781250e+01
4.525601577758789062e+01
4.524783325195312500e+01
4.524066925048828125e+01
4.523424530029296875e+01
4.522806930541992188e+01
4.522162246704101562e+01
4.521415328979492188e+01
4.520490646362304688e+01
4.519288635253906250e+01
4.517717742919921875e+01
4.515662384033203125e+01
4.513028335571289062e+01
4.509702301025390625e+01
4.505576705932617188e+01
4.500544738769531250e+01
4.494507598876953125e+01
4.487371063232421875e+01
4.479058456420898438e+01
4.469483566284179688e+01
4.458591842651367188e+01
4.446337127685546875e+01
4.432674026489257812e+01
4.417586135864257812e+01
4.401067733764648438e+01
4.383110046386718750e+01
4.363766479492187500e+01
4.343034362792968750e+01
4.320992660522460938e+01
4.297693252563476562e+01
4.273205566406250000e+01
4.247609710693359375e+01
4.221021270751953125e+01
4.193513870239257812e+01
4.165221405029296875e+01
4.136235046386718750e+01
4.106687927246093750e+01
4.076675415039062500e+01
