2.849186897277832031e+01
2.878878784179687500e+01
2.905393028259277344e+01
2.928808975219726562e+01
2.949232864379882812e+01
2.966804695129394531e+01
2.981683349609375000e+01
2.994060516357421875e+01
3.004147720336914062e+01
3.012179374694824219e+01
3.018404006958007812e+01
3.023093223571777344e+01
3.026528167724609375e+01
3.029004669189453125e+01
3.030825042724609375e+01
3.032292366027832031e+01
3.033716964721679688e+01
3.035406112670898438e+01
3.037659835815429688e+01
3.040772438049316406e+01
3.045029067993164062e+01
3.050695800781250000e+01
3.058024215698242188e+01
3.067250442504882812e+01
3.078579521179199219e+01
3.092201423645019531e+01
3.108277320861816406e+01
3.126939010620117188e+01
3.148294067382812500e+01
3.172414779663085938e+01
3.199348831176757812e+01
3.229115676879882812e+01
3.261693572998046875e+01
3.297040557861328125e+01
3.335079193115234375e+01
3.375708770751953125e+01
3.418801498413085938e+01
3.464194488525390625e+01
3.511712646484375000e+01
3.561153411865234375e+01
3.612282943725585938e+01
3.664872360229492188e+01
3.718653488159179688e+01
3.773357772827148438e+01
3.828698730468750000e+01
3.884386825561523438e+01
3.940120315551757812e+01
3.995598220825195312e+01
4.050514984130859375e+01
4.104563522338867188e+01
4.157450866699218750e+01
4.208876800537109375e+01
4.258552932739257812e+01
4.306204605102539062e+01
4.351571655273437500e+01
4.394399642944335938e+01
4.434452056884765625e+01
4.471515274047851562e+01
4.505395507812500000e+01
4.535909271240234375e+01
4.562909317016601562e+01
4.586263656616210938e+01
4.605865478515625000e+01
4.621638488769531250e+01
4.633521652221679688e+01
4.641498565673828125e+01
4.645561218261718750e+01
4.645742034912109375e+01
4.642095947265625000e+01
4.634710693359375000e+01
4.623694992065429688e+01
4.609181213378906250e+01
4.591335296630859375e+01
4.570345687866210938e+01
4.546427536010742188e+01
4.519802856445312500e+01
4.490724945068359375e+01
4.459475326538085938e+01
4.426330184936523438e+01
4.391586685180664062e+01
4.355559539794921875e+01
4.318570327758789062e+01
4.280929565429687500e+01
4.242963027954101562e+01
4.204993057250976562e+01
4.167335891723632812e+01
4.130303573608398438e+01
4.094180297851562500e+01
4.059248733520507812e+01
4.025775146484375000e+01
3.993990707397460938e+01
3.964122772216796875e+01
3.936343383789062500e+01
3.910826492309570312e+01
3.887678527832031250e+01
3.867010879516601562e+01
3.848863601684570312e+01
3.833263778686523438e+01
3.820194625854492188e+01
3.809603118896484375e+01
