2.648841857910156250e+01
2.686392021179199219e+01
2.722557830810546875e+01
2.757430076599121094e+01
2.791112709045410156e+01
2.823719215393066406e+01
2.855372619628906250e+01
2.886200904846191406e+01
2.916339492797851562e+01
2.945929145812988281e+01
2.975109481811523438e+01
3.004022407531738281e+01
3.032810401916503906e+01
3.061608886718750000e+01
3.090550804138183594e+01
3.119764137268066406e+01
3.149366188049316406e+01
3.179466819763183594e+01
3.210165405273437500e+01
3.241548919677734375e+01
3.273693084716796875e+01
3.306660842895507812e+01
3.340498733520507812e+01
3.375243377685546875e+01
3.410911941528320312e+01
3.447511291503906250e+01
3.485033035278320312e+01
3.523455047607421875e+01
3.562738037109375000e+01
3.602836227416992188e+01
3.643689346313476562e+01
3.685222625732421875e+01
3.727354812622070312e+01
3.769996643066406250e+01
3.813048934936523438e+01
3.856405258178710938e+01
3.899960327148437500e+01
3.943590927124023438e+01
3.987187194824218750e+01
4.030630111694335938e+01
4.073798370361328125e+01
4.116577148437500000e+01
4.158847808837890625e+01
4.200496292114257812e+01
4.241416168212890625e+01
4.281502151489257812e+01
4.320652389526367188e+01
4.358774566650390625e+01
4.395775604248046875e+01
4.431580352783203125e+01
4.466104125976562500e+01
4.499282455444335938e+01
4.531047821044921875e+01
4.561349105834960938e+01
4.590127944946289062e+01
4.617333221435546875e+01
4.642927551269531250e+01
4.666867065429687500e+01
4.689125061035156250e+01
4.709656906127929688e+01
4.728443145751953125e+01
4.745449829101562500e+01
4.760645675659179688e+01
4.774007415771484375e+01
4.785504531860351562e+01
4.795115661621093750e+01
4.802811813354492188e+01
4.808562088012695312e+01
4.812334442138671875e+01
4.814100646972656250e+01
4.813834762573242188e+01
4.811496353149414062e+01
4.807055282592773438e+01
4.800485610961914062e+01
4.791745376586914062e+01
4.780812835693359375e+01
4.767657470703125000e+01
4.752248382568359375e+01
4.734565353393554688e+01
4.714598846435546875e+01
4.692326736450195312e+01
4.667740631103515625e+01
4.640852355957031250e+01
4.611657714843750000e+01
4.580173110961914062e+01
4.546437454223632812e+01
4.510469818115234375e+01
4.472326278686523438e+01
4.432057952880859375e+01
4.389740371704101562e+01
4.345444488525390625e+01
4.299264907836914062e+01
4.251303100585937500e+01
4.201679611206054688e+01
4.150512695312500000e+01
4.097937011718750000e+01
4.044098281860351562e+01
3.989151000976562500e+01
3.933261489868164062e+01
3.876584243774414062e+01
