2.494437408447265625e+01
2.527057647705078125e+01
2.559358787536621094e+01
2.591410064697265625e+01
2.623280906677246094e+01
2.655043601989746094e+01
2.686766242980957031e+01
2.718514060974121094e+01
2.750358772277832031e+01
2.782358932495117188e+01
2.814581108093261719e+01
2.847081756591796875e+01
2.879912376403808594e+01
2.913129234313964844e+01
2.946775436401367188e+01
2.980893325805664062e+01
3.015515518188476562e+01
3.050676155090332031e+01
3.086398696899414062e+01
3.122697448730468750e+01
3.159589385986328125e+01
3.197072601318359375e+01
3.235145187377929688e+01
3.273796844482421875e+01
3.313010025024414062e+01
3.352754211425781250e+01
3.392996597290039062e+01
3.433695983886718750e+01
3.474800491333007812e+01
3.516252136230468750e+01
3.557986068725585938e+01
3.599925231933593750e+01
3.641991043090820312e+01
3.684098815917968750e+01
3.726154327392578125e+01
3.768059539794921875e+01
3.809713363647460938e+01
3.851010131835937500e+01
3.891835784912109375e+01
3.932081604003906250e+01
3.971644210815429688e+01
4.010401916503906250e+01
4.048247909545898438e+01
4.085077285766601562e+01
4.120783615112304688e+01
4.155267715454101562e+01
4.188438415527343750e+01
4.220206832885742188e+01
4.250489425659179688e+01
4.279219818115234375e+01
4.306333541870117188e+01
4.331784820556640625e+01
4.355515289306640625e+01
4.377505111694335938e+01
4.397729492187500000e+01
4.416164398193359375e+01
4.432819747924804688e+01
4.447697448730468750e+01
4.460804367065429688e+01
4.472169494628906250e+01
4.481823348999023438e+01
4.489789199829101562e+01
4.496119689941406250e+01
4.500851058959960938e+01
4.504038238525390625e+01
4.505710601806640625e+01
4.505929946899414062e+01
4.504742431640625000e+01
4.502185058593750000e+01
4.498298263549804688e+01
4.493122482299804688e+01
4.486688995361328125e+01
4.479026031494140625e+01
4.470150375366210938e+01
4.460077667236328125e+01
4.448819351196289062e+01
4.436371231079101562e+01
4.422742843627929688e+01
4.407915496826171875e+01
4.391880416870117188e+01
4.374630355834960938e+01
4.356146240234375000e+01
4.336411666870117188e+01
4.315405654907226562e+01
4.293123626708984375e+01
4.269558715820312500e+01
4.244688415527343750e+01
4.218534469604492188e+01
4.191099929809570312e+01
4.162408065795898438e+01
4.132475280761718750e+01
4.101350021362304688e+01
4.069097518920898438e+01
4.035760879516601562e+01
4.001436996459960938e+01
3.966204452514648438e+01
3.930162811279296875e+01
3.893435668945312500e+01
3.856146621704101562e+01
3.818422698974609375e+01
