1.962312889099121094e+01
2.018765449523925781e+01
2.074097061157226562e+01
2.128225898742675781e+01
2.181084442138671875e+01
2.232622146606445312e+01
2.282807731628417969e+01
2.331625556945800781e+01
2.379076385498046875e+01
2.425184249877929688e+01
2.469986343383789062e+01
2.513542366027832031e+01
2.555924224853515625e+01
2.597222518920898438e+01
2.637545776367187500e+01
2.677012252807617188e+01
2.715755271911621094e+01
2.753920364379882812e+01
2.791661453247070312e+01
2.829135131835937500e+01
2.866513633728027344e+01
2.903962707519531250e+01
2.941652297973632812e+01
2.979751014709472656e+01
3.018423080444335938e+01
3.057825660705566406e+01
3.098110580444335938e+01
3.139410972595214844e+01
3.181856155395507812e+01
3.225554275512695312e+01
3.270599365234375000e+01
3.317061614990234375e+01
3.364998626708984375e+01
3.414435958862304688e+01
3.465387725830078125e+01
3.517835235595703125e+01
3.571740722656250000e+01
3.627038955688476562e+01
3.683641433715820312e+01
3.741435241699218750e+01
3.800284194946289062e+01
3.860028839111328125e+01
3.920488739013671875e+01
3.981459045410156250e+01
4.042721939086914062e+01
4.104048156738281250e+01
4.165172576904296875e+01
4.225846099853515625e+01
4.285792541503906250e+01
4.344729232788085938e+01
4.402380752563476562e+01
4.458462142944335938e+01
4.512691879272460938e+01
4.564796447753906250e+01
4.614508056640625000e+01
4.661561965942382812e+01
4.705732345581054688e+01
4.746775817871093750e+01
4.784495544433593750e+01
4.818700790405273438e+01
4.849224853515625000e+01
4.875934982299804688e+01
4.898709487915039062e+01
4.917470932006835938e+01
4.932154464721679688e+01
4.942735671997070312e+01
4.949209594726562500e+01
4.951608657836914062e+01
4.949984741210937500e+01
4.944412231445312500e+01
4.935011672973632812e+01
4.921905517578125000e+01
4.905247497558593750e+01
4.885218048095703125e+01
4.862004470825195312e+01
4.835815048217773438e+01
4.806875610351562500e+01
4.775411224365234375e+01
4.741666412353515625e+01
4.705890655517578125e+01
4.668333053588867188e+01
4.629234695434570312e+01
4.588850784301757812e+01
4.547430038452148438e+01
4.505201721191406250e+01
4.462395095825195312e+01
4.419230651855468750e+01
4.375915908813476562e+01
4.332641220092773438e+01
4.289590454101562500e+01
4.246920394897460938e+01
4.204777908325195312e+01
4.163297653198242188e+01
4.122591781616210938e+01
4.082749176025390625e+01
4.043854141235351562e+01
4.005965423583984375e+01
3.969125747680664062e+01
3.933363723754882812e+01
3.898691558837890625e+01
