2.979155158996582031e+01
2.997971916198730469e+01
3.013578224182128906e+01
3.026088905334472656e+01
3.035615730285644531e+01
3.042327117919921875e+01
3.046373367309570312e+01
3.047950553894042969e+01
3.047258567810058594e+01
3.044524955749511719e+01
3.039978599548339844e+01
3.033869934082031250e+01
3.026449966430664062e+01
3.017994499206542969e+01
3.008763504028320312e+01
2.999048614501953125e+01
2.989113616943359375e+01
2.979243087768554688e+01
2.969716072082519531e+01
2.960805130004882812e+01
2.952776718139648438e+01
2.945879936218261719e+01
2.940383911132812500e+01
2.936510086059570312e+01
2.934486770629882812e+01
2.934530448913574219e+01
2.936826324462890625e+01
2.941556930541992188e+01
2.948870086669921875e+01
2.958899879455566406e+01
2.971768760681152344e+01
2.987570762634277344e+01
3.006364059448242188e+01
3.028199386596679688e+01
3.053087425231933594e+01
3.081035614013671875e+01
3.112013244628906250e+01
3.145956230163574219e+01
3.182795906066894531e+01
3.222426605224609375e+01
3.264726638793945312e+01
3.309542083740234375e+01
3.356698989868164062e+01
3.406011581420898438e+01
3.457254409790039062e+01
3.510211944580078125e+01
3.564627456665039062e+01
3.620250701904296875e+01
3.676792144775390625e+01
3.733975219726562500e+01
3.791501235961914062e+01
3.849077224731445312e+01
3.906390762329101562e+01
3.963132095336914062e+01
4.019001007080078125e+01
4.073704910278320312e+01
4.126929855346679688e+01
4.178399276733398438e+01
4.227834320068359375e+01
4.274951553344726562e+01
4.319523620605468750e+01
4.361325454711914062e+01
4.400122070312500000e+01
4.435727691650390625e+01
4.467974853515625000e+01
4.496717071533203125e+01
4.521828460693359375e+01
4.543218231201171875e+01
4.560822296142578125e+01
4.574579238891601562e+01
4.584494018554687500e+01
4.590567779541015625e+01
4.592838668823242188e+01
4.591363525390625000e+01
4.586236190795898438e+01
4.577569198608398438e+01
4.565486526489257812e+01
4.550166702270507812e+01
4.531763839721679688e+01
4.510468292236328125e+01
4.486506271362304688e+01
4.460085296630859375e+01
4.431440353393554688e+01
4.400815200805664062e+01
4.368457412719726562e+01
4.334623718261718750e+01
4.299560546875000000e+01
4.263545608520507812e+01
4.226803588867187500e+01
4.189603805541992188e+01
4.152191543579101562e+01
4.114785003662109375e+01
4.077622222900390625e+01
4.040902328491210938e+01
4.004840850830078125e+01
3.969601058959960938e+01
3.935353469848632812e+01
3.902246475219726562e+01
3.870401000976562500e+01
3.839942550659179688e+01
