2.785230255126953125e+01
2.801825714111328125e+01
2.816344642639160156e+01
2.828960800170898438e+01
2.839867973327636719e+01
2.849267387390136719e+01
2.857378768920898438e+01
2.864426612854003906e+01
2.870645523071289062e+01
2.876271057128906250e+01
2.881547737121582031e+01
2.886712646484375000e+01
2.892001914978027344e+01
2.897648429870605469e+01
2.903874206542968750e+01
2.910891532897949219e+01
2.918902397155761719e+01
2.928091430664062500e+01
2.938628578186035156e+01
2.950664138793945312e+01
2.964335632324218750e+01
2.979749298095703125e+01
2.996998977661132812e+01
3.016154479980468750e+01
3.037261009216308594e+01
3.060345268249511719e+01
3.085409736633300781e+01
3.112437438964843750e+01
3.141384887695312500e+01
3.172198677062988281e+01
3.204798889160156250e+01
3.239091110229492188e+01
3.274966049194335938e+01
3.312298583984375000e+01
3.350950241088867188e+01
3.390774154663085938e+01
3.431617355346679688e+01
3.473308181762695312e+01
3.515688323974609375e+01
3.558580017089843750e+01
3.601811218261718750e+01
3.645211410522460938e+01
3.688609313964843750e+01
3.731839752197265625e+01
3.774737167358398438e+01
3.817146682739257812e+01
3.858924102783203125e+01
3.899924850463867188e+01
3.940016174316406250e+01
3.979079818725585938e+01
4.017000961303710938e+01
4.053676986694335938e+01
4.089011764526367188e+01
4.122929000854492188e+01
4.155350875854492188e+01
4.186215209960937500e+01
4.215466690063476562e+01
4.243056869506835938e+01
4.268950653076171875e+01
4.293110656738281250e+01
4.315514373779296875e+01
4.336136627197265625e+01
4.354965591430664062e+01
4.371982192993164062e+01
4.387182235717773438e+01
4.400556945800781250e+01
4.412094497680664062e+01
4.421796798706054688e+01
4.429656219482421875e+01
4.435671234130859375e+01
4.439834594726562500e+01
4.442141342163085938e+01
4.442600631713867188e+01
4.441193008422851562e+01
4.437922668457031250e+01
4.432791519165039062e+01
4.425792694091796875e+01
4.416932296752929688e+01
4.406212615966796875e+01
4.393643951416015625e+01
4.379239654541015625e+01
4.363005828857421875e+01
4.344982910156250000e+01
4.325191116333007812e+01
4.303662490844726562e+01
4.280453872680664062e+01
4.255617523193359375e+01
4.229207992553710938e+01
4.201306152343750000e+01
4.171991729736328125e+01
4.141355895996093750e+01
4.109502792358398438e+01
4.076549148559570312e+01
4.042603683471679688e+01
4.007803344726562500e+01
3.972282028198242188e+01
3.936184692382812500e+01
3.899647903442382812e+01
3.862836456298828125e+01
3.825892257690429688e+01
