2.057172966003417969e+01
2.122143363952636719e+01
2.186267662048339844e+01
2.249434089660644531e+01
2.311536598205566406e+01
2.372486686706542969e+01
2.432196998596191406e+01
2.490611839294433594e+01
2.547675704956054688e+01
2.603352165222167969e+01
2.657629394531250000e+01
2.710494232177734375e+01
2.761966514587402344e+01
2.812066650390625000e+01
2.860842704772949219e+01
2.908348083496093750e+01
2.954648590087890625e+01
2.999827957153320312e+01
3.043979072570800781e+01
3.087203025817871094e+01
3.129603385925292969e+01
3.171304893493652344e+01
3.212419891357421875e+01
3.253075790405273438e+01
3.293392562866210938e+01
3.333498382568359375e+01
3.373508453369140625e+01
3.413541412353515625e+01
3.453708267211914062e+01
3.494103240966796875e+01
3.534822463989257812e+01
3.575945281982421875e+01
3.617536544799804688e+01
3.659651184082031250e+01
3.702323532104492188e+01
3.745575332641601562e+01
3.789411926269531250e+01
3.833814239501953125e+01
3.878760147094726562e+01
3.924190139770507812e+01
3.970043563842773438e+01
4.016226196289062500e+01
4.062646484375000000e+01
4.109176635742187500e+01
4.155683135986328125e+01
4.202019500732421875e+01
4.248023223876953125e+01
4.293519973754882812e+01
4.338328170776367188e+01
4.382256698608398438e+01
4.425109481811523438e+01
4.466678619384765625e+01
4.506771087646484375e+01
4.545177459716796875e+01
4.581700134277343750e+01
4.616144561767578125e+01
4.648324966430664062e+01
4.678057861328125000e+01
4.705171966552734375e+01
4.729515075683593750e+01
4.750948715209960938e+01
4.769342422485351562e+01
4.784588623046875000e+01
4.796598815917968750e+01
4.805300903320312500e+01
4.810642242431640625e+01
4.812599563598632812e+01
4.811160659790039062e+01
4.806330490112304688e+01
4.798151779174804688e+01
4.786661529541015625e+01
4.771938705444335938e+01
4.754062271118164062e+01
4.733142852783203125e+01
4.709300613403320312e+01
4.682654571533203125e+01
4.653360366821289062e+01
4.621560287475585938e+01
4.587422180175781250e+01
4.551113510131835938e+01
4.512799835205078125e+01
4.472657775878906250e+01
4.430857086181640625e+01
4.387574768066406250e+01
4.342974472045898438e+01
4.297229003906250000e+01
4.250491333007812500e+01
4.202914428710937500e+01
4.154645919799804688e+01
4.105820465087890625e+01
4.056563186645507812e+01
4.006997680664062500e+01
3.957229995727539062e+01
3.907357788085937500e+01
3.857473373413085938e+01
3.807654190063476562e+01
3.757980346679687500e+01
3.708508300781250000e+01
3.659299087524414062e+01
3.610402679443359375e+01
