2.167209243774414062e+01
2.222635269165039062e+01
2.277063751220703125e+01
2.330475044250488281e+01
2.382868194580078125e+01
2.434251213073730469e+01
2.484651756286621094e+01
2.534106826782226562e+01
2.582667350769042969e+01
2.630398178100585938e+01
2.677373504638671875e+01
2.723667144775390625e+01
2.769379043579101562e+01
2.814598846435546875e+01
2.859423446655273438e+01
2.903960609436035156e+01
2.948302650451660156e+01
2.992552757263183594e+01
3.036800575256347656e+01
3.081137657165527344e+01
3.125642776489257812e+01
3.170388221740722656e+01
3.215431213378906250e+01
3.260816574096679688e+01
3.306579971313476562e+01
3.352743911743164062e+01
3.399304962158203125e+01
3.446255493164062500e+01
3.493563079833984375e+01
3.541191482543945312e+01
3.589073944091796875e+01
3.637142181396484375e+01
3.685307312011718750e+01
3.733468627929687500e+01
3.781515121459960938e+01
3.829325866699218750e+01
3.876776123046875000e+01
3.923726654052734375e+01
3.970040130615234375e+01
4.015573501586914062e+01
4.060188674926757812e+01
4.103744125366210938e+01
4.146098709106445312e+01
4.187123870849609375e+01
4.226699066162109375e+01
4.264704132080078125e+01
4.301035308837890625e+01
4.335594940185546875e+01
4.368300247192382812e+01
4.399081039428710938e+01
4.427880477905273438e+01
4.454655456542968750e+01
4.479371261596679688e+01
4.502014160156250000e+01
4.522573852539062500e+01
4.541059875488281250e+01
4.557485580444335938e+01
4.571882629394531250e+01
4.584284591674804688e+01
4.594737243652343750e+01
4.603285217285156250e+01
4.609989929199218750e+01
4.614907836914062500e+01
4.618097686767578125e+01
4.619625854492187500e+01
4.619550323486328125e+01
4.617932510375976562e+01
4.614833831787109375e+01
4.610306549072265625e+01
4.604403686523437500e+01
4.597170257568359375e+01
4.588653182983398438e+01
4.578889083862304688e+01
4.567905807495117188e+01
4.555737686157226562e+01
4.542403793334960938e+01
4.527927017211914062e+01
4.512316131591796875e+01
4.495587158203125000e+01
4.477748107910156250e+01
4.458805084228515625e+01
4.438761520385742188e+01
4.417628479003906250e+01
4.395412826538085938e+01
4.372111129760742188e+01
4.347740173339843750e+01
4.322311019897460938e+01
4.295835494995117188e+01
4.268339920043945312e+01
4.239832305908203125e+01
4.210351943969726562e+01
4.179930496215820312e+01
4.148604965209960938e+01
4.116416549682617188e+01
4.083392333984375000e+01
4.049613571166992188e+01
4.015145492553710938e+01
3.980017471313476562e+01
3.944322967529296875e+01
3.908116531372070312e+01
