2.784812164306640625e+01
2.815761756896972656e+01
2.844104576110839844e+01
2.869934463500976562e+01
2.893368911743164062e+01
2.914553070068359375e+01
2.933648681640625000e+01
2.950835418701171875e+01
2.966316032409667969e+01
2.980302429199218750e+01
2.993025016784667969e+01
3.004720878601074219e+01
3.015638732910156250e+01
3.026023101806640625e+01
3.036123085021972656e+01
3.046191024780273438e+01
3.056467056274414062e+01
3.067180252075195312e+01
3.078554534912109375e+01
3.090802574157714844e+01
3.104106330871582031e+01
3.118638229370117188e+01
3.134547615051269531e+01
3.151951408386230469e+01
3.170952606201171875e+01
3.191609764099121094e+01
3.213977050781250000e+01
3.238060760498046875e+01
3.263832855224609375e+01
3.291271972656250000e+01
3.320284271240234375e+01
3.350772476196289062e+01
3.382617187500000000e+01
3.415665435791015625e+01
3.449740600585937500e+01
3.484664916992187500e+01
3.520231628417968750e+01
3.556213760375976562e+01
3.592397308349609375e+01
3.628546905517578125e+01
3.664416503906250000e+01
3.699782562255859375e+01
3.734408950805664062e+01
3.768072128295898438e+01
3.800578308105468750e+01
3.831715393066406250e+01
3.861301040649414062e+01
3.889170837402343750e+01
3.915203094482421875e+01
3.939275741577148438e+01
3.961286544799804688e+01
3.981174087524414062e+01
3.998916244506835938e+01
4.014468383789062500e+01
4.027873229980468750e+01
4.039156341552734375e+01
4.048389816284179688e+01
4.055642318725585938e+01
4.061035156250000000e+01
4.064693832397460938e+01
4.066754150390625000e+01
4.067372512817382812e+01
4.066713333129882812e+01
4.064952468872070312e+01
4.062266540527343750e+01
4.058842849731445312e+01
4.054835510253906250e+01
4.050435256958007812e+01
4.045798110961914062e+01
4.041079711914062500e+01
4.036420440673828125e+01
4.031943130493164062e+01
4.027754974365234375e+01
4.023945999145507812e+01
4.020581436157226562e+01
4.017720031738281250e+01
4.015376281738281250e+01
4.013570022583007812e+01
4.012275314331054688e+01
4.011464309692382812e+01
4.011083984375000000e+01
4.011060714721679688e+01
4.011314010620117188e+01
4.011737823486328125e+01
4.012227630615234375e+01
4.012656402587890625e+01
4.012893295288085938e+01
4.012825775146484375e+01
4.012302017211914062e+01
4.011197662353515625e+01
4.009386444091796875e+01
4.006729507446289062e+01
4.003139114379882812e+01
3.998485183715820312e+01
3.992689132690429688e+01
3.985673904418945312e+01
3.977360916137695312e+01
3.967709350585937500e+01
3.956676483154296875e+01
3.944262313842773438e+01
