2.611411476135253906e+01
2.668451690673828125e+01
2.722947883605957031e+01
2.774811172485351562e+01
2.823981857299804688e+01
2.870424842834472656e+01
2.914127922058105469e+01
2.955104064941406250e+01
2.993386840820312500e+01
3.029036140441894531e+01
3.062133979797363281e+01
3.092787170410156250e+01
3.121112632751464844e+01
3.147258567810058594e+01
3.171382141113281250e+01
3.193654632568359375e+01
3.214268875122070312e+01
3.233409500122070312e+01
3.251289367675781250e+01
3.268111801147460938e+01
3.284088897705078125e+01
3.299434280395507812e+01
3.314349365234375000e+01
3.329055023193359375e+01
3.343729782104492188e+01
3.358568191528320312e+01
3.373753356933593750e+01
3.389447784423828125e+01
3.405796813964843750e+01
3.422945785522460938e+01
3.441004562377929688e+01
3.460072708129882812e+01
3.480245971679687500e+01
3.501584243774414062e+01
3.524132156372070312e+01
3.547921752929687500e+01
3.572960281372070312e+01
3.599247360229492188e+01
3.626753616333007812e+01
3.655440521240234375e+01
3.685248565673828125e+01
3.716113662719726562e+01
3.747944259643554688e+01
3.780657577514648438e+01
3.814135742187500000e+01
3.848252105712890625e+01
3.882892990112304688e+01
3.917916107177734375e+01
3.953178024291992188e+01
3.988526535034179688e+01
4.023805236816406250e+01
4.058857727050781250e+01
4.093513870239257812e+01
4.127614593505859375e+01
4.160986709594726562e+01
4.193459701538085938e+01
4.224871444702148438e+01
4.255047225952148438e+01
4.283831024169921875e+01
4.311045837402343750e+01
4.336545944213867188e+01
4.360169982910156250e+01
4.381772232055664062e+01
4.401217269897460938e+01
4.418373107910156250e+01
4.433115768432617188e+01
4.445341110229492188e+01
4.454951095581054688e+01
4.461855316162109375e+01
4.465999221801757812e+01
4.467320251464843750e+01
4.465784835815429688e+01
4.461377334594726562e+01
4.454103469848632812e+01
4.443985366821289062e+01
4.431065368652343750e+01
4.415400695800781250e+01
4.397080612182617188e+01
4.376205062866210938e+01
4.352897644042968750e+01
4.327296447753906250e+01
4.299560546875000000e+01
4.269873046875000000e+01
4.238407516479492188e+01
4.205384445190429688e+01
4.170998001098632812e+01
4.135492324829101562e+01
4.099074172973632812e+01
4.061988449096679688e+01
4.024455642700195312e+01
3.986713027954101562e+01
3.948986434936523438e+01
3.911483383178710938e+01
3.874419403076171875e+01
3.837984085083007812e+01
3.802349853515625000e+01
3.767684936523437500e+01
3.734125137329101562e+01
3.701795578002929688e+01
3.670785903930664062e+01
