2.480521583557128906e+01
2.521383857727050781e+01
2.560430526733398438e+01
2.597695922851562500e+01
2.633226203918457031e+01
2.667088890075683594e+01
2.699361038208007812e+01
2.730136489868164062e+01
2.759520721435546875e+01
2.787630271911621094e+01
2.814594650268554688e+01
2.840544128417968750e+01
2.865626716613769531e+01
2.889987564086914062e+01
2.913778877258300781e+01
2.937154769897460938e+01
2.960272026062011719e+01
2.983279228210449219e+01
3.006327819824218750e+01
3.029568099975585938e+01
3.053135108947753906e+01
3.077165222167968750e+01
3.101786613464355469e+01
3.127109336853027344e+01
3.153246116638183594e+01
3.180290031433105469e+01
3.208320236206054688e+01
3.237416458129882812e+01
3.267628479003906250e+01
3.299011993408203125e+01
3.331587219238281250e+01
3.365386581420898438e+01
3.400410079956054688e+01
3.436648941040039062e+01
3.474090576171875000e+01
3.512698745727539062e+01
3.552429962158203125e+01
3.593233489990234375e+01
3.635036087036132812e+01
3.677760696411132812e+01
3.721322250366210938e+01
3.765616607666015625e+01
3.810544967651367188e+01
3.855976867675781250e+01
3.901797485351562500e+01
3.947868728637695312e+01
3.994047927856445312e+01
4.040185546875000000e+01
4.086125946044921875e+01
4.131707382202148438e+01
4.176758956909179688e+01
4.221112060546875000e+01
4.264589309692382812e+01
4.307009887695312500e+01
4.348185729980468750e+01
4.387940216064453125e+01
4.426078796386718750e+01
4.462422561645507812e+01
4.496782302856445312e+01
4.528980255126953125e+01
4.558842849731445312e+01
4.586184310913085938e+01
4.610857772827148438e+01
4.632691574096679688e+01
4.651548004150390625e+01
4.667289733886718750e+01
4.679796600341796875e+01
4.688960647583007812e+01
4.694693374633789062e+01
4.696921157836914062e+01
4.695594787597656250e+01
4.690679168701171875e+01
4.682168197631835938e+01
4.670069503784179688e+01
4.654425048828125000e+01
4.635292053222656250e+01
4.612757110595703125e+01
4.586936950683593750e+01
4.557952117919921875e+01
4.525970458984375000e+01
4.491170883178710938e+01
4.453755950927734375e+01
4.413951110839843750e+01
4.371992874145507812e+01
4.328153610229492188e+01
4.282693862915039062e+01
4.235906982421875000e+01
4.188092803955078125e+01
4.139553070068359375e+01
4.090587997436523438e+01
4.041517257690429688e+01
3.992635726928710938e+01
3.944248962402343750e+01
3.896645355224609375e+01
3.850103378295898438e+01
3.804886245727539062e+01
3.761236953735351562e+01
3.719379806518554688e+01
3.679519271850585938e+01
3.641820907592773438e+01
