2.272358703613281250e+01
2.325554275512695312e+01
2.376432418823242188e+01
2.424881553649902344e+01
2.470812225341796875e+01
2.514164924621582031e+01
2.554898452758789062e+01
2.592993164062500000e+01
2.628462791442871094e+01
2.661339759826660156e+01
2.691683578491210938e+01
2.719580459594726562e+01
2.745135688781738281e+01
2.768481445312500000e+01
2.789772224426269531e+01
2.809177207946777344e+01
2.826888465881347656e+01
2.843115615844726562e+01
2.858075714111328125e+01
2.872001647949218750e+01
2.885132980346679688e+01
2.897718811035156250e+01
2.910009765625000000e+01
2.922251319885253906e+01
2.934696006774902344e+01
2.947579383850097656e+01
2.961141395568847656e+01
2.975600242614746094e+01
2.991168022155761719e+01
3.008034896850585938e+01
3.026373672485351562e+01
3.046342086791992188e+01
3.068070983886718750e+01
3.091666984558105469e+01
3.117213439941406250e+01
3.144772148132324219e+01
3.174370765686035156e+01
3.206010055541992188e+01
3.239675903320312500e+01
3.275308609008789062e+01
3.312842559814453125e+01
3.352177429199218750e+01
3.393184661865234375e+01
3.435723876953125000e+01
3.479623794555664062e+01
3.524701309204101562e+01
3.570757675170898438e+01
3.617568206787109375e+01
3.664916992187500000e+01
3.712560653686523438e+01
3.760258102416992188e+01
3.807759094238281250e+01
3.854819107055664062e+01
3.901182556152343750e+01
3.946615219116210938e+01
3.990870666503906250e+01
4.033720779418945312e+01
4.074950790405273438e+01
4.114347076416015625e+01
4.151721954345703125e+01
4.186898422241210938e+01
4.219712829589843750e+01
4.250030136108398438e+01
4.277716827392578125e+01
4.302683639526367188e+01
4.324830245971679688e+01
4.344105529785156250e+01
4.360456466674804688e+01
4.373860168457031250e+01
4.384308624267578125e+01
4.391808319091796875e+01
4.396380996704101562e+01
4.398080825805664062e+01
4.396951675415039062e+01
4.393062973022460938e+01
4.386488342285156250e+01
4.377326202392578125e+01
4.365660858154296875e+01
4.351601409912109375e+01
4.335258483886718750e+01
4.316737365722656250e+01
4.296156692504882812e+01
4.273640823364257812e+01
4.249298095703125000e+01
4.223254776000976562e+01
4.195623779296875000e+01
4.166529464721679688e+01
4.136086654663085938e+01
4.104409027099609375e+01
4.071621322631835938e+01
4.037836074829101562e+01
4.003162384033203125e+01
3.967710876464843750e+01
3.931602859497070312e+01
3.894943237304687500e+01
3.857853698730468750e+01
3.820442581176757812e+01
3.782823181152343750e+01
3.745116424560546875e+01
3.707434463500976562e+01
