2.901769065856933594e+01
2.967806434631347656e+01
3.031396484375000000e+01
3.092331123352050781e+01
3.150406455993652344e+01
3.205443954467773438e+01
3.257268524169921875e+01
3.305744934082031250e+01
3.350740051269531250e+01
3.392158508300781250e+01
3.429923629760742188e+01
3.463988494873046875e+01
3.494337081909179688e+01
3.520980072021484375e+01
3.543960571289062500e+01
3.563345718383789062e+01
3.579251480102539062e+01
3.591804885864257812e+01
3.601179504394531250e+01
3.607567214965820312e+01
3.611192703247070312e+01
3.612303924560546875e+01
3.611180877685546875e+01
3.608117294311523438e+01
3.603428268432617188e+01
3.597450256347656250e+01
3.590526962280273438e+01
3.583006668090820312e+01
3.575252532958984375e+01
3.567631149291992188e+01
3.560497665405273438e+01
3.554199981689453125e+01
3.549085235595703125e+01
3.545476913452148438e+01
3.543688583374023438e+01
3.544003677368164062e+01
3.546676635742187500e+01
3.551942825317382812e+01
3.559997177124023438e+01
3.571001052856445312e+01
3.585084533691406250e+01
3.602326583862304688e+01
3.622771453857421875e+01
3.646422576904296875e+01
3.673233032226562500e+01
3.703125762939453125e+01
3.735961532592773438e+01
3.771589660644531250e+01
3.809791183471679688e+01
3.850323104858398438e+01
3.892909622192382812e+01
3.937231826782226562e+01
3.982961273193359375e+01
4.029727554321289062e+01
4.077149963378906250e+01
4.124829483032226562e+01
4.172356033325195312e+01
4.219321441650390625e+01
4.265307998657226562e+01
4.309905624389648438e+01
4.352720642089843750e+01
4.393358230590820312e+01
4.431475830078125000e+01
4.466715621948242188e+01
4.498773956298828125e+01
4.527374649047851562e+01
4.552281188964843750e+01
4.573286819458007812e+01
4.590234756469726562e+01
4.603000640869140625e+01
4.611515808105468750e+01
4.615758895874023438e+01
4.615737533569335938e+01
4.611513519287109375e+01
4.603192520141601562e+01
4.590909194946289062e+01
4.574851608276367188e+01
4.555229568481445312e+01
4.532294464111328125e+01
4.506295013427734375e+01
4.477544784545898438e+01
4.446347808837890625e+01
4.413021850585937500e+01
4.377898406982421875e+01
4.341299057006835938e+01
4.303570175170898438e+01
4.265017700195312500e+01
4.225958633422851562e+01
4.186683654785156250e+01
4.147465896606445312e+01
4.108552551269531250e+01
4.070174789428710938e+01
4.032535171508789062e+01
3.995780563354492188e+01
3.960077285766601562e+01
3.925509643554687500e+01
3.892163085937500000e+01
3.860087585449218750e+01
3.829291915893554688e+01
3.799770736694335938e+01
