2.332578468322753906e+01
2.377376174926757812e+01
2.419232940673828125e+01
2.458082580566406250e+01
2.493882179260253906e+01
2.526612854003906250e+01
2.556297683715820312e+01
2.582975387573242188e+01
2.606718063354492188e+01
2.627622222900390625e+01
2.645823287963867188e+01
2.661464309692382812e+01
2.674715614318847656e+01
2.685783004760742188e+01
2.694874000549316406e+01
2.702225112915039062e+01
2.708086967468261719e+01
2.712713813781738281e+01
2.716370773315429688e+01
2.719342231750488281e+01
2.721894836425781250e+01
2.724312591552734375e+01
2.726875114440917969e+01
2.729842185974121094e+01
2.733486557006835938e+01
2.738053131103515625e+01
2.743783187866210938e+01
2.750906944274902344e+01
2.759619522094726562e+01
2.770126342773437500e+01
2.782589340209960938e+01
2.797158813476562500e+01
2.813966560363769531e+01
2.833111190795898438e+01
2.854684448242187500e+01
2.878744506835937500e+01
2.905323028564453125e+01
2.934444999694824219e+01
2.966084098815917969e+01
3.000230598449707031e+01
3.036822319030761719e+01
3.075786018371582031e+01
3.117034339904785156e+01
3.160448837280273438e+01
3.205904769897460938e+01
3.253251647949218750e+01
3.302324295043945312e+01
3.352947235107421875e+01
3.404911422729492188e+01
3.458037567138671875e+01
3.512076568603515625e+01
3.566825866699218750e+01
3.622034072875976562e+01
3.677441024780273438e+01
3.732806777954101562e+01
3.787870407104492188e+01
3.842359161376953125e+01
3.896015930175781250e+01
3.948568344116210938e+01
3.999754714965820312e+01
4.049324417114257812e+01
4.096995544433593750e+01
4.142535018920898438e+01
4.185697555541992188e+01
4.226254272460937500e+01
4.263998794555664062e+01
4.298718643188476562e+01
4.330246734619140625e+01
4.358400726318359375e+01
4.383041381835937500e+01
4.404055023193359375e+01
4.421347427368164062e+01
4.434842300415039062e+01
4.444496536254882812e+01
4.450278472900390625e+01
4.452235412597656250e+01
4.450356674194335938e+01
4.444750213623046875e+01
4.435462188720703125e+01
4.422649002075195312e+01
4.406429290771484375e+01
4.386978530883789062e+01
4.364470291137695312e+01
4.339113998413085938e+01
4.311135101318359375e+01
4.280767822265625000e+01
4.248261642456054688e+01
4.213862991333007812e+01
4.177848434448242188e+01
4.140475463867187500e+01
4.102013015747070312e+01
4.062723922729492188e+01
4.022872924804687500e+01
3.982704162597656250e+01
3.942453002929687500e+01
3.902349090576171875e+01
3.862629699707031250e+01
3.823448562622070312e+01
3.785005950927734375e+01
3.747448730468750000e+01
