2.317498970031738281e+01
2.346681022644042969e+01
2.374427604675292969e+01
2.400852966308593750e+01
2.426078796386718750e+01
2.450244140625000000e+01
2.473500823974609375e+01
2.496003532409667969e+01
2.517919540405273438e+01
2.539423179626464844e+01
2.560686492919921875e+01
2.581893157958984375e+01
2.603215217590332031e+01
2.624828910827636719e+01
2.646904182434082031e+01
2.669602012634277344e+01
2.693083572387695312e+01
2.717485237121582031e+01
2.742943191528320312e+01
2.769576263427734375e+01
2.797485160827636719e+01
2.826761436462402344e+01
2.857473373413085938e+01
2.889670753479003906e+01
2.923394584655761719e+01
2.958654975891113281e+01
2.995453643798828125e+01
3.033765029907226562e+01
3.073551177978515625e+01
3.114760398864746094e+01
3.157311630249023438e+01
3.201123046875000000e+01
3.246086120605468750e+01
3.292090225219726562e+01
3.339000701904296875e+01
3.386682128906250000e+01
3.434979248046875000e+01
3.483746337890625000e+01
3.532818603515625000e+01
3.582022857666015625e+01
3.631200408935546875e+01
3.680177688598632812e+01
3.728784561157226562e+01
3.776852416992187500e+01
3.824225234985351562e+01
3.870735168457031250e+01
3.916231536865234375e+01
3.960566329956054688e+01
4.003597259521484375e+01
4.045198440551757812e+01
4.085237503051757812e+01
4.123611068725585938e+01
4.160213088989257812e+01
4.194946289062500000e+01
4.227734756469726562e+01
4.258498382568359375e+01
4.287181472778320312e+01
4.313735198974609375e+01
4.338116455078125000e+01
4.360293579101562500e+01
4.380247116088867188e+01
4.397970581054687500e+01
4.413455963134765625e+01
4.426713943481445312e+01
4.437762069702148438e+01
4.446622085571289062e+01
4.453326416015625000e+01
4.457910919189453125e+01
4.460427474975585938e+01
4.460920333862304688e+01
4.459450912475585938e+01
4.456073760986328125e+01
4.450866317749023438e+01
4.443888854980468750e+01
4.435223007202148438e+01
4.424945831298828125e+01
4.413133239746093750e+01
4.399872207641601562e+01
4.385250854492187500e+01
4.369353103637695312e+01
4.352263259887695312e+01
4.334071731567382812e+01
4.314873123168945312e+01
4.294747161865234375e+01
4.273789596557617188e+01
4.252084350585937500e+01
4.229716873168945312e+01
4.206771469116210938e+01
4.183335876464843750e+01
4.159483337402343750e+01
4.135303115844726562e+01
4.110855865478515625e+01
4.086220550537109375e+01
4.061471176147460938e+01
4.036668014526367188e+01
4.011865997314453125e+01
3.987129592895507812e+01
3.962510681152343750e+01
3.938060760498046875e+01
3.913820648193359375e+01
