3.159463691711425781e+01
3.163124465942382812e+01
3.165979957580566406e+01
3.168256378173828125e+01
3.170171737670898438e+01
3.171943473815917969e+01
3.173779678344726562e+01
3.175882720947265625e+01
3.178442955017089844e+01
3.181636238098144531e+01
3.185628890991210938e+01
3.190559196472167969e+01
3.196567916870117188e+01
3.203759002685546875e+01
3.212226486206054688e+01
3.222045516967773438e+01
3.233266448974609375e+01
3.245920181274414062e+01
3.260023117065429688e+01
3.275571441650390625e+01
3.292536544799804688e+01
3.310876464843750000e+01
3.330535888671875000e+01
3.351447296142578125e+01
3.373522949218750000e+01
3.396669006347656250e+01
3.420782852172851562e+01
3.445750427246093750e+01
3.471453857421875000e+01
3.497782516479492188e+01
3.524607849121093750e+01
3.551824569702148438e+01
3.579301071166992188e+01
3.606946563720703125e+01
3.634641647338867188e+01
3.662299346923828125e+01
3.689828872680664062e+01
3.717162322998046875e+01
3.744226455688476562e+01
3.770971679687500000e+01
3.797355651855468750e+01
3.823354339599609375e+01
3.848938751220703125e+01
3.874111175537109375e+01
3.898867034912109375e+01
3.923226928710937500e+01
3.947206115722656250e+01
3.970833206176757812e+01
3.994139862060546875e+01
4.017156982421875000e+01
4.039924240112304688e+01
4.062478637695312500e+01
4.084853363037109375e+01
4.107069396972656250e+01
4.129167556762695312e+01
4.151148986816406250e+01
4.173027801513671875e+01
4.194802093505859375e+01
4.216458129882812500e+01
4.237958908081054688e+01
4.259276962280273438e+01
4.280348968505859375e+01
4.301115036010742188e+01
4.321487808227539062e+01
4.341373443603515625e+01
4.360668182373046875e+01
4.379249954223632812e+01
4.396982574462890625e+01
4.413743972778320312e+01
4.429365539550781250e+01
4.443714141845703125e+01
4.456623840332031250e+01
4.467941284179687500e+01
4.477509689331054688e+01
4.485169982910156250e+01
4.490787506103515625e+01
4.494212341308593750e+01
4.495315933227539062e+01
4.493985748291015625e+01
4.490106582641601562e+01
4.483594131469726562e+01
4.474381637573242188e+01
4.462414932250976562e+01
4.447654342651367188e+01
4.430088806152343750e+01
4.409739303588867188e+01
4.386620712280273438e+01
4.360787963867187500e+01
4.332316207885742188e+01
4.301297378540039062e+01
4.267839813232421875e+01
4.232074356079101562e+01
4.194146347045898438e+01
4.154228591918945312e+01
4.112475967407226562e+01
4.069085311889648438e+01
4.024257278442382812e+01
3.978176879882812500e+01
3.931052017211914062e+01
3.883100891113281250e+01
