2.398181724548339844e+01
2.444274902343750000e+01
2.487868118286132812e+01
2.528927803039550781e+01
2.567445182800292969e+01
2.603438949584960938e+01
2.636953353881835938e+01
2.668060111999511719e+01
2.696858978271484375e+01
2.723467254638671875e+01
2.748034858703613281e+01
2.770727729797363281e+01
2.791738510131835938e+01
2.811273574829101562e+01
2.829555320739746094e+01
2.846824073791503906e+01
2.863330841064453125e+01
2.879327964782714844e+01
2.895081520080566406e+01
2.910855674743652344e+01
2.926910591125488281e+01
2.943510627746582031e+01
2.960897636413574219e+01
2.979318809509277344e+01
2.998995971679687500e+01
3.020138359069824219e+01
3.042940902709960938e+01
3.067560195922851562e+01
3.094149589538574219e+01
3.122819137573242188e+01
3.153666305541992188e+01
3.186750602722167969e+01
3.222106933593750000e+01
3.259729385375976562e+01
3.299600601196289062e+01
3.341652297973632812e+01
3.385808944702148438e+01
3.431944656372070312e+01
3.479919052124023438e+01
3.529564285278320312e+01
3.580689239501953125e+01
3.633073043823242188e+01
3.686487197875976562e+01
3.740674972534179688e+01
3.795369720458984375e+01
3.850288391113281250e+01
3.905147933959960938e+01
3.959654998779296875e+01
4.013509368896484375e+01
4.066408538818359375e+01
4.118063735961914062e+01
4.168179702758789062e+01
4.216474533081054688e+01
4.262675094604492188e+01
4.306527328491210938e+01
4.347780609130859375e+01
4.386212539672851562e+01
4.421614837646484375e+01
4.453802108764648438e+01
4.482611465454101562e+01
4.507912063598632812e+01
4.529568099975585938e+01
4.547508621215820312e+01
4.561662673950195312e+01
4.571984481811523438e+01
4.578477478027343750e+01
4.581141662597656250e+01
4.580023956298828125e+01
4.575185775756835938e+01
4.566698074340820312e+01
4.554684448242187500e+01
4.539265823364257812e+01
4.520594406127929688e+01
4.498819351196289062e+01
4.474121856689453125e+01
4.446699905395507812e+01
4.416743087768554688e+01
4.384468841552734375e+01
4.350099182128906250e+01
4.313828277587890625e+01
4.275901412963867188e+01
4.236524200439453125e+01
4.195913696289062500e+01
4.154296493530273438e+01
4.111859512329101562e+01
4.068801879882812500e+01
4.025303268432617188e+01
3.981558609008789062e+01
3.937706756591796875e+01
3.893895339965820312e+01
3.850273132324218750e+01
3.806929016113281250e+01
3.763983535766601562e+01
3.721504211425781250e+01
3.679578781127929688e+01
3.638231658935546875e+01
3.597528457641601562e+01
3.557471084594726562e+01
3.518071365356445312e+01
3.479335784912109375e+01
