2.424083709716796875e+01
2.473370361328125000e+01
2.520392799377441406e+01
2.565079116821289062e+01
2.607378768920898438e+01
2.647259521484375000e+01
2.684705734252929688e+01
2.719725036621093750e+01
2.752343177795410156e+01
2.782602310180664062e+01
2.810567474365234375e+01
2.836317634582519531e+01
2.859955978393554688e+01
2.881593704223632812e+01
2.901363182067871094e+01
2.919409751892089844e+01
2.935888481140136719e+01
2.950970458984375000e+01
2.964832496643066406e+01
2.977662658691406250e+01
2.989648437500000000e+01
3.000992584228515625e+01
3.011891746520996094e+01
3.022546768188476562e+01
3.033154678344726562e+01
3.043915557861328125e+01
3.055017662048339844e+01
3.066652679443359375e+01
3.078993415832519531e+01
3.092212867736816406e+01
3.106467819213867188e+01
3.121904373168945312e+01
3.138658905029296875e+01
3.156849861145019531e+01
3.176579856872558594e+01
3.197939682006835938e+01
3.221001434326171875e+01
3.245817565917968750e+01
3.272428894042968750e+01
3.300847244262695312e+01
3.331079864501953125e+01
3.363105010986328125e+01
3.396885681152343750e+01
3.432371139526367188e+01
3.469484329223632812e+01
3.508141708374023438e+01
3.548233032226562500e+01
3.589634323120117188e+01
3.632210159301757812e+01
3.675808715820312500e+01
3.720265197753906250e+01
3.765397262573242188e+01
3.811024093627929688e+01
3.856947326660156250e+01
3.902954101562500000e+01
3.948844909667968750e+01
3.994402313232421875e+01
4.039404678344726562e+01
4.083638381958007812e+01
4.126882171630859375e+01
4.168927001953125000e+01
4.209562683105468750e+01
4.248583221435546875e+01
4.285805892944335938e+01
4.321037292480468750e+01
4.354120254516601562e+01
4.384887313842773438e+01
4.413202667236328125e+01
4.438938903808593750e+01
4.461989593505859375e+01
4.482269287109375000e+01
4.499706268310546875e+01
4.514246368408203125e+01
4.525860595703125000e+01
4.534538269042968750e+01
4.540280532836914062e+01
4.543119049072265625e+01
4.543090057373046875e+01
4.540252304077148438e+01
4.534682083129882812e+01
4.526462554931640625e+01
4.515687179565429688e+01
4.502472305297851562e+01
4.486928176879882812e+01
4.469174575805664062e+01
4.449337387084960938e+01
4.427538299560546875e+01
4.403913497924804688e+01
4.378577804565429688e+01
4.351648712158203125e+01
4.323242950439453125e+01
4.293469619750976562e+01
4.262423706054687500e+01
4.230190658569335938e+01
4.196852493286132812e+01
4.162467193603515625e+01
4.127104949951171875e+01
4.090795898437500000e+01
4.053583908081054688e+01
4.015487670898437500e+01
