2.745932388305664062e+01
2.769873428344726562e+01
2.792914772033691406e+01
2.815186500549316406e+01
2.836827659606933594e+01
2.857971191406250000e+01
2.878749465942382812e+01
2.899295425415039062e+01
2.919736289978027344e+01
2.940192604064941406e+01
2.960781097412109375e+01
2.981607437133789062e+01
3.002770042419433594e+01
3.024360084533691406e+01
3.046455764770507812e+01
3.069121932983398438e+01
3.092420578002929688e+01
3.116394424438476562e+01
3.141081619262695312e+01
3.166509246826171875e+01
3.192684936523437500e+01
3.219623947143554688e+01
3.247316741943359375e+01
3.275752258300781250e+01
3.304914093017578125e+01
3.334778976440429688e+01
3.365318298339843750e+01
3.396494674682617188e+01
3.428273391723632812e+01
3.460617446899414062e+01
3.493480300903320312e+01
3.526828002929687500e+01
3.560612106323242188e+01
3.594805526733398438e+01
3.629359054565429688e+01
3.664236831665039062e+01
3.699401855468750000e+01
3.734823989868164062e+01
3.770467758178710938e+01
3.806296539306640625e+01
3.842274856567382812e+01
3.878376388549804688e+01
3.914563751220703125e+01
3.950806808471679688e+01
3.987058258056640625e+01
4.023276519775390625e+01
4.059428405761718750e+01
4.095430755615234375e+01
4.131245803833007812e+01
4.166801452636718750e+01
4.202026748657226562e+01
4.236834716796875000e+01
4.271128082275390625e+01
4.304820251464843750e+01
4.337788009643554688e+01
4.369932174682617188e+01
4.401106643676757812e+01
4.431202316284179688e+01
4.460060119628906250e+01
4.487555694580078125e+01
4.513545608520507812e+01
4.537884521484375000e+01
4.560424423217773438e+01
4.581022644042968750e+01
4.599550247192382812e+01
4.615872955322265625e+01
4.629871368408203125e+01
4.641440582275390625e+01
4.650488281250000000e+01
4.656934738159179688e+01
4.660713958740234375e+01
4.661770629882812500e+01
4.660102462768554688e+01
4.655692291259765625e+01
4.648557281494140625e+01
4.638738632202148438e+01
4.626302719116210938e+01
4.611325836181640625e+01
4.593923187255859375e+01
4.574203491210937500e+01
4.552313995361328125e+01
4.528416824340820312e+01
4.502686309814453125e+01
4.475297927856445312e+01
4.446456527709960938e+01
4.416355895996093750e+01
4.385209655761718750e+01
4.353216552734375000e+01
4.320592498779296875e+01
4.287537765502929688e+01
4.254241561889648438e+01
4.220890045166015625e+01
4.187664794921875000e+01
4.154715728759765625e+01
4.122184371948242188e+01
4.090204238891601562e+01
4.058869934082031250e+01
4.028268051147460938e+01
3.998467254638671875e+01
3.969508743286132812e+01
