6.491025543212890625e+01
6.474700164794921875e+01
6.458393859863281250e+01
6.442105102539062500e+01
6.425836944580078125e+01
6.409583282470703125e+01
6.393346786499023438e+01
6.377122497558593750e+01
6.360911178588867188e+01
6.344712829589843750e+01
6.328525543212890625e+01
6.312349319458007812e+01
6.296184921264648438e+01
6.280031204223632812e+01
6.263889312744140625e+01
6.247758102416992188e+01
6.231636047363281250e+01
6.215523529052734375e+01
6.199419403076171875e+01
6.183324050903320312e+01
6.167232894897460938e+01
6.151140975952148438e+01
6.135041046142578125e+01
6.118914794921875000e+01
6.102746200561523438e+01
6.086521148681640625e+01
6.070213699340820312e+01
6.053797531127929688e+01
6.037240600585937500e+01
6.020492935180664062e+01
6.003541564941406250e+01
5.986359786987304688e+01
5.968927383422851562e+01
5.951192855834960938e+01
5.933137893676757812e+01
5.914729690551757812e+01
5.895968627929687500e+01
5.876824951171875000e+01
5.857244873046875000e+01
5.837257385253906250e+01
5.816888427734375000e+01
5.796209716796875000e+01
5.775195312500000000e+01
5.753902435302734375e+01
5.732374191284179688e+01
5.710657882690429688e+01
5.688787841796875000e+01
5.666770935058593750e+01
5.644628524780273438e+01
5.622423171997070312e+01
5.600148773193359375e+01
5.577824783325195312e+01
5.555494308471679688e+01
5.533225631713867188e+01
5.511037445068359375e+01
5.488908767700195312e+01
5.466814804077148438e+01
5.444744110107421875e+01
5.422446823120117188e+01
5.398907470703125000e+01
5.374206161499023438e+01
5.348316192626953125e+01
5.321731185913085938e+01
5.294572448730468750e+01
5.266387939453125000e+01
5.237473297119140625e+01
5.207964706420898438e+01
5.177897262573242188e+01
5.146746063232421875e+01
5.114849090576171875e+01
5.082659149169921875e+01
5.049615859985351562e+01
5.015880584716796875e+01
4.981061553955078125e+01
4.945722961425781250e+01
4.909935379028320312e+01
4.873833465576171875e+01
4.837504196166992188e+01
4.800651931762695312e+01
4.763312530517578125e+01
4.726250457763671875e+01
4.689116668701171875e+01
4.652101898193359375e+01
4.615234375000000000e+01
4.578361892700195312e+01
4.541231155395507812e+01
4.504033279418945312e+01
4.466535949707031250e+01
4.429243469238281250e+01
4.392020034790039062e+01
4.354796600341796875e+01
4.317327880859375000e+01
4.279797363281250000e+01
4.242209243774414062e+01
4.204812240600585938e+01
4.167200851440429688e+01
4.129490661621093750e+01
4.091771697998046875e+01
4.054450225830078125e+01
4.017350387573242188e+01
