6.469307708740234375e+01
6.451512145996093750e+01
6.434075927734375000e+01
6.417009735107421875e+01
6.400350952148437500e+01
6.384145355224609375e+01
6.368484878540039062e+01
6.353423690795898438e+01
6.338981628417968750e+01
6.325117492675781250e+01
6.311819076538085938e+01
6.299064254760742188e+01
6.286934661865234375e+01
6.275423431396484375e+01
6.264476013183593750e+01
6.253918075561523438e+01
6.243429183959960938e+01
6.232675552368164062e+01
6.221508407592773438e+01
6.209797286987304688e+01
6.197594070434570312e+01
6.184929275512695312e+01
6.171873474121093750e+01
6.158686828613281250e+01
6.145348739624023438e+01
6.131796646118164062e+01
6.117955017089843750e+01
6.103547286987304688e+01
6.088523483276367188e+01
6.072943496704101562e+01
6.056818771362304688e+01
6.040345001220703125e+01
6.023606109619140625e+01
6.006584167480468750e+01
5.989144897460937500e+01
5.971396255493164062e+01
5.953450012207031250e+01
5.935251235961914062e+01
5.916816711425781250e+01
5.898109817504882812e+01
5.879123687744140625e+01
5.859754943847656250e+01
5.839872360229492188e+01
5.819349288940429688e+01
5.798177337646484375e+01
5.776324081420898438e+01
5.753807830810546875e+01
5.730707931518554688e+01
5.706995010375976562e+01
5.682758712768554688e+01
5.658131027221679688e+01
5.633247375488281250e+01
5.608410644531250000e+01
5.583720016479492188e+01
5.559328460693359375e+01
5.535459136962890625e+01
5.512021255493164062e+01
5.488613510131835938e+01
5.464719772338867188e+01
5.439923095703125000e+01
5.414183425903320312e+01
5.387252807617187500e+01
5.359359741210937500e+01
5.330758666992187500e+01
5.301288604736328125e+01
5.271115493774414062e+01
5.240584945678710938e+01
5.209796905517578125e+01
5.178667068481445312e+01
5.146941375732421875e+01
5.114786911010742188e+01
5.082364654541015625e+01
5.049560546875000000e+01
5.015933227539062500e+01
4.981270980834960938e+01
4.945672988891601562e+01
4.909350204467773438e+01
4.872509002685546875e+01
4.834993743896484375e+01
4.797430038452148438e+01
4.759842300415039062e+01
4.722500610351562500e+01
4.685464859008789062e+01
4.648622512817382812e+01
4.611841583251953125e+01
4.574679565429687500e+01
4.537242507934570312e+01
4.499954605102539062e+01
4.462516784667968750e+01
4.424884796142578125e+01
4.386977386474609375e+01
4.348821640014648438e+01
4.310507202148437500e+01
4.272093963623046875e+01
4.233562850952148438e+01
4.194805526733398438e+01
4.155539321899414062e+01
4.115943145751953125e+01
4.075986862182617188e+01
4.035678482055664062e+01
