6.858590698242187500e+01
6.830006408691406250e+01
6.801523590087890625e+01
6.773162841796875000e+01
6.744954681396484375e+01
6.716932678222656250e+01
6.689115142822265625e+01
6.661499023437500000e+01
6.634085083007812500e+01
6.606880950927734375e+01
6.579885864257812500e+01
6.553102111816406250e+01
6.526518249511718750e+01
6.500150299072265625e+01
6.474003601074218750e+01
6.448089599609375000e+01
6.422415161132812500e+01
6.396988677978515625e+01
6.371808624267578125e+01
6.346880340576171875e+01
6.322196578979492188e+01
6.297739028930664062e+01
6.273490905761718750e+01
6.249444198608398438e+01
6.225580978393554688e+01
6.201889801025390625e+01
6.178353118896484375e+01
6.154961013793945312e+01
6.131701278686523438e+01
6.108559799194335938e+01
6.085526657104492188e+01
6.062615966796875000e+01
6.039817428588867188e+01
6.017121887207031250e+01
5.994484710693359375e+01
5.971844100952148438e+01
5.949173736572265625e+01
5.926473617553710938e+01
5.903683471679687500e+01
5.880758666992187500e+01
5.857648086547851562e+01
5.834303665161132812e+01
5.810717391967773438e+01
5.787020492553710938e+01
5.763282394409179688e+01
5.739563751220703125e+01
5.715911102294921875e+01
5.692351150512695312e+01
5.668832397460937500e+01
5.645079803466796875e+01
5.621036148071289062e+01
5.596442413330078125e+01
5.571331024169921875e+01
5.545775985717773438e+01
5.520151901245117188e+01
5.494443511962890625e+01
5.468570327758789062e+01
5.442739868164062500e+01
5.416763687133789062e+01
5.390646743774414062e+01
5.364259338378906250e+01
5.337461090087890625e+01
5.310061264038085938e+01
5.281934356689453125e+01
5.252680969238281250e+01
5.222494888305664062e+01
5.191374969482421875e+01
5.159126663208007812e+01
5.125827407836914062e+01
5.091871261596679688e+01
5.057043457031250000e+01
5.021439361572265625e+01
4.985185623168945312e+01
4.948735046386718750e+01
4.912126159667968750e+01
4.875420379638671875e+01
4.838780975341796875e+01
4.802098464965820312e+01
4.765436935424804688e+01
4.728753662109375000e+01
4.691774749755859375e+01
4.654886627197265625e+01
4.617967224121093750e+01
4.581049728393554688e+01
4.544165420532226562e+01
4.507150650024414062e+01
4.470122909545898438e+01
4.433176040649414062e+01
4.396246719360351562e+01
4.359152221679687500e+01
4.322052383422851562e+01
4.284912872314453125e+01
4.247675704956054688e+01
4.210619735717773438e+01
4.173844146728515625e+01
4.137159729003906250e+01
4.100564956665039062e+01
4.064104843139648438e+01
4.027867507934570312e+01
3.991619110107421875e+01
