6.427053833007812500e+01
6.417440795898437500e+01
6.407723236083984375e+01
6.397868728637695312e+01
6.387874984741210938e+01
6.377725982666015625e+01
6.367436599731445312e+01
6.357022857666015625e+01
6.346507263183593750e+01
6.335898590087890625e+01
6.325192260742187500e+01
6.314377212524414062e+01
6.303428649902343750e+01
6.292354202270507812e+01
6.281142425537109375e+01
6.269786071777343750e+01
6.258285903930664062e+01
6.246647262573242188e+01
6.234862899780273438e+01
6.222917938232421875e+01
6.210800552368164062e+01
6.198471069335937500e+01
6.185903549194335938e+01
6.173093414306640625e+01
6.160028076171875000e+01
6.146735000610351562e+01
6.133241271972656250e+01
6.119558715820312500e+01
6.105668640136718750e+01
6.091561126708984375e+01
6.077220535278320312e+01
6.062549972534179688e+01
6.047457504272460938e+01
6.031880569458007812e+01
6.015843582153320312e+01
5.999311065673828125e+01
5.982225036621093750e+01
5.964611053466796875e+01
5.946492385864257812e+01
5.927919769287109375e+01
5.908954238891601562e+01
5.889644241333007812e+01
5.870032501220703125e+01
5.850164794921875000e+01
5.830116271972656250e+01
5.809896087646484375e+01
5.789530563354492188e+01
5.769028472900390625e+01
5.748403549194335938e+01
5.727629089355468750e+01
5.706779098510742188e+01
5.685918426513671875e+01
5.664812850952148438e+01
5.642772293090820312e+01
5.619788742065429688e+01
5.595919418334960938e+01
5.571162796020507812e+01
5.545925521850585938e+01
5.520279693603515625e+01
5.494402313232421875e+01
5.468309783935546875e+01
5.442253494262695312e+01
5.415702438354492188e+01
5.389002227783203125e+01
5.361768722534179688e+01
5.333918762207031250e+01
5.305282974243164062e+01
5.275646209716796875e+01
5.244680023193359375e+01
5.212377548217773438e+01
5.178936767578125000e+01
5.144490051269531250e+01
5.109215927124023438e+01
5.073138046264648438e+01
5.036310195922851562e+01
4.999040222167968750e+01
4.961422348022460938e+01
4.923816680908203125e+01
4.885724258422851562e+01
4.847143173217773438e+01
4.808296585083007812e+01
4.769056320190429688e+01
4.729613113403320312e+01
4.690289688110351562e+01
4.650983810424804688e+01
4.611804962158203125e+01
4.573024749755859375e+01
4.534345245361328125e+01
4.495843505859375000e+01
4.457467269897460938e+01
4.419224929809570312e+01
4.380828475952148438e+01
4.342753601074218750e+01
4.304926300048828125e+01
4.267061996459960938e+01
4.229509735107421875e+01
4.191877746582031250e+01
4.154538345336914062e+01
4.117345428466796875e+01
4.080051803588867188e+01
