6.941351318359375000e+01
6.914410400390625000e+01
6.887477874755859375e+01
6.860571289062500000e+01
6.833740234375000000e+01
6.807006072998046875e+01
6.780476379394531250e+01
6.754229736328125000e+01
6.728322601318359375e+01
6.702790832519531250e+01
6.677569580078125000e+01
6.652616119384765625e+01
6.627877044677734375e+01
6.603328704833984375e+01
6.578960418701171875e+01
6.554809570312500000e+01
6.530882263183593750e+01
6.507201385498046875e+01
6.483773803710937500e+01
6.460603332519531250e+01
6.437667083740234375e+01
6.414930725097656250e+01
6.392369842529296875e+01
6.369968032836914062e+01
6.347716140747070312e+01
6.325541687011718750e+01
6.303443527221679688e+01
6.281435012817382812e+01
6.259484100341796875e+01
6.237584304809570312e+01
6.215756607055664062e+01
6.194003677368164062e+01
6.172312164306640625e+01
6.150679779052734375e+01
6.129119110107421875e+01
6.107645416259765625e+01
6.086267852783203125e+01
6.065002822875976562e+01
6.043873596191406250e+01
6.022897338867187500e+01
6.002065658569335938e+01
5.981388092041015625e+01
5.959597396850585938e+01
5.935933685302734375e+01
5.911694335937500000e+01
5.887043762207031250e+01
5.862028503417968750e+01
5.836671066284179688e+01
5.810826110839843750e+01
5.784513473510742188e+01
5.757673645019531250e+01
5.730270004272460938e+01
5.702229309082031250e+01
5.673799896240234375e+01
5.644844055175781250e+01
5.615302276611328125e+01
5.585228729248046875e+01
5.554563140869140625e+01
5.523305511474609375e+01
5.491572189331054688e+01
5.459440994262695312e+01
5.426906204223632812e+01
5.394080352783203125e+01
5.361051559448242188e+01
5.327856063842773438e+01
5.294578552246093750e+01
5.261100006103515625e+01
5.227393722534179688e+01
5.193518829345703125e+01
5.159545516967773438e+01
5.125370407104492188e+01
5.091036224365234375e+01
5.056516647338867188e+01
5.021771621704101562e+01
4.986780548095703125e+01
4.951501846313476562e+01
4.915864944458007812e+01
4.879447555541992188e+01
4.841561889648437500e+01
4.803207015991210938e+01
4.764655685424804688e+01
4.725819778442382812e+01
4.686883163452148438e+01
4.647701263427734375e+01
4.608322525024414062e+01
4.568765640258789062e+01
4.529176712036132812e+01
4.489378356933593750e+01
4.449226379394531250e+01
4.408953475952148438e+01
4.368654251098632812e+01
4.328255844116210938e+01
4.287705612182617188e+01
4.247072219848632812e+01
4.206503677368164062e+01
4.166082000732421875e+01
4.125783157348632812e+01
4.085774993896484375e+01
4.046014785766601562e+01
4.006551742553710938e+01
