6.862101745605468750e+01
6.845704650878906250e+01
6.829170989990234375e+01
6.812503051757812500e+01
6.795701599121093750e+01
6.778784942626953125e+01
6.761749267578125000e+01
6.744595336914062500e+01
6.727326965332031250e+01
6.709929656982421875e+01
6.692417144775390625e+01
6.674778747558593750e+01
6.657009887695312500e+01
6.639111328125000000e+01
6.621080017089843750e+01
6.602937316894531250e+01
6.584690093994140625e+01
6.566359710693359375e+01
6.547953033447265625e+01
6.529449462890625000e+01
6.510847473144531250e+01
6.492156982421875000e+01
6.473414611816406250e+01
6.454619598388671875e+01
6.435756683349609375e+01
6.416812133789062500e+01
6.397772216796875000e+01
6.378550338745117188e+01
6.359165573120117188e+01
6.339612197875976562e+01
6.319786071777343750e+01
6.299557495117187500e+01
6.279067230224609375e+01
6.258145523071289062e+01
6.236887359619140625e+01
6.215373611450195312e+01
6.193738555908203125e+01
6.171867370605468750e+01
6.149794769287109375e+01
6.127633666992187500e+01
6.105482482910156250e+01
6.083153533935546875e+01
6.060434722900390625e+01
6.037236785888671875e+01
6.013533782958984375e+01
5.989163589477539062e+01
5.964008712768554688e+01
5.937987899780273438e+01
5.910895919799804688e+01
5.882891082763671875e+01
5.853933715820312500e+01
5.824042510986328125e+01
5.793356704711914062e+01
5.762052917480468750e+01
5.730216217041015625e+01
5.698176193237304688e+01
5.665921020507812500e+01
5.633465957641601562e+01
5.600964736938476562e+01
5.568423461914062500e+01
5.535694885253906250e+01
5.502803421020507812e+01
5.469792175292968750e+01
5.436681747436523438e+01
5.403299713134765625e+01
5.369624710083007812e+01
5.335800933837890625e+01
5.301741027832031250e+01
5.267435455322265625e+01
5.232987976074218750e+01
5.198397445678710938e+01
5.163598632812500000e+01
5.128723526000976562e+01
5.093532943725585938e+01
5.056990051269531250e+01
5.019927215576171875e+01
4.982674407958984375e+01
4.945271301269531250e+01
4.907931900024414062e+01
4.870597839355468750e+01
4.833021545410156250e+01
4.795188522338867188e+01
4.756994247436523438e+01
4.718244552612304688e+01
4.679094696044921875e+01
4.639337539672851562e+01
4.599065017700195312e+01
4.557946777343750000e+01
4.516128158569335938e+01
4.473565673828125000e+01
4.430138778686523438e+01
4.385991287231445312e+01
4.341325378417968750e+01
4.295922088623046875e+01
4.249917984008789062e+01
4.203649139404296875e+01
4.157075500488281250e+01
4.110237121582031250e+01
4.063239288330078125e+01
4.016341781616210938e+01
