6.999429321289062500e+01
6.983020019531250000e+01
6.966075134277343750e+01
6.948609924316406250e+01
6.930659484863281250e+01
6.912332153320312500e+01
6.893704986572265625e+01
6.874793243408203125e+01
6.855614471435546875e+01
6.836139678955078125e+01
6.816352081298828125e+01
6.796166992187500000e+01
6.775562286376953125e+01
6.754520416259765625e+01
6.733090209960937500e+01
6.711326599121093750e+01
6.689208984375000000e+01
6.666793823242187500e+01
6.644131469726562500e+01
6.621273040771484375e+01
6.598223876953125000e+01
6.575018310546875000e+01
6.551670837402343750e+01
6.528188323974609375e+01
6.504564666748046875e+01
6.480801391601562500e+01
6.456932067871093750e+01
6.432936096191406250e+01
6.408771514892578125e+01
6.384390640258789062e+01
6.359786224365234375e+01
6.334930419921875000e+01
6.309764862060546875e+01
6.284287261962890625e+01
6.258499908447265625e+01
6.232381057739257812e+01
6.205952453613281250e+01
6.179277420043945312e+01
6.152389907836914062e+01
6.125314712524414062e+01
6.098076248168945312e+01
6.070649719238281250e+01
6.042974853515625000e+01
6.015027236938476562e+01
5.986766815185546875e+01
5.958139801025390625e+01
5.929159927368164062e+01
5.899919891357421875e+01
5.870509338378906250e+01
5.841014862060546875e+01
5.811552429199218750e+01
5.782203674316406250e+01
5.753036117553710938e+01
5.724108123779296875e+01
5.695349884033203125e+01
5.666698455810546875e+01
5.637921142578125000e+01
5.608987426757812500e+01
5.579796218872070312e+01
5.550045013427734375e+01
5.519592285156250000e+01
5.488455963134765625e+01
5.456535339355468750e+01
5.423961257934570312e+01
5.390846633911132812e+01
5.357323455810546875e+01
5.323478698730468750e+01
5.289349746704101562e+01
5.254866790771484375e+01
5.220030975341796875e+01
5.184860610961914062e+01
5.149243164062500000e+01
5.113283157348632812e+01
5.076860046386718750e+01
5.039887237548828125e+01
5.002478027343750000e+01
4.964668655395507812e+01
4.926556015014648438e+01
4.888222885131835938e+01
4.849802398681640625e+01
4.811278533935546875e+01
4.772608184814453125e+01
4.733851623535156250e+01
4.695149993896484375e+01
4.656455993652343750e+01
4.617797470092773438e+01
4.579134750366210938e+01
4.540552139282226562e+01
4.502049255371093750e+01
4.463590240478515625e+01
4.424995040893554688e+01
4.386216354370117188e+01
4.347244644165039062e+01
4.308057403564453125e+01
4.268753051757812500e+01
4.229334259033203125e+01
4.189726257324218750e+01
4.149710464477539062e+01
4.109202575683593750e+01
4.068066024780273438e+01
