6.870420837402343750e+01
6.845818328857421875e+01
6.821308898925781250e+01
6.796893310546875000e+01
6.772576141357421875e+01
6.748361968994140625e+01
6.724249267578125000e+01
6.700232696533203125e+01
6.676310729980468750e+01
6.652471923828125000e+01
6.628701782226562500e+01
6.604993438720703125e+01
6.581342315673828125e+01
6.557746124267578125e+01
6.534203338623046875e+01
6.510718536376953125e+01
6.487292480468750000e+01
6.463922882080078125e+01
6.440607452392578125e+01
6.417348480224609375e+01
6.394144058227539062e+01
6.370993423461914062e+01
6.347887802124023438e+01
6.324817276000976562e+01
6.301771163940429688e+01
6.278741836547851562e+01
6.255733108520507812e+01
6.232724761962890625e+01
6.209725952148437500e+01
6.186738586425781250e+01
6.163763046264648438e+01
6.140797424316406250e+01
6.117859268188476562e+01
6.094974899291992188e+01
6.072198486328125000e+01
6.049538421630859375e+01
6.027041244506835938e+01
6.004582214355468750e+01
5.982194900512695312e+01
5.959885025024414062e+01
5.937557983398437500e+01
5.915126037597656250e+01
5.892473602294921875e+01
5.869480514526367188e+01
5.846117401123046875e+01
5.822334671020507812e+01
5.798183441162109375e+01
5.773421096801757812e+01
5.748177337646484375e+01
5.722753143310546875e+01
5.697423553466796875e+01
5.672129821777343750e+01
5.646876907348632812e+01
5.621619796752929688e+01
5.596257400512695312e+01
5.570800399780273438e+01
5.545107269287109375e+01
5.518960952758789062e+01
5.492282485961914062e+01
5.464994812011718750e+01
5.437119293212890625e+01
5.408548736572265625e+01
5.379204940795898438e+01
5.349146652221679688e+01
5.318352508544921875e+01
5.286682510375976562e+01
5.254218673706054688e+01
5.221299743652343750e+01
5.188098526000976562e+01
5.154579925537109375e+01
5.120925140380859375e+01
5.086980438232421875e+01
5.052896881103515625e+01
5.018705368041992188e+01
4.984392166137695312e+01
4.949903488159179688e+01
4.915316390991210938e+01
4.880407714843750000e+01
4.845323181152343750e+01
4.810140609741210938e+01
4.774870681762695312e+01
4.739434814453125000e+01
4.703836059570312500e+01
4.668193817138671875e+01
4.632430267333984375e+01
4.596501922607421875e+01
4.560515975952148438e+01
4.524459457397460938e+01
4.488406753540039062e+01
4.452474975585937500e+01
4.416622924804687500e+01
4.380879211425781250e+01
4.345377349853515625e+01
4.310005187988281250e+01
4.274777984619140625e+01
4.239746093750000000e+01
4.204694366455078125e+01
4.169599533081054688e+01
4.134550476074218750e+01
4.099536895751953125e+01
