6.750274658203125000e+01
6.729943847656250000e+01
6.709642028808593750e+01
6.689364624023437500e+01
6.669107055664062500e+01
6.648866271972656250e+01
6.628639984130859375e+01
6.608428955078125000e+01
6.588232421875000000e+01
6.568051147460937500e+01
6.547884368896484375e+01
6.527731323242187500e+01
6.507585906982421875e+01
6.487442016601562500e+01
6.467302703857421875e+01
6.447156524658203125e+01
6.427005767822265625e+01
6.406848144531250000e+01
6.386677169799804688e+01
6.366494750976562500e+01
6.346297836303710938e+01
6.326084899902343750e+01
6.305853652954101562e+01
6.285596084594726562e+01
6.265301132202148438e+01
6.244953536987304688e+01
6.224519348144531250e+01
6.204032897949218750e+01
6.183484268188476562e+01
6.162853622436523438e+01
6.142070388793945312e+01
6.121131134033203125e+01
6.100017929077148438e+01
6.078816223144531250e+01
6.057461166381835938e+01
6.035843658447265625e+01
6.013996124267578125e+01
5.991993713378906250e+01
5.969787216186523438e+01
5.947557449340820312e+01
5.925204849243164062e+01
5.902673721313476562e+01
5.880191040039062500e+01
5.857497406005859375e+01
5.834503555297851562e+01
5.811206054687500000e+01
5.787807846069335938e+01
5.764193725585937500e+01
5.740247344970703125e+01
5.715993499755859375e+01
5.691436767578125000e+01
5.666404724121093750e+01
5.640787506103515625e+01
5.614574050903320312e+01
5.587783432006835938e+01
5.560311889648437500e+01
5.532141876220703125e+01
5.503308486938476562e+01
5.473907470703125000e+01
5.443746566772460938e+01
5.412939834594726562e+01
5.381437301635742188e+01
5.349401855468750000e+01
5.316860961914062500e+01
5.283784866333007812e+01
5.250352859497070312e+01
5.216354751586914062e+01
5.181948089599609375e+01
5.147335433959960938e+01
5.112510299682617188e+01
5.077639389038085938e+01
5.042989730834960938e+01
5.008547973632812500e+01
4.974016189575195312e+01
4.939535903930664062e+01
4.905030822753906250e+01
4.870475006103515625e+01
4.835926055908203125e+01
4.801487731933593750e+01
4.767144775390625000e+01
4.732794952392578125e+01
4.698450851440429688e+01
4.664077377319335938e+01
4.629693222045898438e+01
4.595369338989257812e+01
4.560971069335937500e+01
4.526470184326171875e+01
4.491899108886718750e+01
4.457134246826171875e+01
4.422110748291015625e+01
4.386907577514648438e+01
4.351617431640625000e+01
4.316504669189453125e+01
4.281482315063476562e+01
4.246474075317382812e+01
4.211381912231445312e+01
4.176327133178710938e+01
4.141321182250976562e+01
4.106323623657226562e+01
4.071284866333007812e+01
