6.925660705566406250e+01
6.897898101806640625e+01
6.870395660400390625e+01
6.843134307861328125e+01
6.816105651855468750e+01
6.789302062988281250e+01
6.762701416015625000e+01
6.736264038085937500e+01
6.709966278076171875e+01
6.683811187744140625e+01
6.657822418212890625e+01
6.632008361816406250e+01
6.606396484375000000e+01
6.580989837646484375e+01
6.555777740478515625e+01
6.530753326416015625e+01
6.505898284912109375e+01
6.481192016601562500e+01
6.456626129150390625e+01
6.432193756103515625e+01
6.407882690429687500e+01
6.383677291870117188e+01
6.359563064575195312e+01
6.335532379150390625e+01
6.311574935913085938e+01
6.287671279907226562e+01
6.263803482055664062e+01
6.239952850341796875e+01
6.216101074218750000e+01
6.192232513427734375e+01
6.168337249755859375e+01
6.144400024414062500e+01
6.120428466796875000e+01
6.096422195434570312e+01
6.072393417358398438e+01
6.048344039916992188e+01
6.024280548095703125e+01
6.000202941894531250e+01
5.976118469238281250e+01
5.952055358886718750e+01
5.928030014038085938e+01
5.904049682617187500e+01
5.880128097534179688e+01
5.856298446655273438e+01
5.832588577270507812e+01
5.809098434448242188e+01
5.785907363891601562e+01
5.763051605224609375e+01
5.740628433227539062e+01
5.718622970581054688e+01
5.696934890747070312e+01
5.674971771240234375e+01
5.651922225952148438e+01
5.627345657348632812e+01
5.601662445068359375e+01
5.575387191772460938e+01
5.548449707031250000e+01
5.520824813842773438e+01
5.493118667602539062e+01
5.464861297607421875e+01
5.436464691162109375e+01
5.408111572265625000e+01
5.379619979858398438e+01
5.350726699829101562e+01
5.321394729614257812e+01
5.291393661499023438e+01
5.260021209716796875e+01
5.227621841430664062e+01
5.194445419311523438e+01
5.160533142089843750e+01
5.125395584106445312e+01
5.089189147949218750e+01
5.052163314819335938e+01
5.014840316772460938e+01
4.977285003662109375e+01
4.939707946777343750e+01
4.902073669433593750e+01
4.864704895019531250e+01
4.827355194091796875e+01
4.790255355834960938e+01
4.753462219238281250e+01
4.716458511352539062e+01
4.679340362548828125e+01
4.642091751098632812e+01
4.604423141479492188e+01
4.566512298583984375e+01
4.528697967529296875e+01
4.490917205810546875e+01
4.453284835815429688e+01
4.415792846679687500e+01
4.378594589233398438e+01
4.341809844970703125e+01
4.305387878417968750e+01
4.269200134277343750e+01
4.233461761474609375e+01
4.197939300537109375e+01
4.162841415405273438e+01
4.128225708007812500e+01
4.093817520141601562e+01
4.059538650512695312e+01
