6.552590179443359375e+01
6.534392547607421875e+01
6.516320800781250000e+01
6.498393249511718750e+01
6.480603790283203125e+01
6.462963867187500000e+01
6.445475769042968750e+01
6.428146362304687500e+01
6.410976409912109375e+01
6.393976211547851562e+01
6.377149200439453125e+01
6.360472488403320312e+01
6.343950653076171875e+01
6.327575302124023438e+01
6.311322784423828125e+01
6.295177459716796875e+01
6.279123687744140625e+01
6.263139724731445312e+01
6.247183609008789062e+01
6.231229400634765625e+01
6.215272903442382812e+01
6.199309158325195312e+01
6.183327484130859375e+01
6.167346191406250000e+01
6.151393127441406250e+01
6.135448455810546875e+01
6.119529724121093750e+01
6.103613662719726562e+01
6.087668609619140625e+01
6.071641540527343750e+01
6.055484390258789062e+01
6.039186096191406250e+01
6.022614288330078125e+01
6.005756759643554688e+01
5.988509750366210938e+01
5.970856857299804688e+01
5.952753448486328125e+01
5.934213638305664062e+01
5.915237426757812500e+01
5.895815658569335938e+01
5.875979995727539062e+01
5.855759811401367188e+01
5.835267257690429688e+01
5.814556884765625000e+01
5.793666076660156250e+01
5.772633743286132812e+01
5.751552200317382812e+01
5.730471038818359375e+01
5.709420013427734375e+01
5.688391876220703125e+01
5.667394256591796875e+01
5.646523666381835938e+01
5.625377273559570312e+01
5.603542327880859375e+01
5.581250000000000000e+01
5.557604217529296875e+01
5.532925033569335938e+01
5.507762527465820312e+01
5.482408523559570312e+01
5.456778717041015625e+01
5.430614852905273438e+01
5.403928756713867188e+01
5.377042388916015625e+01
5.349982452392578125e+01
5.322744369506835938e+01
5.294838714599609375e+01
5.265962219238281250e+01
5.236196899414062500e+01
5.205500411987304688e+01
5.173617935180664062e+01
5.141310501098632812e+01
5.108070373535156250e+01
5.074317550659179688e+01
5.040392303466796875e+01
5.006606292724609375e+01
4.972611236572265625e+01
4.938689804077148438e+01
4.904804229736328125e+01
4.870860671997070312e+01
4.836875534057617188e+01
4.802738189697265625e+01
4.768555450439453125e+01
4.734408187866210938e+01
4.700088500976562500e+01
4.665406799316406250e+01
4.629961013793945312e+01
4.593361282348632812e+01
4.555460357666015625e+01
4.516572952270507812e+01
4.476877975463867188e+01
4.436442947387695312e+01
4.396008682250976562e+01
4.355801773071289062e+01
4.315953826904296875e+01
4.276766586303710938e+01
4.238264846801757812e+01
4.200329208374023438e+01
4.163125610351562500e+01
4.126380157470703125e+01
4.089830017089843750e+01
