6.729671478271484375e+01
6.711642456054687500e+01
6.693629455566406250e+01
6.675630950927734375e+01
6.657644653320312500e+01
6.639668273925781250e+01
6.621710205078125000e+01
6.603765869140625000e+01
6.585836791992187500e+01
6.567921447753906250e+01
6.550025177001953125e+01
6.532142639160156250e+01
6.514277648925781250e+01
6.496423339843750000e+01
6.478583526611328125e+01
6.460753631591796875e+01
6.442922210693359375e+01
6.425092315673828125e+01
6.407247161865234375e+01
6.389340972900390625e+01
6.371376800537109375e+01
6.353332519531250000e+01
6.335169982910156250e+01
6.316901779174804688e+01
6.298494338989257812e+01
6.279908752441406250e+01
6.261132812500000000e+01
6.242118453979492188e+01
6.222853088378906250e+01
6.203421020507812500e+01
6.183801269531250000e+01
6.164020919799804688e+01
6.144114685058593750e+01
6.124040985107421875e+01
6.103740310668945312e+01
6.083214950561523438e+01
6.062451171875000000e+01
6.041404724121093750e+01
6.020141220092773438e+01
5.998673629760742188e+01
5.977041244506835938e+01
5.955353164672851562e+01
5.933689880371093750e+01
5.912053680419921875e+01
5.890451812744140625e+01
5.868837356567382812e+01
5.846629714965820312e+01
5.823438644409179688e+01
5.799465560913085938e+01
5.774909210205078125e+01
5.749883651733398438e+01
5.724467468261718750e+01
5.698664855957031250e+01
5.672001266479492188e+01
5.644960021972656250e+01
5.617500305175781250e+01
5.589524078369140625e+01
5.561250305175781250e+01
5.532756042480468750e+01
5.503844070434570312e+01
5.474433517456054688e+01
5.444419097900390625e+01
5.413661193847656250e+01
5.382202529907226562e+01
5.350062942504882812e+01
5.317364883422851562e+01
5.284105300903320312e+01
5.250361251831054688e+01
5.216254043579101562e+01
5.181791305541992188e+01
5.147094345092773438e+01
5.112244415283203125e+01
5.077264404296875000e+01
5.042061614990234375e+01
5.006924819946289062e+01
4.971646881103515625e+01
4.936227416992187500e+01
4.900627517700195312e+01
4.864710617065429688e+01
4.828425598144531250e+01
4.791863632202148438e+01
4.754860687255859375e+01
4.717538452148437500e+01
4.679878997802734375e+01
4.641909408569335938e+01
4.603647232055664062e+01
4.565096664428710938e+01
4.526325988769531250e+01
4.487438583374023438e+01
4.448435592651367188e+01
4.409506988525390625e+01
4.370626831054687500e+01
4.331884765625000000e+01
4.293228149414062500e+01
4.254730606079101562e+01
4.216039276123046875e+01
4.177424621582031250e+01
4.138862609863281250e+01
4.100500106811523438e+01
4.062196350097656250e+01
