6.318246078491210938e+01
6.315040969848632812e+01
6.311843109130859375e+01
6.308647155761718750e+01
6.305419921875000000e+01
6.302129745483398438e+01
6.298679351806640625e+01
6.295003128051757812e+01
6.291006088256835938e+01
6.286524200439453125e+01
6.281428527832031250e+01
6.275801849365234375e+01
6.269618606567382812e+01
6.262954711914062500e+01
6.255882263183593750e+01
6.248454284667968750e+01
6.240713500976562500e+01
6.232649230957031250e+01
6.224174880981445312e+01
6.215191268920898438e+01
6.205696105957031250e+01
6.195614242553710938e+01
6.184894180297851562e+01
6.173433685302734375e+01
6.161199951171875000e+01
6.148348617553710938e+01
6.134958648681640625e+01
6.121044158935546875e+01
6.106684875488281250e+01
6.092008590698242188e+01
6.077058410644531250e+01
6.061843490600585938e+01
6.046385955810546875e+01
6.030685424804687500e+01
6.014794158935546875e+01
5.998802185058593750e+01
5.982622909545898438e+01
5.966198730468750000e+01
5.949599838256835938e+01
5.932653427124023438e+01
5.915302276611328125e+01
5.897381210327148438e+01
5.878709411621093750e+01
5.859005355834960938e+01
5.838360977172851562e+01
5.816936111450195312e+01
5.794718551635742188e+01
5.772049713134765625e+01
5.749002456665039062e+01
5.725794982910156250e+01
5.702598571777343750e+01
5.679469680786132812e+01
5.656458663940429688e+01
5.633315658569335938e+01
5.609897232055664062e+01
5.586156845092773438e+01
5.561761856079101562e+01
5.536566925048828125e+01
5.510604858398437500e+01
5.483634948730468750e+01
5.455863571166992188e+01
5.427594375610351562e+01
5.398632431030273438e+01
5.369034957885742188e+01
5.338834381103515625e+01
5.308157348632812500e+01
5.276868438720703125e+01
5.244765472412109375e+01
5.211772537231445312e+01
5.177752304077148438e+01
5.143103027343750000e+01
5.107866668701171875e+01
5.071949005126953125e+01
5.035646057128906250e+01
4.998900604248046875e+01
4.961684417724609375e+01
4.923994827270507812e+01
4.885916900634765625e+01
4.847634124755859375e+01
4.809149932861328125e+01
4.770597076416015625e+01
4.731860351562500000e+01
4.693231964111328125e+01
4.654512786865234375e+01
4.615887069702148438e+01
4.577473831176757812e+01
4.539171218872070312e+01
4.500851821899414062e+01
4.462812805175781250e+01
4.424832534790039062e+01
4.386751174926757812e+01
4.348762512207031250e+01
4.310934448242187500e+01
4.273363494873046875e+01
4.236073684692382812e+01
4.199151229858398438e+01
4.162680053710937500e+01
4.126655960083007812e+01
4.091157913208007812e+01
4.056130981445312500e+01
