6.904123687744140625e+01
6.881074523925781250e+01
6.858029937744140625e+01
6.834991455078125000e+01
6.811958312988281250e+01
6.788932037353515625e+01
6.765911102294921875e+01
6.742895507812500000e+01
6.719884490966796875e+01
6.696881866455078125e+01
6.673883819580078125e+01
6.650891113281250000e+01
6.627907562255859375e+01
6.604930114746093750e+01
6.581964874267578125e+01
6.559016418457031250e+01
6.536088562011718750e+01
6.513176727294921875e+01
6.490280914306640625e+01
6.467412567138671875e+01
6.444570922851562500e+01
6.421759796142578125e+01
6.398974990844726562e+01
6.376231002807617188e+01
6.353527450561523438e+01
6.330868530273437500e+01
6.308255004882812500e+01
6.285689163208007812e+01
6.263180541992187500e+01
6.240699768066406250e+01
6.218238449096679688e+01
6.195774841308593750e+01
6.173244094848632812e+01
6.150584793090820312e+01
6.127773666381835938e+01
6.104764938354492188e+01
6.081571197509765625e+01
6.058188629150390625e+01
6.034535980224609375e+01
6.010551071166992188e+01
5.986293411254882812e+01
5.961816024780273438e+01
5.937091064453125000e+01
5.912039947509765625e+01
5.886779403686523438e+01
5.861328506469726562e+01
5.835676193237304688e+01
5.809743118286132812e+01
5.783353424072265625e+01
5.756597900390625000e+01
5.729472351074218750e+01
5.702074050903320312e+01
5.674251174926757812e+01
5.646134948730468750e+01
5.617706680297851562e+01
5.589192199707031250e+01
5.560676193237304688e+01
5.532034301757812500e+01
5.503245925903320312e+01
5.474209976196289062e+01
5.444791030883789062e+01
5.414993667602539062e+01
5.384941101074218750e+01
5.354571151733398438e+01
5.323752212524414062e+01
5.292527389526367188e+01
5.260884857177734375e+01
5.228725433349609375e+01
5.196054077148437500e+01
5.162649154663085938e+01
5.128664398193359375e+01
5.094238662719726562e+01
5.059497833251953125e+01
5.024642944335937500e+01
4.989660644531250000e+01
4.954497528076171875e+01
4.919095993041992188e+01
4.883443450927734375e+01
4.847620391845703125e+01
4.811519241333007812e+01
4.775176620483398438e+01
4.738574981689453125e+01
4.701754379272460938e+01
4.664679718017578125e+01
4.627486801147460938e+01
4.590267944335937500e+01
4.552960586547851562e+01
4.515625381469726562e+01
4.478448486328125000e+01
4.441378784179687500e+01
4.404358673095703125e+01
4.367449951171875000e+01
4.330657196044921875e+01
4.294109725952148438e+01
4.257819747924804688e+01
4.221868515014648438e+01
4.186352157592773438e+01
4.151231765747070312e+01
4.116755676269531250e+01
4.082824707031250000e+01
