7.096542358398437500e+01
7.068404388427734375e+01
7.040326690673828125e+01
7.012310028076171875e+01
6.984357452392578125e+01
6.956469726562500000e+01
6.928658294677734375e+01
6.900930023193359375e+01
6.873291015625000000e+01
6.845743560791015625e+01
6.818285369873046875e+01
6.790917205810546875e+01
6.763644409179687500e+01
6.736464691162109375e+01
6.709366607666015625e+01
6.682363891601562500e+01
6.655457305908203125e+01
6.628646087646484375e+01
6.601946258544921875e+01
6.575368499755859375e+01
6.548918914794921875e+01
6.522605895996093750e+01
6.496423339843750000e+01
6.470349884033203125e+01
6.444392395019531250e+01
6.418553924560546875e+01
6.392822265625000000e+01
6.367178726196289062e+01
6.341614913940429688e+01
6.316119766235351562e+01
6.290679168701171875e+01
6.265269851684570312e+01
6.239872360229492188e+01
6.214508056640625000e+01
6.189168548583984375e+01
6.163857269287109375e+01
6.138563156127929688e+01
6.113288116455078125e+01
6.088032913208007812e+01
6.062805557250976562e+01
6.037601089477539062e+01
6.012385940551757812e+01
5.987107467651367188e+01
5.961709976196289062e+01
5.936077499389648438e+01
5.910036849975585938e+01
5.883453750610351562e+01
5.856135940551757812e+01
5.828096008300781250e+01
5.799390029907226562e+01
5.770185470581054688e+01
5.740777206420898438e+01
5.711294937133789062e+01
5.681996154785156250e+01
5.653093719482421875e+01
5.624628448486328125e+01
5.596574401855468750e+01
5.568824768066406250e+01
5.541286087036132812e+01
5.513817214965820312e+01
5.486273574829101562e+01
5.458594131469726562e+01
5.430696868896484375e+01
5.402099990844726562e+01
5.372503662109375000e+01
5.341544342041015625e+01
5.309235382080078125e+01
5.275896835327148438e+01
5.241824340820312500e+01
5.207163619995117188e+01
5.172053527832031250e+01
5.136571884155273438e+01
5.100700378417968750e+01
5.064343643188476562e+01
5.027696228027343750e+01
4.990718078613281250e+01
4.953467178344726562e+01
4.915687561035156250e+01
4.878085327148437500e+01
4.840684127807617188e+01
4.803106307983398438e+01
4.765504074096679688e+01
4.727942276000976562e+01
4.690398788452148438e+01
4.652938079833984375e+01
4.615571594238281250e+01
4.578401184082031250e+01
4.541390609741210938e+01
4.504536056518554688e+01
4.467880630493164062e+01
4.431354141235351562e+01
4.394953536987304688e+01
4.358855819702148438e+01
4.322977828979492188e+01
4.287377548217773438e+01
4.251937866210937500e+01
4.216751861572265625e+01
4.181843185424804688e+01
4.147004318237304688e+01
4.112266159057617188e+01
