6.731093597412109375e+01
6.710696411132812500e+01
6.690300750732421875e+01
6.669905853271484375e+01
6.649510955810546875e+01
6.629117584228515625e+01
6.608724975585937500e+01
6.588333892822265625e+01
6.567942047119140625e+01
6.547552490234375000e+01
6.527164459228515625e+01
6.506780242919921875e+01
6.486401367187500000e+01
6.466021728515625000e+01
6.445640563964843750e+01
6.425263977050781250e+01
6.404905700683593750e+01
6.384565353393554688e+01
6.364249801635742188e+01
6.343955612182617188e+01
6.323674774169921875e+01
6.303396224975585938e+01
6.283108520507812500e+01
6.262789154052734375e+01
6.242426681518554688e+01
6.222016143798828125e+01
6.201548767089843750e+01
6.181009292602539062e+01
6.160404968261718750e+01
6.139717864990234375e+01
6.118943023681640625e+01
6.098085403442382812e+01
6.077137374877929688e+01
6.056077194213867188e+01
6.034900283813476562e+01
6.013592529296875000e+01
5.992164993286132812e+01
5.970618057250976562e+01
5.949083709716796875e+01
5.927587890625000000e+01
5.906003570556640625e+01
5.884288787841796875e+01
5.862405014038085938e+01
5.840293121337890625e+01
5.817885971069335938e+01
5.795107269287109375e+01
5.771888732910156250e+01
5.748048782348632812e+01
5.723610305786132812e+01
5.698569869995117188e+01
5.673008728027343750e+01
5.647269821166992188e+01
5.621520614624023438e+01
5.595845031738281250e+01
5.570299911499023438e+01
5.544888687133789062e+01
5.519520568847656250e+01
5.492726135253906250e+01
5.464865493774414062e+01
5.436334228515625000e+01
5.407128143310546875e+01
5.377420425415039062e+01
5.347542953491210938e+01
5.317564773559570312e+01
5.287215042114257812e+01
5.256549835205078125e+01
5.225397491455078125e+01
5.193792724609375000e+01
5.161610412597656250e+01
5.128541564941406250e+01
5.094561004638671875e+01
5.059891891479492188e+01
5.024419403076171875e+01
4.988234710693359375e+01
4.951226043701171875e+01
4.913850021362304688e+01
4.876189041137695312e+01
4.837738037109375000e+01
4.799022674560546875e+01
4.759999084472656250e+01
4.721529388427734375e+01
4.682991790771484375e+01
4.644415664672851562e+01
4.605608367919921875e+01
4.567164993286132812e+01
4.528794097900390625e+01
4.490390396118164062e+01
4.451456069946289062e+01
4.412073516845703125e+01
4.372948455810546875e+01
4.333984375000000000e+01
4.295484924316406250e+01
4.256872940063476562e+01
4.218079757690429688e+01
4.179077529907226562e+01
4.139598464965820312e+01
4.100038528442382812e+01
4.060707855224609375e+01
4.021531295776367188e+01
3.982652282714843750e+01
