6.269226074218750000e+01
6.270881652832031250e+01
6.272419357299804688e+01
6.273813629150390625e+01
6.275061798095703125e+01
6.276160430908203125e+01
6.277089309692382812e+01
6.277775955200195312e+01
6.278114318847656250e+01
6.277959060668945312e+01
6.277113723754882812e+01
6.275557327270507812e+01
6.273311614990234375e+01
6.270463562011718750e+01
6.267074966430664062e+01
6.263144302368164062e+01
6.258712387084960938e+01
6.253748703002929688e+01
6.248127365112304688e+01
6.241724777221679688e+01
6.234439849853515625e+01
6.226271057128906250e+01
6.217258453369140625e+01
6.207409286499023438e+01
6.196855926513671875e+01
6.185655593872070312e+01
6.173818588256835938e+01
6.161390304565429688e+01
6.148434829711914062e+01
6.134967422485351562e+01
6.121032333374023438e+01
6.106631851196289062e+01
6.091717529296875000e+01
6.076271057128906250e+01
6.060227966308593750e+01
6.043578720092773438e+01
6.026381683349609375e+01
6.008687210083007812e+01
5.990553665161132812e+01
5.971993637084960938e+01
5.952959823608398438e+01
5.933466720581054688e+01
5.913467407226562500e+01
5.892927169799804688e+01
5.871756744384765625e+01
5.849834823608398438e+01
5.826875305175781250e+01
5.802782440185546875e+01
5.777599716186523438e+01
5.751450347900390625e+01
5.724583435058593750e+01
5.697066116333007812e+01
5.669098663330078125e+01
5.640954971313476562e+01
5.612656784057617188e+01
5.584268569946289062e+01
5.555773544311523438e+01
5.527207183837890625e+01
5.498505020141601562e+01
5.469644927978515625e+01
5.440518569946289062e+01
5.411125946044921875e+01
5.381346130371093750e+01
5.350944900512695312e+01
5.319713592529296875e+01
5.287685012817382812e+01
5.255142211914062500e+01
5.222008132934570312e+01
5.188194274902343750e+01
5.153551483154296875e+01
5.118129348754882812e+01
5.082176971435546875e+01
5.045685577392578125e+01
5.008694839477539062e+01
4.971300506591796875e+01
4.933487319946289062e+01
4.895373153686523438e+01
4.856986236572265625e+01
4.818406295776367188e+01
4.779647445678710938e+01
4.740799713134765625e+01
4.701787567138671875e+01
4.662668228149414062e+01
4.623600387573242188e+01
4.584379196166992188e+01
4.545179748535156250e+01
4.506027221679687500e+01
4.466900634765625000e+01
4.427765274047851562e+01
4.388732528686523438e+01
4.349697494506835938e+01
4.310780334472656250e+01
4.271911621093750000e+01
4.233082962036132812e+01
4.194377517700195312e+01
4.155894470214843750e+01
4.117711257934570312e+01
4.079765701293945312e+01
4.042166900634765625e+01
4.004860687255859375e+01
