6.733850860595703125e+01
6.716645812988281250e+01
6.699587249755859375e+01
6.682669067382812500e+01
6.665869903564453125e+01
6.649179840087890625e+01
6.632585144042968750e+01
6.616060638427734375e+01
6.599521636962890625e+01
6.582853698730468750e+01
6.565974426269531250e+01
6.548793792724609375e+01
6.531339263916015625e+01
6.513704681396484375e+01
6.495919799804687500e+01
6.478067016601562500e+01
6.460123443603515625e+01
6.442056274414062500e+01
6.423813629150390625e+01
6.405367279052734375e+01
6.386708068847656250e+01
6.367833709716796875e+01
6.348751068115234375e+01
6.329489898681640625e+01
6.310062789916992188e+01
6.290511703491210938e+01
6.270824813842773438e+01
6.251023483276367188e+01
6.231106185913085938e+01
6.211066055297851562e+01
6.190896224975585938e+01
6.170549774169921875e+01
6.149971008300781250e+01
6.129109954833984375e+01
6.107919311523437500e+01
6.086358642578125000e+01
6.064347457885742188e+01
6.041823577880859375e+01
6.018735504150390625e+01
5.995118713378906250e+01
5.971023559570312500e+01
5.946546173095703125e+01
5.921780014038085938e+01
5.896737289428710938e+01
5.871548461914062500e+01
5.846327972412109375e+01
5.821139907836914062e+01
5.795976638793945312e+01
5.770800018310546875e+01
5.745628738403320312e+01
5.720506286621093750e+01
5.695289993286132812e+01
5.669916915893554688e+01
5.644248580932617188e+01
5.618189239501953125e+01
5.591748428344726562e+01
5.564998626708984375e+01
5.537784957885742188e+01
5.510202407836914062e+01
5.482476806640625000e+01
5.454643630981445312e+01
5.426367187500000000e+01
5.397609710693359375e+01
5.368287277221679688e+01
5.338358688354492188e+01
5.307754898071289062e+01
5.276263046264648438e+01
5.243766021728515625e+01
5.210351943969726562e+01
5.176223754882812500e+01
5.141532516479492188e+01
5.106307983398437500e+01
5.070582199096679688e+01
5.034458541870117188e+01
4.998095321655273438e+01
4.961513519287109375e+01
4.924951934814453125e+01
4.888460540771484375e+01
4.852083587646484375e+01
4.815776824951171875e+01
4.779444122314453125e+01
4.743036270141601562e+01
4.706361770629882812e+01
4.669518661499023438e+01
4.632466125488281250e+01
4.595312881469726562e+01
4.557968139648437500e+01
4.520477676391601562e+01
4.482771301269531250e+01
4.444829177856445312e+01
4.406721115112304688e+01
4.368638610839843750e+01
4.330504226684570312e+01
4.292449951171875000e+01
4.254541015625000000e+01
4.216901779174804688e+01
4.179481506347656250e+01
4.142427444458007812e+01
4.105943679809570312e+01
4.069857025146484375e+01
