6.468256378173828125e+01
6.453762817382812500e+01
6.439272308349609375e+01
6.424782562255859375e+01
6.410294342041015625e+01
6.395806884765625000e+01
6.381319808959960938e+01
6.366833496093750000e+01
6.352347183227539062e+01
6.337861251831054688e+01
6.323376083374023438e+01
6.308889770507812500e+01
6.294404983520507812e+01
6.279919052124023438e+01
6.265433502197265625e+01
6.250948715209960938e+01
6.236459732055664062e+01
6.221968460083007812e+01
6.207468414306640625e+01
6.192949676513671875e+01
6.178401184082031250e+01
6.163796234130859375e+01
6.149085998535156250e+01
6.134171676635742188e+01
6.119022369384765625e+01
6.103611755371093750e+01
6.087916183471679688e+01
6.071903610229492188e+01
6.055564117431640625e+01
6.038946533203125000e+01
6.022079849243164062e+01
6.004998016357421875e+01
5.987742233276367188e+01
5.970331192016601562e+01
5.952767944335937500e+01
5.935036087036132812e+01
5.917077255249023438e+01
5.898822402954101562e+01
5.880139923095703125e+01
5.861022186279296875e+01
5.841448593139648438e+01
5.821384811401367188e+01
5.800853729248046875e+01
5.779851150512695312e+01
5.758418655395507812e+01
5.736652374267578125e+01
5.714632415771484375e+01
5.692546081542968750e+01
5.670524978637695312e+01
5.648728561401367188e+01
5.627231216430664062e+01
5.606037521362304688e+01
5.585187530517578125e+01
5.564619827270507812e+01
5.544267272949218750e+01
5.523179244995117188e+01
5.500097274780273438e+01
5.475973510742187500e+01
5.450984191894531250e+01
5.425028610229492188e+01
5.398327255249023438e+01
5.371060943603515625e+01
5.343327331542968750e+01
5.315180969238281250e+01
5.286750411987304688e+01
5.257427215576171875e+01
5.227516937255859375e+01
5.196965026855468750e+01
5.164949798583984375e+01
5.132144165039062500e+01
5.098966217041015625e+01
5.065029907226562500e+01
5.030321884155273438e+01
4.995321273803710938e+01
4.960135650634765625e+01
4.924254226684570312e+01
4.887379074096679688e+01
4.849969482421875000e+01
4.812359237670898438e+01
4.774894714355468750e+01
4.737606048583984375e+01
4.700553131103515625e+01
4.663466262817382812e+01
4.626580429077148438e+01
4.589565277099609375e+01
4.552489471435546875e+01
4.515377044677734375e+01
4.478253555297851562e+01
4.441311264038085938e+01
4.404294204711914062e+01
4.367526245117187500e+01
4.330994415283203125e+01
4.294588088989257812e+01
4.258536529541015625e+01
4.222546768188476562e+01
4.186695098876953125e+01
4.151081466674804688e+01
4.115394210815429688e+01
4.079473876953125000e+01
4.043347549438476562e+01
