6.881445312500000000e+01
6.860706329345703125e+01
6.839968872070312500e+01
6.819229888916015625e+01
6.798492431640625000e+01
6.777754211425781250e+01
6.757018280029296875e+01
6.736284637451171875e+01
6.715556335449218750e+01
6.694832611083984375e+01
6.674112701416015625e+01
6.653396606445312500e+01
6.632689666748046875e+01
6.611997222900390625e+01
6.591321563720703125e+01
6.570665740966796875e+01
6.550034332275390625e+01
6.529437255859375000e+01
6.508881378173828125e+01
6.488365936279296875e+01
6.467902374267578125e+01
6.447505187988281250e+01
6.427179718017578125e+01
6.406937408447265625e+01
6.386767959594726562e+01
6.366676712036132812e+01
6.346660995483398438e+01
6.326683044433593750e+01
6.306694793701171875e+01
6.286649703979492188e+01
6.266485977172851562e+01
6.246148681640625000e+01
6.225561141967773438e+01
6.204691696166992188e+01
6.183496856689453125e+01
6.161960983276367188e+01
6.140138626098632812e+01
6.118062210083007812e+01
6.095783615112304688e+01
6.073334121704101562e+01
6.050715637207031250e+01
6.027991104125976562e+01
6.005161285400390625e+01
5.982216262817382812e+01
5.959079742431640625e+01
5.935717391967773438e+01
5.911997222900390625e+01
5.887857437133789062e+01
5.863324737548828125e+01
5.838489913940429688e+01
5.813398742675781250e+01
5.788243484497070312e+01
5.763026809692382812e+01
5.737688064575195312e+01
5.712364959716796875e+01
5.687100982666015625e+01
5.661397171020507812e+01
5.635165023803710938e+01
5.608531188964843750e+01
5.581410980224609375e+01
5.553782272338867188e+01
5.525531005859375000e+01
5.496525955200195312e+01
5.466144180297851562e+01
5.435107803344726562e+01
5.403576278686523438e+01
5.371533584594726562e+01
5.338909912109375000e+01
5.305836105346679688e+01
5.272353744506835938e+01
5.238508987426757812e+01
5.204228591918945312e+01
5.169488143920898438e+01
5.134354400634765625e+01
5.098567199707031250e+01
5.062361145019531250e+01
5.025923156738281250e+01
4.988977813720703125e+01
4.951614379882812500e+01
4.913840866088867188e+01
4.875643920898437500e+01
4.837116241455078125e+01
4.798162460327148438e+01
4.758552932739257812e+01
4.718349838256835938e+01
4.677523803710937500e+01
4.636143493652343750e+01
4.594218444824218750e+01
4.551730728149414062e+01
4.508823394775390625e+01
4.465555953979492188e+01
4.421862792968750000e+01
4.377891921997070312e+01
4.333628463745117188e+01
4.289248275756835938e+01
4.244699096679687500e+01
4.199955368041992188e+01
4.154887771606445312e+01
4.109596633911132812e+01
4.064221954345703125e+01
