5.608887100219726562e+01
5.599790573120117188e+01
5.590993118286132812e+01
5.582445144653320312e+01
5.574258422851562500e+01
5.566403579711914062e+01
5.558806991577148438e+01
5.551449203491210938e+01
5.544253158569335938e+01
5.537237167358398438e+01
5.530381774902343750e+01
5.523672866821289062e+01
5.517090606689453125e+01
5.510646057128906250e+01
5.504357910156250000e+01
5.498160934448242188e+01
5.492050933837890625e+01
5.485980606079101562e+01
5.479926681518554688e+01
5.473854827880859375e+01
5.467710494995117188e+01
5.461468505859375000e+01
5.455028915405273438e+01
5.448373031616210938e+01
5.441553115844726562e+01
5.434562683105468750e+01
5.427318954467773438e+01
5.419801330566406250e+01
5.412058639526367188e+01
5.404113388061523438e+01
5.395998382568359375e+01
5.387762451171875000e+01
5.379417800903320312e+01
5.370946121215820312e+01
5.362416458129882812e+01
5.353839111328125000e+01
5.345209503173828125e+01
5.336464691162109375e+01
5.327611541748046875e+01
5.318612289428710938e+01
5.309337615966796875e+01
5.299810028076171875e+01
5.289976882934570312e+01
5.279785156250000000e+01
5.269281005859375000e+01
5.258335113525390625e+01
5.247049331665039062e+01
5.235505294799804688e+01
5.223645401000976562e+01
5.211467742919921875e+01
5.199037551879882812e+01
5.186374282836914062e+01
5.173456954956054688e+01
5.160408782958984375e+01
5.147222137451171875e+01
5.133888244628906250e+01
5.120457839965820312e+01
5.106910324096679688e+01
5.093169784545898438e+01
5.079283523559570312e+01
5.065129470825195312e+01
5.050826644897460938e+01
5.036394500732421875e+01
5.021668624877929688e+01
5.006568145751953125e+01
4.991070175170898438e+01
4.975112152099609375e+01
4.958705520629882812e+01
4.941978073120117188e+01
4.924917221069335938e+01
4.907506179809570312e+01
4.889740753173828125e+01
4.871563339233398438e+01
4.853076553344726562e+01
4.834210205078125000e+01
4.814844131469726562e+01
4.795087814331054688e+01
4.774894714355468750e+01
4.754306030273437500e+01
4.733326339721679688e+01
4.712031173706054688e+01
4.690425109863281250e+01
4.668545532226562500e+01
4.646442794799804688e+01
4.624110794067382812e+01
4.601610946655273438e+01
4.578995132446289062e+01
4.556267547607421875e+01
4.533495330810546875e+01
4.510683441162109375e+01
4.487827682495117188e+01
4.465036773681640625e+01
4.442293930053710938e+01
4.419628906250000000e+01
4.397089767456054688e+01
4.374722671508789062e+01
4.352508544921875000e+01
4.330458450317382812e+01
4.308539962768554688e+01
4.286727523803710938e+01
