5.985788345336914062e+01
5.968462753295898438e+01
5.951909255981445312e+01
5.936066436767578125e+01
5.920973968505859375e+01
5.906612014770507812e+01
5.892845535278320312e+01
5.879501724243164062e+01
5.866439819335937500e+01
5.853611755371093750e+01
5.840891265869140625e+01
5.828250885009765625e+01
5.815659713745117188e+01
5.803095245361328125e+01
5.790430450439453125e+01
5.777442932128906250e+01
5.764254760742187500e+01
5.750887680053710938e+01
5.737416458129882812e+01
5.723925018310546875e+01
5.710583114624023438e+01
5.697597503662109375e+01
5.684896469116210938e+01
5.672447204589843750e+01
5.660031127929687500e+01
5.647682189941406250e+01
5.635191345214843750e+01
5.622518157958984375e+01
5.609648513793945312e+01
5.596647644042968750e+01
5.583349609375000000e+01
5.569829177856445312e+01
5.556106567382812500e+01
5.542204666137695312e+01
5.528132629394531250e+01
5.513927078247070312e+01
5.499652099609375000e+01
5.485234832763671875e+01
5.470769500732421875e+01
5.456306076049804688e+01
5.441767501831054688e+01
5.427250671386718750e+01
5.412723159790039062e+01
5.398225021362304688e+01
5.383971786499023438e+01
5.369921112060546875e+01
5.355928802490234375e+01
5.341915893554687500e+01
5.327889251708984375e+01
5.314076232910156250e+01
5.300562667846679688e+01
5.287137603759765625e+01
5.273824310302734375e+01
5.260636901855468750e+01
5.247448348999023438e+01
5.234230422973632812e+01
5.220925140380859375e+01
5.207553863525390625e+01
5.194195175170898438e+01
5.180812454223632812e+01
5.167363357543945312e+01
5.153672027587890625e+01
5.139781951904296875e+01
5.125641250610351562e+01
5.111351394653320312e+01
5.096734237670898438e+01
5.081801605224609375e+01
5.066728591918945312e+01
5.051360321044921875e+01
5.035717010498046875e+01
5.019820404052734375e+01
5.003650665283203125e+01
4.987272644042968750e+01
4.970690536499023438e+01
4.953910064697265625e+01
4.936923599243164062e+01
4.919664001464843750e+01
4.902203750610351562e+01
4.884505081176757812e+01
4.866595458984375000e+01
4.848499298095703125e+01
4.830179595947265625e+01
4.811672592163085938e+01
4.792920303344726562e+01
4.774086761474609375e+01
4.755167388916015625e+01
4.736109924316406250e+01
4.716955566406250000e+01
4.697764205932617188e+01
4.678490066528320312e+01
4.659187316894531250e+01
4.639962387084960938e+01
4.620720672607421875e+01
4.601514816284179688e+01
4.582395172119140625e+01
4.563395309448242188e+01
4.544425964355468750e+01
4.525562667846679688e+01
4.506712341308593750e+01
4.487891387939453125e+01
