5.442799758911132812e+01
5.451240158081054688e+01
5.458662796020507812e+01
5.465093612670898438e+01
5.470603942871093750e+01
5.475139236450195312e+01
5.478803253173828125e+01
5.481503295898437500e+01
5.483091354370117188e+01
5.483536148071289062e+01
5.482667922973632812e+01
5.480638122558593750e+01
5.477629089355468750e+01
5.473806381225585938e+01
5.469185256958007812e+01
5.463758468627929688e+01
5.457633590698242188e+01
5.450632095336914062e+01
5.442813491821289062e+01
5.434325790405273438e+01
5.425259780883789062e+01
5.415679168701171875e+01
5.405685424804687500e+01
5.395518875122070312e+01
5.385258865356445312e+01
5.374862289428710938e+01
5.364476394653320312e+01
5.354213333129882812e+01
5.344045257568359375e+01
5.333882141113281250e+01
5.323760604858398438e+01
5.313552474975585938e+01
5.303463363647460938e+01
5.293372726440429688e+01
5.283263015747070312e+01
5.273110580444335938e+01
5.263037872314453125e+01
5.252964782714843750e+01
5.242838287353515625e+01
5.232669067382812500e+01
5.222353744506835938e+01
5.211911773681640625e+01
5.201175689697265625e+01
5.190242004394531250e+01
5.179080581665039062e+01
5.167675781250000000e+01
5.156035995483398438e+01
5.144182968139648438e+01
5.132097625732421875e+01
5.119732666015625000e+01
5.107155227661132812e+01
5.094416427612304688e+01
5.081601715087890625e+01
5.068705749511718750e+01
5.055668640136718750e+01
5.042734909057617188e+01
5.029825592041015625e+01
5.017038345336914062e+01
5.004328155517578125e+01
4.991662597656250000e+01
4.979050827026367188e+01
4.966449737548828125e+01
4.953873443603515625e+01
4.941260910034179688e+01
4.928552246093750000e+01
4.915627670288085938e+01
4.902585220336914062e+01
4.889304351806640625e+01
4.875775909423828125e+01
4.862067031860351562e+01
4.848086929321289062e+01
4.833838272094726562e+01
4.819383239746093750e+01
4.804759216308593750e+01
4.789936828613281250e+01
4.774941253662109375e+01
4.759747695922851562e+01
4.744509506225585938e+01
4.729257202148437500e+01
4.713994979858398438e+01
4.698610305786132812e+01
4.683188629150390625e+01
4.667724990844726562e+01
4.652193832397460938e+01
4.636548614501953125e+01
4.620855712890625000e+01
4.605113220214843750e+01
4.589352035522460938e+01
4.573645782470703125e+01
4.557950592041015625e+01
4.542211532592773438e+01
4.526441192626953125e+01
4.510678100585937500e+01
4.494937515258789062e+01
4.479257965087890625e+01
4.463694381713867188e+01
4.448279571533203125e+01
4.432941436767578125e+01
4.417740631103515625e+01
4.402698516845703125e+01
