5.465045547485351562e+01
5.454721832275390625e+01
5.444561004638671875e+01
5.434439086914062500e+01
5.424195098876953125e+01
5.413783645629882812e+01
5.403253173828125000e+01
5.392525863647460938e+01
5.381736373901367188e+01
5.371044540405273438e+01
5.360760879516601562e+01
5.350602722167968750e+01
5.340471267700195312e+01
5.330268859863281250e+01
5.319872665405273438e+01
5.309160232543945312e+01
5.298254394531250000e+01
5.287005996704101562e+01
5.275389862060546875e+01
5.263486099243164062e+01
5.251577377319335938e+01
5.239388275146484375e+01
5.227295684814453125e+01
5.215300369262695312e+01
5.203490066528320312e+01
5.191960906982421875e+01
5.180650711059570312e+01
5.169485473632812500e+01
5.158321380615234375e+01
5.147008514404296875e+01
5.135627365112304688e+01
5.124159240722656250e+01
5.112596893310546875e+01
5.100951385498046875e+01
5.089084243774414062e+01
5.077010345458984375e+01
5.064710617065429688e+01
5.052200698852539062e+01
5.039342498779296875e+01
5.026294708251953125e+01
5.012959289550781250e+01
4.999405288696289062e+01
4.985663986206054688e+01
4.971664810180664062e+01
4.957411575317382812e+01
4.942969512939453125e+01
4.928565597534179688e+01
4.914224243164062500e+01
4.900059509277343750e+01
4.886112976074218750e+01
4.872351455688476562e+01
4.858677291870117188e+01
4.845175933837890625e+01
4.832104873657226562e+01
4.819160461425781250e+01
4.806361770629882812e+01
4.793596267700195312e+01
4.780908966064453125e+01
4.768153762817382812e+01
4.755228042602539062e+01
4.741937255859375000e+01
4.728270339965820312e+01
4.714293289184570312e+01
4.699971389770507812e+01
4.685219955444335938e+01
4.669915008544921875e+01
4.654109954833984375e+01
4.638077545166015625e+01
4.621906280517578125e+01
4.605485153198242188e+01
4.588887405395507812e+01
4.572164916992187500e+01
4.555213165283203125e+01
4.538109970092773438e+01
4.520814514160156250e+01
4.503521728515625000e+01
4.486122512817382812e+01
4.468639755249023438e+01
4.451142120361328125e+01
4.433598327636718750e+01
4.416144180297851562e+01
4.398727416992187500e+01
4.381197738647460938e+01
4.363642883300781250e+01
4.346120834350585938e+01
4.328762054443359375e+01
4.311484527587890625e+01
4.294306182861328125e+01
4.277233123779296875e+01
4.260199737548828125e+01
4.243152999877929688e+01
4.226014709472656250e+01
4.208695983886718750e+01
4.191290664672851562e+01
4.173828125000000000e+01
4.156399917602539062e+01
4.139033508300781250e+01
4.121612548828125000e+01
4.104246139526367188e+01
4.086947250366210938e+01
