6.814807128906250000e+01
6.782298278808593750e+01
6.749569702148437500e+01
6.716699981689453125e+01
6.683849334716796875e+01
6.651123809814453125e+01
6.618546295166015625e+01
6.586262512207031250e+01
6.554342651367187500e+01
6.522785186767578125e+01
6.491575622558593750e+01
6.460583496093750000e+01
6.429891967773437500e+01
6.399572753906250000e+01
6.369489669799804688e+01
6.339789962768554688e+01
6.310371017456054688e+01
6.281175994873046875e+01
6.252319717407226562e+01
6.223694610595703125e+01
6.195297241210937500e+01
6.167072677612304688e+01
6.139074325561523438e+01
6.111387252807617188e+01
6.084043884277343750e+01
6.057207489013671875e+01
6.030706024169921875e+01
6.004476928710937500e+01
5.978627395629882812e+01
5.953086853027343750e+01
5.927873992919921875e+01
5.902941894531250000e+01
5.878286361694335938e+01
5.853839874267578125e+01
5.829570007324218750e+01
5.805606079101562500e+01
5.781939697265625000e+01
5.758717346191406250e+01
5.735744476318359375e+01
5.713030624389648438e+01
5.690637588500976562e+01
5.668598556518554688e+01
5.646800613403320312e+01
5.625312423706054688e+01
5.604040527343750000e+01
5.582911682128906250e+01
5.561923217773437500e+01
5.541065597534179688e+01
5.520377349853515625e+01
5.499799346923828125e+01
5.479333496093750000e+01
5.459074401855468750e+01
5.439013290405273438e+01
5.419106292724609375e+01
5.399459838867187500e+01
5.380140304565429688e+01
5.361214065551757812e+01
5.342637252807617188e+01
5.324389266967773438e+01
5.306478118896484375e+01
5.288775634765625000e+01
5.271404647827148438e+01
5.254357910156250000e+01
5.237566375732421875e+01
5.220974349975585938e+01
5.204515075683593750e+01
5.188240051269531250e+01
5.172258758544921875e+01
5.156496047973632812e+01
5.140922546386718750e+01
5.125616836547851562e+01
5.110546493530273438e+01
5.095658874511718750e+01
5.080913162231445312e+01
5.066135406494140625e+01
5.051097869873046875e+01
5.035523605346679688e+01
5.019418716430664062e+01
5.002883529663085938e+01
4.986012268066406250e+01
4.968945312500000000e+01
4.951684188842773438e+01
4.934123611450195312e+01
4.916180038452148438e+01
4.897848510742187500e+01
4.879045486450195312e+01
4.859973526000976562e+01
4.840560913085937500e+01
4.820934295654296875e+01
4.801095581054687500e+01
4.781077957153320312e+01
4.760905456542968750e+01
4.740662765502929688e+01
4.720352172851562500e+01
4.699989318847656250e+01
4.679508590698242188e+01
4.659068679809570312e+01
4.638646697998046875e+01
4.618354797363281250e+01
4.598178863525390625e+01
