6.408523559570312500e+01
6.394737243652343750e+01
6.380146789550781250e+01
6.364815521240234375e+01
6.348526763916015625e+01
6.331324768066406250e+01
6.313101577758789062e+01
6.293912506103515625e+01
6.273783111572265625e+01
6.252725601196289062e+01
6.231092834472656250e+01
6.208736419677734375e+01
6.185648727416992188e+01
6.162016296386718750e+01
6.137827301025390625e+01
6.113087081909179688e+01
6.087790679931640625e+01
6.062190628051757812e+01
6.036322021484375000e+01
6.010247802734375000e+01
5.984210205078125000e+01
5.958324050903320312e+01
5.932481384277343750e+01
5.906600189208984375e+01
5.880742263793945312e+01
5.854830932617187500e+01
5.828843688964843750e+01
5.802915954589843750e+01
5.777031326293945312e+01
5.751262664794921875e+01
5.725684356689453125e+01
5.700526428222656250e+01
5.675682067871093750e+01
5.651198577880859375e+01
5.627115631103515625e+01
5.603431701660156250e+01
5.580078125000000000e+01
5.557085037231445312e+01
5.534373474121093750e+01
5.512060928344726562e+01
5.490100860595703125e+01
5.468441390991210938e+01
5.447065353393554688e+01
5.425957870483398438e+01
5.405125045776367188e+01
5.384643936157226562e+01
5.364443588256835938e+01
5.344496536254882812e+01
5.324888610839843750e+01
5.305491256713867188e+01
5.286295700073242188e+01
5.267368698120117188e+01
5.248702621459960938e+01
5.230259323120117188e+01
5.211994552612304688e+01
5.193955993652343750e+01
5.176139831542968750e+01
5.158472061157226562e+01
5.140985870361328125e+01
5.123659133911132812e+01
5.106488037109375000e+01
5.089426040649414062e+01
5.072470092773437500e+01
5.055635833740234375e+01
5.038937377929687500e+01
5.022356414794921875e+01
5.005920410156250000e+01
4.989561843872070312e+01
4.973291397094726562e+01
4.957180404663085938e+01
4.941294479370117188e+01
4.925594711303710938e+01
4.910064697265625000e+01
4.894630050659179688e+01
4.879296112060546875e+01
4.864086532592773438e+01
4.849026489257812500e+01
4.834080123901367188e+01
4.819218063354492188e+01
4.804379653930664062e+01
4.789530563354492188e+01
4.774687194824218750e+01
4.759838104248046875e+01
4.745008087158203125e+01
4.730149841308593750e+01
4.715251541137695312e+01
4.700335311889648438e+01
4.685424423217773438e+01
4.670483779907226562e+01
4.655523300170898438e+01
4.640560150146484375e+01
4.625594711303710938e+01
4.610654449462890625e+01
4.595742416381835938e+01
4.580850601196289062e+01
4.566003036499023438e+01
4.551245880126953125e+01
4.536583709716796875e+01
4.521956634521484375e+01
4.507431030273437500e+01
