5.063147735595703125e+01
5.060308456420898438e+01
5.057441329956054688e+01
5.054585647583007812e+01
5.051839828491210938e+01
5.049275970458984375e+01
5.046955490112304688e+01
5.044945907592773438e+01
5.043238449096679688e+01
5.041734313964843750e+01
5.040452957153320312e+01
5.039190292358398438e+01
5.037944412231445312e+01
5.036772537231445312e+01
5.035536575317382812e+01
5.034202194213867188e+01
5.032802963256835938e+01
5.031307220458984375e+01
5.029653167724609375e+01
5.027794647216796875e+01
5.025849914550781250e+01
5.023920822143554688e+01
5.021991729736328125e+01
5.020066452026367188e+01
5.018120193481445312e+01
5.016154479980468750e+01
5.014225006103515625e+01
5.012333679199218750e+01
5.010499191284179688e+01
5.008736038208007812e+01
5.007031250000000000e+01
5.005334854125976562e+01
5.003508377075195312e+01
5.001395416259765625e+01
4.999045181274414062e+01
4.996460342407226562e+01
4.993552780151367188e+01
4.990242004394531250e+01
4.986428070068359375e+01
4.982141494750976562e+01
4.977438354492187500e+01
4.972549819946289062e+01
4.967480468750000000e+01
4.962503051757812500e+01
4.957513427734375000e+01
4.952451324462890625e+01
4.947314071655273438e+01
4.941954040527343750e+01
4.936545562744140625e+01
4.931106185913085938e+01
4.925359344482421875e+01
4.919345474243164062e+01
4.912854003906250000e+01
4.905716323852539062e+01
4.898088836669921875e+01
4.889962387084960938e+01
4.881507110595703125e+01
4.872726440429687500e+01
4.863783645629882812e+01
4.854515457153320312e+01
4.845012664794921875e+01
4.835346984863281250e+01
4.825464630126953125e+01
4.815309524536132812e+01
4.804988861083984375e+01
4.794438934326171875e+01
4.783660125732421875e+01
4.772755432128906250e+01
4.761705017089843750e+01
4.750395965576171875e+01
4.738733673095703125e+01
4.726787185668945312e+01
4.714700317382812500e+01
4.702450942993164062e+01
4.689995193481445312e+01
4.677308654785156250e+01
4.664365386962890625e+01
4.651145172119140625e+01
4.637683868408203125e+01
4.623926544189453125e+01
4.609918594360351562e+01
4.595660018920898438e+01
4.580941390991210938e+01
4.565893936157226562e+01
4.550474929809570312e+01
4.534748458862304688e+01
4.518934249877929688e+01
4.502954864501953125e+01
4.486922454833984375e+01
4.470821380615234375e+01
4.454588317871093750e+01
4.438386535644531250e+01
4.422171783447265625e+01
4.406085205078125000e+01
4.389943695068359375e+01
4.373794555664062500e+01
4.357586669921875000e+01
4.341404724121093750e+01
4.325214004516601562e+01
4.309086990356445312e+01
