5.191315841674804688e+01
5.181568527221679688e+01
5.172608184814453125e+01
5.164105606079101562e+01
5.156156921386718750e+01
5.148594665527343750e+01
5.141436004638671875e+01
5.134581375122070312e+01
5.127931213378906250e+01
5.121491622924804688e+01
5.115451049804687500e+01
5.109815597534179688e+01
5.104507064819335938e+01
5.099354171752929688e+01
5.094386672973632812e+01
5.089395141601562500e+01
5.084418106079101562e+01
5.079628753662109375e+01
5.075012207031250000e+01
5.070513534545898438e+01
5.066274261474609375e+01
5.062013244628906250e+01
5.057779693603515625e+01
5.053362655639648438e+01
5.048887634277343750e+01
5.044187927246093750e+01
5.039302062988281250e+01
5.034338378906250000e+01
5.029251480102539062e+01
5.024020385742187500e+01
5.018867111206054688e+01
5.013718795776367188e+01
5.008426666259765625e+01
5.003041458129882812e+01
4.997688293457031250e+01
4.992286682128906250e+01
4.986775970458984375e+01
4.981196594238281250e+01
4.975575637817382812e+01
4.969905471801757812e+01
4.964195251464843750e+01
4.958393859863281250e+01
4.952452087402343750e+01
4.946455764770507812e+01
4.940309524536132812e+01
4.933884429931640625e+01
4.927198028564453125e+01
4.920374679565429688e+01
4.913528060913085938e+01
4.906466674804687500e+01
4.899229049682617188e+01
4.891654586791992188e+01
4.883811950683593750e+01
4.875854110717773438e+01
4.867717742919921875e+01
4.859416961669921875e+01
4.851039123535156250e+01
4.842552947998046875e+01
4.833913040161132812e+01
4.825244522094726562e+01
4.816503906250000000e+01
4.807712173461914062e+01
4.798793792724609375e+01
4.789673614501953125e+01
4.780324935913085938e+01
4.770783996582031250e+01
4.761011123657226562e+01
4.750989913940429688e+01
4.740637588500976562e+01
4.729973220825195312e+01
4.719065093994140625e+01
4.707964324951171875e+01
4.696617507934570312e+01
4.685049057006835938e+01
4.673274230957031250e+01
4.661206436157226562e+01
4.648930358886718750e+01
4.636413574218750000e+01
4.623639297485351562e+01
4.610640716552734375e+01
4.597452163696289062e+01
4.584034729003906250e+01
4.570500946044921875e+01
4.556865692138671875e+01
4.543109512329101562e+01
4.529222869873046875e+01
4.515239715576171875e+01
4.501227569580078125e+01
4.487136077880859375e+01
4.472951507568359375e+01
4.458686447143554688e+01
4.444402313232421875e+01
4.430135345458984375e+01
4.415919494628906250e+01
4.401763534545898438e+01
4.387660598754882812e+01
4.373696136474609375e+01
4.359880828857421875e+01
4.346296310424804688e+01
4.332851409912109375e+01
