6.959020233154296875e+01
6.915468597412109375e+01
6.872009277343750000e+01
6.828709411621093750e+01
6.785604095458984375e+01
6.742815399169921875e+01
6.700331115722656250e+01
6.658279418945312500e+01
6.616743469238281250e+01
6.575696563720703125e+01
6.535226440429687500e+01
6.495423126220703125e+01
6.456230926513671875e+01
6.417781829833984375e+01
6.380099105834960938e+01
6.343076705932617188e+01
6.306709289550781250e+01
6.271085357666015625e+01
6.236165618896484375e+01
6.201853561401367188e+01
6.168128204345703125e+01
6.135046005249023438e+01
6.102610778808593750e+01
6.070797729492187500e+01
6.039543914794921875e+01
6.008874130249023438e+01
5.978855133056640625e+01
5.949511337280273438e+01
5.920744705200195312e+01
5.892493057250976562e+01
5.864929580688476562e+01
5.837972259521484375e+01
5.811575698852539062e+01
5.785746383666992188e+01
5.760446548461914062e+01
5.735615158081054688e+01
5.711349868774414062e+01
5.687528228759765625e+01
5.664163208007812500e+01
5.641212844848632812e+01
5.618608474731445312e+01
5.596314620971679688e+01
5.574369812011718750e+01
5.552776336669921875e+01
5.531478881835937500e+01
5.510432052612304688e+01
5.489624404907226562e+01
5.469041442871093750e+01
5.448712158203125000e+01
5.428732681274414062e+01
5.408989715576171875e+01
5.389382553100585938e+01
5.369954681396484375e+01
5.350794601440429688e+01
5.331851577758789062e+01
5.313099288940429688e+01
5.294586944580078125e+01
5.276431655883789062e+01
5.258556365966796875e+01
5.240900802612304688e+01
5.223571777343750000e+01
5.206482315063476562e+01
5.189585113525390625e+01
5.172745132446289062e+01
5.155976867675781250e+01
5.139149856567382812e+01
5.122056198120117188e+01
5.104598617553710938e+01
5.086809539794921875e+01
5.068825912475585938e+01
5.050587463378906250e+01
5.032148361206054688e+01
5.013589859008789062e+01
4.994919204711914062e+01
4.976229858398437500e+01
4.957457351684570312e+01
4.938684463500976562e+01
4.919886016845703125e+01
4.900971603393554688e+01
4.881772232055664062e+01
4.862439727783203125e+01
4.843099975585937500e+01
4.823766326904296875e+01
4.804368209838867188e+01
4.784843826293945312e+01
4.765237808227539062e+01
4.745628738403320312e+01
4.725967788696289062e+01
4.706336593627929688e+01
4.686761856079101562e+01
4.667346191406250000e+01
4.648015975952148438e+01
4.628771591186523438e+01
4.609678268432617188e+01
4.590620040893554688e+01
4.571567916870117188e+01
4.552635192871093750e+01
4.533969497680664062e+01
4.515601730346679688e+01
4.497639083862304688e+01
