5.587240982055664062e+01
5.568924713134765625e+01
5.551116561889648438e+01
5.533793258666992188e+01
5.516835021972656250e+01
5.500209426879882812e+01
5.483840179443359375e+01
5.467681121826171875e+01
5.451697540283203125e+01
5.435902404785156250e+01
5.420298385620117188e+01
5.404960250854492188e+01
5.389913940429687500e+01
5.375272369384765625e+01
5.360911560058593750e+01
5.346921539306640625e+01
5.333289718627929688e+01
5.319972610473632812e+01
5.306985092163085938e+01
5.294298553466796875e+01
5.281914901733398438e+01
5.269810867309570312e+01
5.257962417602539062e+01
5.246304702758789062e+01
5.234872817993164062e+01
5.223686981201171875e+01
5.212730407714843750e+01
5.201976776123046875e+01
5.191435241699218750e+01
5.181131744384765625e+01
5.171037673950195312e+01
5.161196136474609375e+01
5.151564025878906250e+01
5.142007827758789062e+01
5.132517242431640625e+01
5.123123550415039062e+01
5.113741683959960938e+01
5.104364776611328125e+01
5.094979476928710938e+01
5.085496902465820312e+01
5.075976181030273438e+01
5.066413116455078125e+01
5.056702423095703125e+01
5.046898651123046875e+01
5.036997222900390625e+01
5.027083587646484375e+01
5.017183685302734375e+01
5.007226181030273438e+01
4.997291564941406250e+01
4.987397384643554688e+01
4.977455520629882812e+01
4.967427825927734375e+01
4.957324981689453125e+01
4.947172546386718750e+01
4.936902236938476562e+01
4.926500701904296875e+01
4.915915679931640625e+01
4.905120468139648438e+01
4.894174957275390625e+01
4.882986068725585938e+01
4.871537017822265625e+01
4.859872817993164062e+01
4.848023605346679688e+01
4.835916519165039062e+01
4.823485183715820312e+01
4.810744094848632812e+01
4.797700881958007812e+01
4.784356689453125000e+01
4.770736694335937500e+01
4.756833648681640625e+01
4.742663192749023438e+01
4.728211975097656250e+01
4.713446807861328125e+01
4.698388290405273438e+01
4.683057785034179688e+01
4.667463684082031250e+01
4.651552200317382812e+01
4.635342788696289062e+01
4.618840789794921875e+01
4.602111434936523438e+01
4.585170745849609375e+01
4.567995071411132812e+01
4.550605010986328125e+01
4.533053207397460938e+01
4.515354537963867188e+01
4.497517013549804688e+01
4.479567337036132812e+01
4.461449813842773438e+01
4.443252182006835938e+01
4.425008773803710938e+01
4.406702423095703125e+01
4.388310241699218750e+01
4.369858551025390625e+01
4.351351547241210938e+01
4.332808685302734375e+01
4.314244461059570312e+01
4.295604705810546875e+01
4.276874160766601562e+01
4.258236312866210938e+01
4.239804458618164062e+01
