5.405099105834960938e+01
5.409225082397460938e+01
5.413113403320312500e+01
5.416685104370117188e+01
5.419720077514648438e+01
5.422267532348632812e+01
5.424154663085937500e+01
5.425542068481445312e+01
5.426419830322265625e+01
5.426887512207031250e+01
5.426855468750000000e+01
5.426353073120117188e+01
5.425342941284179688e+01
5.423841094970703125e+01
5.421870422363281250e+01
5.419507980346679688e+01
5.416818618774414062e+01
5.413858413696289062e+01
5.410558319091796875e+01
5.406956100463867188e+01
5.403120803833007812e+01
5.399029541015625000e+01
5.394696044921875000e+01
5.390191268920898438e+01
5.385491561889648438e+01
5.380616760253906250e+01
5.375556945800781250e+01
5.370352554321289062e+01
5.364961624145507812e+01
5.359373474121093750e+01
5.353614044189453125e+01
5.347684097290039062e+01
5.341523361206054688e+01
5.335105895996093750e+01
5.328356933593750000e+01
5.321334457397460938e+01
5.314108276367187500e+01
5.306633758544921875e+01
5.298810195922851562e+01
5.290697097778320312e+01
5.282240295410156250e+01
5.273391723632812500e+01
5.264065170288085938e+01
5.254241943359375000e+01
5.244109725952148438e+01
5.233578872680664062e+01
5.222639846801757812e+01
5.211275100708007812e+01
5.199448394775390625e+01
5.187364578247070312e+01
5.175083541870117188e+01
5.162544631958007812e+01
5.149729537963867188e+01
5.136795425415039062e+01
5.123724365234375000e+01
5.110554504394531250e+01
5.097301864624023438e+01
5.083839416503906250e+01
5.070194244384765625e+01
5.056343841552734375e+01
5.042314147949218750e+01
5.028069686889648438e+01
5.013570785522460938e+01
4.998818206787109375e+01
4.983811569213867188e+01
4.968628692626953125e+01
4.953249359130859375e+01
4.937614059448242188e+01
4.921798706054687500e+01
4.905707168579101562e+01
4.889313507080078125e+01
4.872678756713867188e+01
4.855862426757812500e+01
4.838883590698242188e+01
4.821779632568359375e+01
4.804541397094726562e+01
4.787203216552734375e+01
4.769791793823242188e+01
4.752359390258789062e+01
4.734922409057617188e+01
4.717495727539062500e+01
4.700068283081054688e+01
4.682646179199218750e+01
4.665212631225585938e+01
4.647730636596679688e+01
4.630205535888671875e+01
4.612743759155273438e+01
4.595275878906250000e+01
4.577878952026367188e+01
4.560493469238281250e+01
4.543104553222656250e+01
4.525754547119140625e+01
4.508435821533203125e+01
4.491170883178710938e+01
4.473946762084960938e+01
4.456790161132812500e+01
4.439694595336914062e+01
4.422856140136718750e+01
4.406234359741210938e+01
4.389870071411132812e+01
