5.334832000732421875e+01
5.328882217407226562e+01
5.323699569702148438e+01
5.319046783447265625e+01
5.314775085449218750e+01
5.311001586914062500e+01
5.307703781127929688e+01
5.305015563964843750e+01
5.302919006347656250e+01
5.301478195190429688e+01
5.300738906860351562e+01
5.300627517700195312e+01
5.301049041748046875e+01
5.301945495605468750e+01
5.303296279907226562e+01
5.304971694946289062e+01
5.306899261474609375e+01
5.308954620361328125e+01
5.311074447631835938e+01
5.312999343872070312e+01
5.314734649658203125e+01
5.316308593750000000e+01
5.317834472656250000e+01
5.319184494018554688e+01
5.320387268066406250e+01
5.321309280395507812e+01
5.321892547607421875e+01
5.322141265869140625e+01
5.321883773803710938e+01
5.321049118041992188e+01
5.319752502441406250e+01
5.317967987060546875e+01
5.315821075439453125e+01
5.313203048706054688e+01
5.310307693481445312e+01
5.307188034057617188e+01
5.303849792480468750e+01
5.300280380249023438e+01
5.296507263183593750e+01
5.292392349243164062e+01
5.288054656982421875e+01
5.283373260498046875e+01
5.278476715087890625e+01
5.273330307006835938e+01
5.267911148071289062e+01
5.262303161621093750e+01
5.256508255004882812e+01
5.250471878051757812e+01
5.244129180908203125e+01
5.237514877319335938e+01
5.230534362792968750e+01
5.223236846923828125e+01
5.215573501586914062e+01
5.207656860351562500e+01
5.199414825439453125e+01
5.190930175781250000e+01
5.182201385498046875e+01
5.173163986206054688e+01
5.163850021362304688e+01
5.154432678222656250e+01
5.144846343994140625e+01
5.135126495361328125e+01
5.125216293334960938e+01
5.115083694458007812e+01
5.104759216308593750e+01
5.094220352172851562e+01
5.083533096313476562e+01
5.072712326049804688e+01
5.061708831787109375e+01
5.050544738769531250e+01
5.039173889160156250e+01
5.027619552612304688e+01
5.015896987915039062e+01
5.003969573974609375e+01
4.991705322265625000e+01
4.979038238525390625e+01
4.965951919555664062e+01
4.952334213256835938e+01
4.938182067871093750e+01
4.923643112182617188e+01
4.908826828002929688e+01
4.893626403808593750e+01
4.878092193603515625e+01
4.862092208862304688e+01
4.845574951171875000e+01
4.828601837158203125e+01
4.811161804199218750e+01
4.793378829956054688e+01
4.775331115722656250e+01
4.756950759887695312e+01
4.738305282592773438e+01
4.719440460205078125e+01
4.700424957275390625e+01
4.681261062622070312e+01
4.661937332153320312e+01
4.642488861083984375e+01
4.622899246215820312e+01
4.603250122070312500e+01
4.583470916748046875e+01
4.563560867309570312e+01
