5.862347793579101562e+01
5.855322265625000000e+01
5.847793579101562500e+01
5.839905166625976562e+01
5.831569671630859375e+01
5.822657012939453125e+01
5.813174438476562500e+01
5.803190612792968750e+01
5.792633438110351562e+01
5.781525802612304688e+01
5.769952011108398438e+01
5.758134460449218750e+01
5.746271896362304688e+01
5.734374237060546875e+01
5.722446823120117188e+01
5.710524368286132812e+01
5.698577499389648438e+01
5.686636734008789062e+01
5.674624633789062500e+01
5.662485122680664062e+01
5.650115966796875000e+01
5.637485122680664062e+01
5.624724960327148438e+01
5.611948013305664062e+01
5.599112701416015625e+01
5.586391448974609375e+01
5.573620986938476562e+01
5.560806655883789062e+01
5.548042297363281250e+01
5.535326385498046875e+01
5.522508239746093750e+01
5.509772109985351562e+01
5.496895599365234375e+01
5.483780288696289062e+01
5.470672225952148438e+01
5.457506179809570312e+01
5.444308090209960938e+01
5.431200408935546875e+01
5.418128967285156250e+01
5.405057907104492188e+01
5.391968154907226562e+01
5.378902435302734375e+01
5.365788650512695312e+01
5.352802276611328125e+01
5.339828872680664062e+01
5.326767349243164062e+01
5.313782119750976562e+01
5.300839233398437500e+01
5.287813949584960938e+01
5.274813842773437500e+01
5.261785888671875000e+01
5.248666381835937500e+01
5.235409927368164062e+01
5.222120285034179688e+01
5.208760452270507812e+01
5.195359420776367188e+01
5.181953811645507812e+01
5.168563461303710938e+01
5.155205917358398438e+01
5.141783905029296875e+01
5.128264617919921875e+01
5.114624404907226562e+01
5.100840759277343750e+01
5.087001037597656250e+01
5.073178863525390625e+01
5.059328842163085938e+01
5.045398712158203125e+01
5.031363296508789062e+01
5.017150878906250000e+01
5.002687454223632812e+01
4.987895965576171875e+01
4.972828292846679688e+01
4.957388305664062500e+01
4.941469573974609375e+01
4.925076675415039062e+01
4.908092117309570312e+01
4.890692901611328125e+01
4.872783660888671875e+01
4.854560852050781250e+01
4.835998535156250000e+01
4.816992187500000000e+01
4.797593307495117188e+01
4.777780532836914062e+01
4.757708740234375000e+01
4.737271499633789062e+01
4.716434478759765625e+01
4.695318603515625000e+01
4.673939895629882812e+01
4.652360916137695312e+01
4.630674362182617188e+01
4.608879852294921875e+01
4.586896133422851562e+01
4.564743041992187500e+01
4.542525100708007812e+01
4.520354080200195312e+01
4.498196792602539062e+01
4.476080322265625000e+01
4.453826904296875000e+01
4.431549072265625000e+01
4.409335327148437500e+01
