5.294199752807617188e+01
5.304663848876953125e+01
5.315160751342773438e+01
5.325671005249023438e+01
5.336214447021484375e+01
5.346757888793945312e+01
5.357329559326171875e+01
5.367903137207031250e+01
5.378401184082031250e+01
5.388725662231445312e+01
5.398903656005859375e+01
5.408783721923828125e+01
5.418295288085937500e+01
5.427441406250000000e+01
5.436055374145507812e+01
5.444090652465820312e+01
5.451595687866210938e+01
5.458661270141601562e+01
5.465264129638671875e+01
5.471535110473632812e+01
5.477460861206054688e+01
5.483071136474609375e+01
5.488488006591796875e+01
5.493577957153320312e+01
5.498384475708007812e+01
5.502809906005859375e+01
5.506782531738281250e+01
5.510232925415039062e+01
5.513190460205078125e+01
5.515695953369140625e+01
5.517815017700195312e+01
5.519533157348632812e+01
5.520824050903320312e+01
5.521731948852539062e+01
5.522338104248046875e+01
5.522691345214843750e+01
5.522782897949218750e+01
5.522567367553710938e+01
5.521938323974609375e+01
5.520827484130859375e+01
5.519298553466796875e+01
5.517243576049804688e+01
5.514585494995117188e+01
5.511378097534179688e+01
5.507646179199218750e+01
5.503356933593750000e+01
5.498371505737304688e+01
5.492660140991210938e+01
5.486455535888671875e+01
5.479856109619140625e+01
5.472879791259765625e+01
5.465457916259765625e+01
5.457716369628906250e+01
5.449660491943359375e+01
5.441283798217773438e+01
5.432656860351562500e+01
5.423862457275390625e+01
5.414677429199218750e+01
5.405031585693359375e+01
5.394948196411132812e+01
5.384356689453125000e+01
5.373228836059570312e+01
5.361529922485351562e+01
5.349271774291992188e+01
5.336597824096679688e+01
5.323539733886718750e+01
5.310031890869140625e+01
5.296060943603515625e+01
5.281478881835937500e+01
5.266394042968750000e+01
5.250832748413085938e+01
5.234803771972656250e+01
5.218460464477539062e+01
5.201757431030273438e+01
5.184812545776367188e+01
5.167598724365234375e+01
5.150162506103515625e+01
5.132430648803710938e+01
5.114410781860351562e+01
5.096095275878906250e+01
5.077547836303710938e+01
5.058779907226562500e+01
5.039803695678710938e+01
5.020738601684570312e+01
5.001621627807617188e+01
4.982500839233398438e+01
4.963296508789062500e+01
4.943974304199218750e+01
4.924532699584960938e+01
4.905006027221679688e+01
4.885507583618164062e+01
4.865936660766601562e+01
4.846305465698242188e+01
4.826636505126953125e+01
4.806968688964843750e+01
4.787368392944335938e+01
4.767765808105468750e+01
4.748221969604492188e+01
4.728664779663085938e+01
4.709127426147460938e+01
