6.559024810791015625e+01
6.523453521728515625e+01
6.488018798828125000e+01
6.452796173095703125e+01
6.417817687988281250e+01
6.383202743530273438e+01
6.349154663085937500e+01
6.315715408325195312e+01
6.282918930053710938e+01
6.250817108154296875e+01
6.219412994384765625e+01
6.188720321655273438e+01
6.158745574951171875e+01
6.129375457763671875e+01
6.100579833984375000e+01
6.072298812866210938e+01
6.044462585449218750e+01
6.017030334472656250e+01
5.990078735351562500e+01
5.963504791259765625e+01
5.937435913085937500e+01
5.911888122558593750e+01
5.886880874633789062e+01
5.862457656860351562e+01
5.838603210449218750e+01
5.815343093872070312e+01
5.792593765258789062e+01
5.770332336425781250e+01
5.748525619506835938e+01
5.727160644531250000e+01
5.706161880493164062e+01
5.685524368286132812e+01
5.665313339233398438e+01
5.645425415039062500e+01
5.625846862792968750e+01
5.606501388549804688e+01
5.587342834472656250e+01
5.568417358398437500e+01
5.549733734130859375e+01
5.531191253662109375e+01
5.512745666503906250e+01
5.494351577758789062e+01
5.475949859619140625e+01
5.457538986206054688e+01
5.439185333251953125e+01
5.420865631103515625e+01
5.402492141723632812e+01
5.384024047851562500e+01
5.365492248535156250e+01
5.346884536743164062e+01
5.328076171875000000e+01
5.309162521362304688e+01
5.290095138549804688e+01
5.270872879028320312e+01
5.251538848876953125e+01
5.232056808471679688e+01
5.212372589111328125e+01
5.192516326904296875e+01
5.172543716430664062e+01
5.152366256713867188e+01
5.132111358642578125e+01
5.111765289306640625e+01
5.091291427612304688e+01
5.070719146728515625e+01
5.050009536743164062e+01
5.029161834716796875e+01
5.008194351196289062e+01
4.986972427368164062e+01
4.965630340576171875e+01
4.944194030761718750e+01
4.922666549682617188e+01
4.901099395751953125e+01
4.879489135742187500e+01
4.857901763916015625e+01
4.836312866210937500e+01
4.814700698852539062e+01
4.793200683593750000e+01
4.771786117553710938e+01
4.750410079956054688e+01
4.729179000854492188e+01
4.708082580566406250e+01
4.687082672119140625e+01
4.666191482543945312e+01
4.645351791381835938e+01
4.624623489379882812e+01
4.604017257690429688e+01
4.583559799194335938e+01
4.563280105590820312e+01
4.543152999877929688e+01
4.523128890991210938e+01
4.503284072875976562e+01
4.483643722534179688e+01
4.464108657836914062e+01
4.444709396362304688e+01
4.425534057617187500e+01
4.406612014770507812e+01
4.387901687622070312e+01
4.369417190551757812e+01
4.351234436035156250e+01
4.333304977416992188e+01
