6.890553283691406250e+01
6.835452270507812500e+01
6.780702972412109375e+01
6.726442718505859375e+01
6.672812652587890625e+01
6.620011138916015625e+01
6.568145751953125000e+01
6.517285919189453125e+01
6.467560577392578125e+01
6.418981933593750000e+01
6.371421432495117188e+01
6.324782180786132812e+01
6.279030609130859375e+01
6.234153747558593750e+01
6.190161514282226562e+01
6.147035598754882812e+01
6.104751586914062500e+01
6.063340377807617188e+01
6.022996139526367188e+01
5.983860015869140625e+01
5.945902252197265625e+01
5.909246826171875000e+01
5.873947525024414062e+01
5.840033340454101562e+01
5.807404708862304688e+01
5.775806808471679688e+01
5.745344543457031250e+01
5.716115951538085938e+01
5.687960815429687500e+01
5.660625076293945312e+01
5.634143066406250000e+01
5.608499526977539062e+01
5.583759307861328125e+01
5.559761047363281250e+01
5.536428070068359375e+01
5.513611602783203125e+01
5.491330718994140625e+01
5.469471740722656250e+01
5.448118209838867188e+01
5.427095413208007812e+01
5.406464004516601562e+01
5.386192321777343750e+01
5.366353988647460938e+01
5.346818923950195312e+01
5.327401733398437500e+01
5.308191680908203125e+01
5.289099121093750000e+01
5.270326995849609375e+01
5.251564025878906250e+01
5.232929611206054688e+01
5.214506912231445312e+01
5.196282577514648438e+01
5.178305435180664062e+01
5.160603332519531250e+01
5.142915344238281250e+01
5.125317001342773438e+01
5.107943725585937500e+01
5.090736770629882812e+01
5.073559188842773438e+01
5.056465530395507812e+01
5.039630508422851562e+01
5.022950744628906250e+01
5.006272506713867188e+01
4.989537429809570312e+01
4.972657012939453125e+01
4.955598449707031250e+01
4.938457107543945312e+01
4.921236038208007812e+01
4.903804397583007812e+01
4.886267852783203125e+01
4.868704605102539062e+01
4.851252365112304688e+01
4.833818054199218750e+01
4.816325759887695312e+01
4.798698425292968750e+01
4.781004333496093750e+01
4.763371658325195312e+01
4.745780944824218750e+01
4.728209304809570312e+01
4.710662841796875000e+01
4.693213272094726562e+01
4.675871276855468750e+01
4.658621978759765625e+01
4.641386795043945312e+01
4.624118804931640625e+01
4.606835937500000000e+01
4.589486312866210938e+01
4.572055816650390625e+01
4.554680633544921875e+01
4.537334442138671875e+01
4.520017242431640625e+01
4.502637481689453125e+01
4.485315704345703125e+01
4.468021392822265625e+01
4.450783157348632812e+01
4.433547210693359375e+01
4.416377258300781250e+01
4.399215698242187500e+01
4.382157897949218750e+01
4.365323257446289062e+01
