6.057939910888671875e+01
6.039361572265625000e+01
6.021292877197265625e+01
6.003744506835937500e+01
5.986697006225585938e+01
5.970112228393554688e+01
5.953943634033203125e+01
5.938222122192382812e+01
5.922879409790039062e+01
5.907922744750976562e+01
5.893351745605468750e+01
5.879201889038085938e+01
5.865528106689453125e+01
5.852389144897460938e+01
5.839889144897460938e+01
5.827931213378906250e+01
5.816388702392578125e+01
5.805255508422851562e+01
5.794367980957031250e+01
5.783857727050781250e+01
5.773551559448242188e+01
5.763388442993164062e+01
5.753332138061523438e+01
5.743302154541015625e+01
5.733327102661132812e+01
5.723252868652343750e+01
5.712921524047851562e+01
5.702239608764648438e+01
5.691186904907226562e+01
5.679835128784179688e+01
5.668173599243164062e+01
5.656322479248046875e+01
5.644287872314453125e+01
5.632239151000976562e+01
5.620171737670898438e+01
5.608010864257812500e+01
5.595778274536132812e+01
5.583583068847656250e+01
5.571369552612304688e+01
5.559006500244140625e+01
5.546380615234375000e+01
5.533662796020507812e+01
5.520873641967773438e+01
5.508042907714843750e+01
5.495044326782226562e+01
5.481960296630859375e+01
5.468860244750976562e+01
5.455578613281250000e+01
5.442273330688476562e+01
5.428910064697265625e+01
5.415468978881835938e+01
5.401979446411132812e+01
5.388422012329101562e+01
5.374882507324218750e+01
5.361305999755859375e+01
5.347716140747070312e+01
5.334183502197265625e+01
5.320710754394531250e+01
5.307171249389648438e+01
5.293590927124023438e+01
5.280016708374023438e+01
5.266462707519531250e+01
5.252935791015625000e+01
5.239464187622070312e+01
5.225999832153320312e+01
5.212506103515625000e+01
5.198842239379882812e+01
5.184975814819335938e+01
5.170769882202148438e+01
5.155922698974609375e+01
5.140517807006835938e+01
5.124632644653320312e+01
5.108270645141601562e+01
5.091435241699218750e+01
5.074372100830078125e+01
5.057137680053710938e+01
5.039720153808593750e+01
5.022005081176757812e+01
5.004008483886718750e+01
4.985559463500976562e+01
4.966715621948242188e+01
4.947412872314453125e+01
4.927843856811523438e+01
4.908102798461914062e+01
4.888249969482421875e+01
4.868259048461914062e+01
4.848057174682617188e+01
4.827614212036132812e+01
4.807055282592773438e+01
4.786354827880859375e+01
4.765596389770507812e+01
4.744736862182617188e+01
4.723817825317382812e+01
4.702934646606445312e+01
4.682152557373046875e+01
4.661491394042968750e+01
4.640917205810546875e+01
4.620572662353515625e+01
4.600348281860351562e+01
4.580251693725585938e+01
