7.043373107910156250e+01
7.001201629638671875e+01
6.958857727050781250e+01
6.915532684326171875e+01
6.871292114257812500e+01
6.826586151123046875e+01
6.781856536865234375e+01
6.737155914306640625e+01
6.692683410644531250e+01
6.648641967773437500e+01
6.605231475830078125e+01
6.562454986572265625e+01
6.520291137695312500e+01
6.478842926025390625e+01
6.438041687011718750e+01
6.397973251342773438e+01
6.358582305908203125e+01
6.319956588745117188e+01
6.282018661499023438e+01
6.244891357421875000e+01
6.208562850952148438e+01
6.173019790649414062e+01
6.138320159912109375e+01
6.104527664184570312e+01
6.071598434448242188e+01
6.039665603637695312e+01
6.008714675903320312e+01
5.978631973266601562e+01
5.949457931518554688e+01
5.921083068847656250e+01
5.893627166748046875e+01
5.866875076293945312e+01
5.840608978271484375e+01
5.814976501464843750e+01
5.790040969848632812e+01
5.765581130981445312e+01
5.741605377197265625e+01
5.718025970458984375e+01
5.694864654541015625e+01
5.671995544433593750e+01
5.649300003051757812e+01
5.626918029785156250e+01
5.604973602294921875e+01
5.583390808105468750e+01
5.562126922607421875e+01
5.541275405883789062e+01
5.520773315429687500e+01
5.500520324707031250e+01
5.480661773681640625e+01
5.461118698120117188e+01
5.442065811157226562e+01
5.423365783691406250e+01
5.405091857910156250e+01
5.387254333496093750e+01
5.369892120361328125e+01
5.352844619750976562e+01
5.336313629150390625e+01
5.320090103149414062e+01
5.304045486450195312e+01
5.288146972656250000e+01
5.272310256958007812e+01
5.256488800048828125e+01
5.240721130371093750e+01
5.225105285644531250e+01
5.209492874145507812e+01
5.193959808349609375e+01
5.178669357299804688e+01
5.163689422607421875e+01
5.148833847045898438e+01
5.134165191650390625e+01
5.119869995117187500e+01
5.105800628662109375e+01
5.091247558593750000e+01
5.075740814208984375e+01
5.059442138671875000e+01
5.042608642578125000e+01
5.024722671508789062e+01
5.005042648315429688e+01
4.984249877929687500e+01
4.962696075439453125e+01
4.940417861938476562e+01
4.917873382568359375e+01
4.895178985595703125e+01
4.872474288940429688e+01
4.849508285522460938e+01
4.826269531250000000e+01
4.802923965454101562e+01
4.779828262329101562e+01
4.756648254394531250e+01
4.733039474487304688e+01
4.709294891357421875e+01
4.685682678222656250e+01
4.662142181396484375e+01
4.638759231567382812e+01
4.615641021728515625e+01
4.592620086669921875e+01
4.569631195068359375e+01
4.546759414672851562e+01
4.523852920532226562e+01
4.500964736938476562e+01
