6.097293853759765625e+01
6.081428146362304688e+01
6.066019439697265625e+01
6.050945281982421875e+01
6.036170959472656250e+01
6.021723556518554688e+01
6.007572174072265625e+01
5.993764877319335938e+01
5.980210113525390625e+01
5.966826629638671875e+01
5.953634643554687500e+01
5.940656280517578125e+01
5.927841567993164062e+01
5.915196228027343750e+01
5.902712249755859375e+01
5.890407180786132812e+01
5.878236770629882812e+01
5.866197586059570312e+01
5.854318618774414062e+01
5.842504119873046875e+01
5.830718994140625000e+01
5.818973541259765625e+01
5.807212448120117188e+01
5.795388412475585938e+01
5.783444595336914062e+01
5.771403884887695312e+01
5.759239959716796875e+01
5.746918106079101562e+01
5.734644699096679688e+01
5.722385787963867188e+01
5.710323333740234375e+01
5.698480224609375000e+01
5.686948013305664062e+01
5.675693130493164062e+01
5.664855575561523438e+01
5.654129791259765625e+01
5.643455505371093750e+01
5.632828140258789062e+01
5.621884155273437500e+01
5.610476303100585938e+01
5.598736572265625000e+01
5.586538696289062500e+01
5.573818206787109375e+01
5.560638809204101562e+01
5.546975326538085938e+01
5.532870483398437500e+01
5.518493652343750000e+01
5.503878784179687500e+01
5.489237976074218750e+01
5.474356460571289062e+01
5.459487533569335938e+01
5.444530487060546875e+01
5.429505157470703125e+01
5.414456939697265625e+01
5.399277877807617188e+01
5.383929061889648438e+01
5.368363571166992188e+01
5.352595520019531250e+01
5.336627960205078125e+01
5.320236968994140625e+01
5.303545379638671875e+01
5.286466217041015625e+01
5.269131088256835938e+01
5.251791381835937500e+01
5.234131240844726562e+01
5.216429901123046875e+01
5.198560333251953125e+01
5.180382156372070312e+01
5.161928176879882812e+01
5.143300628662109375e+01
5.124585723876953125e+01
5.105810165405273438e+01
5.087118530273437500e+01
5.068620300292968750e+01
5.050111770629882812e+01
5.031589889526367188e+01
5.012599563598632812e+01
4.992656326293945312e+01
4.971825027465820312e+01
4.950479125976562500e+01
4.928804779052734375e+01
4.906607818603515625e+01
4.883891296386718750e+01
4.860891342163085938e+01
4.837537765502929688e+01
4.813719558715820312e+01
4.789605331420898438e+01
4.765184783935546875e+01
4.740501403808593750e+01
4.715460205078125000e+01
4.690374374389648438e+01
4.665259552001953125e+01
4.640043640136718750e+01
4.614927291870117188e+01
4.589836883544921875e+01
4.564734268188476562e+01
4.539599990844726562e+01
4.514482498168945312e+01
4.489514923095703125e+01
4.464690780639648438e+01
