6.221331405639648438e+01
6.178646850585937500e+01
6.137104034423828125e+01
6.096999359130859375e+01
6.058368682861328125e+01
6.021136093139648438e+01
5.985052871704101562e+01
5.949785232543945312e+01
5.915162277221679688e+01
5.881204605102539062e+01
5.847975921630859375e+01
5.815375900268554688e+01
5.783343887329101562e+01
5.752074813842773438e+01
5.721592330932617188e+01
5.691780090332031250e+01
5.662886047363281250e+01
5.634970092773437500e+01
5.608057785034179688e+01
5.582170486450195312e+01
5.557314300537109375e+01
5.533424377441406250e+01
5.510344696044921875e+01
5.488180541992187500e+01
5.466928863525390625e+01
5.446264266967773438e+01
5.426219940185546875e+01
5.406709671020507812e+01
5.387576293945312500e+01
5.368989181518554688e+01
5.350888824462890625e+01
5.333068084716796875e+01
5.315712738037109375e+01
5.298723602294921875e+01
5.281985092163085938e+01
5.265525817871093750e+01
5.249431991577148438e+01
5.233664703369140625e+01
5.218184280395507812e+01
5.202984237670898438e+01
5.188175201416015625e+01
5.173835754394531250e+01
5.159865951538085938e+01
5.146281433105468750e+01
5.133094406127929688e+01
5.120333480834960938e+01
5.107872009277343750e+01
5.095653152465820312e+01
5.083588790893554688e+01
5.071636581420898438e+01
5.059637451171875000e+01
5.047652435302734375e+01
5.035527420043945312e+01
5.023270034790039062e+01
5.010688018798828125e+01
4.997772979736328125e+01
4.984386062622070312e+01
4.970718765258789062e+01
4.956736755371093750e+01
4.942490768432617188e+01
4.928025054931640625e+01
4.913325881958007812e+01
4.898356246948242188e+01
4.883182144165039062e+01
4.867852783203125000e+01
4.852351379394531250e+01
4.836650466918945312e+01
4.820812606811523438e+01
4.804813766479492188e+01
4.788672637939453125e+01
4.772316360473632812e+01
4.755767440795898438e+01
4.739039611816406250e+01
4.722097015380859375e+01
4.704926681518554688e+01
4.687409591674804688e+01
4.669589996337890625e+01
4.651514053344726562e+01
4.633237075805664062e+01
4.614691543579101562e+01
4.595731353759765625e+01
4.576507186889648438e+01
4.557064819335937500e+01
4.537480545043945312e+01
4.517704772949218750e+01
4.497711563110351562e+01
4.477496719360351562e+01
4.457218933105468750e+01
4.436867141723632812e+01
4.416429519653320312e+01
4.395904541015625000e+01
4.375487899780273438e+01
4.355121231079101562e+01
4.334778976440429688e+01
4.314338302612304688e+01
4.293938827514648438e+01
4.273680877685546875e+01
4.253476715087890625e+01
4.233427047729492188e+01
4.213518524169921875e+01
