7.893025970458984375e+01
7.851726531982421875e+01
7.810426330566406250e+01
7.769126892089843750e+01
7.727827453613281250e+01
7.686527252197265625e+01
7.645227813720703125e+01
7.603928375244140625e+01
7.562628936767578125e+01
7.521327972412109375e+01
7.480030059814453125e+01
7.438729095458984375e+01
7.397429656982421875e+01
7.356129455566406250e+01
7.314830017089843750e+01
7.273530578613281250e+01
7.232231140136718750e+01
7.190930938720703125e+01
7.149631500244140625e+01
7.108332061767578125e+01
7.067031860351562500e+01
7.025733184814453125e+01
6.984432983398437500e+01
6.943133544921875000e+01
6.901833343505859375e+01
6.860534667968750000e+01
6.819233703613281250e+01
6.777934265136718750e+01
6.736634826660156250e+01
6.695335388183593750e+01
6.654035949707031250e+01
6.612735748291015625e+01
6.571436309814453125e+01
6.530136871337890625e+01
6.488836669921875000e+01
6.447536468505859375e+01
6.406237792968750000e+01
6.364938354492187500e+01
6.323638534545898438e+01
6.282338333129882812e+01
6.241038513183593750e+01
6.199739074707031250e+01
6.158439636230468750e+01
6.117139816284179688e+01
6.075839996337890625e+01
6.034540176391601562e+01
5.993240737915039062e+01
5.951941299438476562e+01
5.910641479492187500e+01
5.869341278076171875e+01
5.828042221069335938e+01
5.786742401123046875e+01
5.745442962646484375e+01
5.704143142700195312e+01
5.662843704223632812e+01
5.621543502807617188e+01
5.580243682861328125e+01
5.538944244384765625e+01
5.497644424438476562e+01
5.456345367431640625e+01
5.415045166015625000e+01
5.373745346069335938e+01
5.332445526123046875e+01
5.291146087646484375e+01
5.249847030639648438e+01
5.208546829223632812e+01
5.167247009277343750e+01
5.125947570800781250e+01
5.084647750854492188e+01
5.043348312377929688e+01
5.002048492431640625e+01
4.960748672485351562e+01
4.919449615478515625e+01
4.878149795532226562e+01
4.836849975585937500e+01
4.795550155639648438e+01
4.754250717163085938e+01
4.712950897216796875e+01
4.671651458740234375e+01
4.630351257324218750e+01
4.589051818847656250e+01
4.547751998901367188e+01
4.506452178955078125e+01
4.465152359008789062e+01
4.423853683471679688e+01
4.382553482055664062e+01
4.341254043579101562e+01
4.299953842163085938e+01
4.258654022216796875e+01
4.217354583740234375e+01
4.176054763793945312e+01
4.134755325317382812e+01
4.093455505371093750e+01
4.052156066894531250e+01
4.010856246948242188e+01
3.969556808471679688e+01
3.928256607055664062e+01
3.886957168579101562e+01
3.845657730102539062e+01
3.804358291625976562e+01
