7.878518676757812500e+01
7.836763763427734375e+01
7.795010375976562500e+01
7.753256225585937500e+01
7.711501312255859375e+01
7.669747161865234375e+01
7.627993011474609375e+01
7.586238861083984375e+01
7.544484710693359375e+01
7.502731323242187500e+01
7.460976409912109375e+01
7.419221496582031250e+01
7.377468109130859375e+01
7.335713958740234375e+01
7.293959045410156250e+01
7.252205657958984375e+01
7.210450744628906250e+01
7.168696594238281250e+01
7.126942443847656250e+01
7.085189056396484375e+01
7.043434143066406250e+01
7.001680755615234375e+01
6.959925842285156250e+01
6.918171691894531250e+01
6.876417541503906250e+01
6.834664154052734375e+01
6.792909240722656250e+01
6.751154327392578125e+01
6.709400177001953125e+01
6.667646789550781250e+01
6.625891876220703125e+01
6.584137725830078125e+01
6.542383575439453125e+01
6.500629425048828125e+01
6.458876037597656250e+01
6.417121124267578125e+01
6.375367355346679688e+01
6.333613204956054688e+01
6.291858673095703125e+01
6.250104522705078125e+01
6.208349990844726562e+01
6.166596221923828125e+01
6.124842071533203125e+01
6.083087539672851562e+01
6.041333770751953125e+01
5.999579238891601562e+01
5.957825088500976562e+01
5.916070938110351562e+01
5.874317169189453125e+01
5.832562255859375000e+01
5.790808486938476562e+01
5.749053955078125000e+01
5.707300186157226562e+01
5.665545654296875000e+01
5.623791503906250000e+01
5.582037353515625000e+01
5.540283203125000000e+01
5.498529052734375000e+01
5.456774520874023438e+01
5.415021133422851562e+01
5.373266220092773438e+01
5.331512069702148438e+01
5.289757919311523438e+01
5.248003768920898438e+01
5.206250000000000000e+01
5.164495468139648438e+01
5.122740936279296875e+01
5.080987548828125000e+01
5.039232635498046875e+01
4.997478485107421875e+01
4.955724334716796875e+01
4.913969802856445312e+01
4.872216415405273438e+01
4.830461883544921875e+01
4.788707351684570312e+01
4.746953201293945312e+01
4.705199050903320312e+01
4.663444900512695312e+01
4.621690750122070312e+01
4.579936218261718750e+01
4.538182830810546875e+01
4.496427917480468750e+01
4.454673767089843750e+01
4.412919616699218750e+01
4.371165466308593750e+01
4.329411315917968750e+01
4.287657165527343750e+01
4.245903015136718750e+01
4.204148483276367188e+01
4.162394714355468750e+01
4.120640182495117188e+01
4.078886032104492188e+01
4.037131118774414062e+01
3.995378112792968750e+01
3.953623580932617188e+01
3.911868667602539062e+01
3.870114898681640625e+01
3.828361511230468750e+01
3.786606216430664062e+01
3.744852447509765625e+01
