7.647257995605468750e+01
7.607307434082031250e+01
7.567356109619140625e+01
7.527406311035156250e+01
7.487456512451171875e+01
7.447505950927734375e+01
7.407554626464843750e+01
7.367604827880859375e+01
7.327655029296875000e+01
7.287703704833984375e+01
7.247753143310546875e+01
7.207803344726562500e+01
7.167852783203125000e+01
7.127901458740234375e+01
7.087951660156250000e+01
7.048001861572265625e+01
7.008050537109375000e+01
6.968099975585937500e+01
6.928150177001953125e+01
6.888200378417968750e+01
6.848249053955078125e+01
6.808298492431640625e+01
6.768348693847656250e+01
6.728398132324218750e+01
6.688446807861328125e+01
6.648497009277343750e+01
6.608547210693359375e+01
6.568595886230468750e+01
6.528645324707031250e+01
6.488695526123046875e+01
6.448744201660156250e+01
6.408794403076171875e+01
6.368843841552734375e+01
6.328893661499023438e+01
6.288943099975585938e+01
6.248992538452148438e+01
6.209042358398437500e+01
6.169091796875000000e+01
6.129141235351562500e+01
6.089191436767578125e+01
6.049240493774414062e+01
6.009290695190429688e+01
5.969339752197265625e+01
5.929389190673828125e+01
5.889438629150390625e+01
5.849488449096679688e+01
5.809537887573242188e+01
5.769587326049804688e+01
5.729637527465820312e+01
5.689686584472656250e+01
5.649736785888671875e+01
5.609785842895507812e+01
5.569835281372070312e+01
5.529884719848632812e+01
5.489934539794921875e+01
5.449983978271484375e+01
5.410033416748046875e+01
5.370083236694335938e+01
5.330132675170898438e+01
5.290182876586914062e+01
5.250231933593750000e+01
5.210281372070312500e+01
5.170331192016601562e+01
5.130380630493164062e+01
5.090430450439453125e+01
5.050479125976562500e+01
5.010529327392578125e+01
4.970579147338867188e+01
4.930628967285156250e+01
4.890678024291992188e+01
4.850727462768554688e+01
4.810777282714843750e+01
4.770826721191406250e+01
4.730876541137695312e+01
4.690925598144531250e+01
4.650975036621093750e+01
4.611024856567382812e+01
4.571074676513671875e+01
4.531124114990234375e+01
4.491173934936523438e+01
4.451223373413085938e+01
4.411272811889648438e+01
4.371322631835937500e+01
4.331371688842773438e+01
4.291421890258789062e+01
4.251470947265625000e+01
4.211521148681640625e+01
4.171570205688476562e+01
4.131619644165039062e+01
4.091669464111328125e+01
4.051719284057617188e+01
4.011768341064453125e+01
3.971817779541015625e+01
3.931867980957031250e+01
3.891917037963867188e+01
3.851966476440429688e+01
3.812016296386718750e+01
3.772066497802734375e+01
3.732115554809570312e+01
3.692165374755859375e+01
