7.989286041259765625e+01
7.947481536865234375e+01
7.905676269531250000e+01
7.863872528076171875e+01
7.822068023681640625e+01
7.780263519287109375e+01
7.738458251953125000e+01
7.696653747558593750e+01
7.654850006103515625e+01
7.613046264648437500e+01
7.571242523193359375e+01
7.529436492919921875e+01
7.487632751464843750e+01
7.445828247070312500e+01
7.404023742675781250e+01
7.362218475341796875e+01
7.320413970947265625e+01
7.278610229492187500e+01
7.236806488037109375e+01
7.195001220703125000e+01
7.153196716308593750e+01
7.111392211914062500e+01
7.069589233398437500e+01
7.027784729003906250e+01
6.985979461669921875e+01
6.944174957275390625e+01
6.902370452880859375e+01
6.860566711425781250e+01
6.818761444091796875e+01
6.776956939697265625e+01
6.735153198242187500e+01
6.693348693847656250e+01
6.651543426513671875e+01
6.609739685058593750e+01
6.567935180664062500e+01
6.526130676269531250e+01
6.484325408935546875e+01
6.442521667480468750e+01
6.400717163085937500e+01
6.358913040161132812e+01
6.317107772827148438e+01
6.275304031372070312e+01
6.233499145507812500e+01
6.191695404052734375e+01
6.149890518188476562e+01
6.108086013793945312e+01
6.066281890869140625e+01
6.024477386474609375e+01
5.982672500610351562e+01
5.940868377685546875e+01
5.899064636230468750e+01
5.857259750366210938e+01
5.815455627441406250e+01
5.773650741577148438e+01
5.731847000122070312e+01
5.690042114257812500e+01
5.648237609863281250e+01
5.606433105468750000e+01
5.564628982543945312e+01
5.522824859619140625e+01
5.481020355224609375e+01
5.439215469360351562e+01
5.397410964965820312e+01
5.355606842041015625e+01
5.313801956176757812e+01
5.271997833251953125e+01
5.230192947387695312e+01
5.188389205932617188e+01
5.146584320068359375e+01
5.104779815673828125e+01
5.062974929809570312e+01
5.021171188354492188e+01
4.979366683959960938e+01
4.937562561035156250e+01
4.895757675170898438e+01
4.853953170776367188e+01
4.812149047851562500e+01
4.770344543457031250e+01
4.728539657592773438e+01
4.686735916137695312e+01
4.644931411743164062e+01
4.603126907348632812e+01
4.561322784423828125e+01
4.519517898559570312e+01
4.477714157104492188e+01
4.435909271240234375e+01
4.394104766845703125e+01
4.352299880981445312e+01
4.310496139526367188e+01
4.268691635131835938e+01
4.226887512207031250e+01
4.185082626342773438e+01
4.143277740478515625e+01
4.101473617553710938e+01
4.059669494628906250e+01
4.017864990234375000e+01
3.976060104370117188e+01
3.934255981445312500e+01
3.892451477050781250e+01
3.850646972656250000e+01
