8.042388916015625000e+01
7.998248291015625000e+01
7.954107666015625000e+01
7.909967803955078125e+01
7.865827941894531250e+01
7.821688079833984375e+01
7.777548217773437500e+01
7.733407592773437500e+01
7.689267730712890625e+01
7.645127868652343750e+01
7.600987243652343750e+01
7.556847381591796875e+01
7.512707519531250000e+01
7.468566894531250000e+01
7.424427032470703125e+01
7.380286407470703125e+01
7.336146545410156250e+01
7.292006683349609375e+01
7.247866058349609375e+01
7.203726196289062500e+01
7.159585571289062500e+01
7.115447235107421875e+01
7.071306610107421875e+01
7.027166748046875000e+01
6.983026885986328125e+01
6.938887023925781250e+01
6.894746398925781250e+01
6.850606536865234375e+01
6.806466674804687500e+01
6.762326049804687500e+01
6.718186187744140625e+01
6.674045562744140625e+01
6.629905700683593750e+01
6.585765838623046875e+01
6.541625976562500000e+01
6.497485351562500000e+01
6.453344726562500000e+01
6.409205627441406250e+01
6.365065002441406250e+01
6.320924758911132812e+01
6.276785278320312500e+01
6.232645034790039062e+01
6.188504791259765625e+01
6.144364547729492188e+01
6.100224685668945312e+01
6.056084060668945312e+01
6.011944580078125000e+01
5.967804336547851562e+01
5.923664093017578125e+01
5.879523849487304688e+01
5.835384368896484375e+01
5.791244506835937500e+01
5.747103881835937500e+01
5.702964019775390625e+01
5.658823776245117188e+01
5.614683532714843750e+01
5.570543670654296875e+01
5.526403045654296875e+01
5.482263183593750000e+01
5.438123321533203125e+01
5.393983078002929688e+01
5.349842834472656250e+01
5.305702590942382812e+01
5.261563110351562500e+01
5.217422485351562500e+01
5.173282623291015625e+01
5.129141998291015625e+01
5.085002517700195312e+01
5.040862655639648438e+01
4.996722793579101562e+01
4.952582168579101562e+01
4.908442306518554688e+01
4.864302444458007812e+01
4.820162200927734375e+01
4.776021957397460938e+01
4.731882095336914062e+01
4.687741851806640625e+01
4.643601608276367188e+01
4.599461746215820312e+01
4.555321121215820312e+01
4.511182022094726562e+01
4.467041397094726562e+01
4.422901153564453125e+01
4.378760910034179688e+01
4.334621047973632812e+01
4.290481185913085938e+01
4.246340942382812500e+01
4.202200698852539062e+01
4.158060073852539062e+01
4.113920211791992188e+01
4.069780349731445312e+01
4.025639724731445312e+01
3.981499862670898438e+01
3.937360382080078125e+01
3.893220138549804688e+01
3.849079513549804688e+01
3.804940032958984375e+01
3.760800170898437500e+01
3.716660308837890625e+01
3.672519683837890625e+01
