7.730276489257812500e+01
7.690700531005859375e+01
7.651125335693359375e+01
7.611550140380859375e+01
7.571973419189453125e+01
7.532398223876953125e+01
7.492823028564453125e+01
7.453247070312500000e+01
7.413671875000000000e+01
7.374095916748046875e+01
7.334519958496093750e+01
7.294944763183593750e+01
7.255368804931640625e+01
7.215792846679687500e+01
7.176216888427734375e+01
7.136642456054687500e+01
7.097065734863281250e+01
7.057490539550781250e+01
7.017914581298828125e+01
6.978339385986328125e+01
6.938763427734375000e+01
6.899187469482421875e+01
6.859612274169921875e+01
6.820036315917968750e+01
6.780461120605468750e+01
6.740885925292968750e+01
6.701309204101562500e+01
6.661733245849609375e+01
6.622158050537109375e+01
6.582582092285156250e+01
6.543006896972656250e+01
6.503430938720703125e+01
6.463854980468750000e+01
6.424279785156250000e+01
6.384703826904296875e+01
6.345128631591796875e+01
6.305552673339843750e+01
6.265977478027343750e+01
6.226401519775390625e+01
6.186825942993164062e+01
6.147249984741210938e+01
6.107675170898437500e+01
6.068098449707031250e+01
6.028522491455078125e+01
5.988946914672851562e+01
5.949371719360351562e+01
5.909796142578125000e+01
5.870220184326171875e+01
5.830644989013671875e+01
5.791068649291992188e+01
5.751493835449218750e+01
5.711917877197265625e+01
5.672342300415039062e+01
5.632766342163085938e+01
5.593191146850585938e+01
5.553614807128906250e+01
5.514039611816406250e+01
5.474463653564453125e+01
5.434888076782226562e+01
5.395312500000000000e+01
5.355736541748046875e+01
5.316161727905273438e+01
5.276585006713867188e+01
5.237010192871093750e+01
5.197433853149414062e+01
5.157858657836914062e+01
5.118282699584960938e+01
5.078707504272460938e+01
5.039131546020507812e+01
4.999555969238281250e+01
4.959979629516601562e+01
4.920404434204101562e+01
4.880828857421875000e+01
4.841253280639648438e+01
4.801677322387695312e+01
4.762101745605468750e+01
4.722526550292968750e+01
4.682950210571289062e+01
4.643375015258789062e+01
4.603798675537109375e+01
4.564223480224609375e+01
4.524647521972656250e+01
4.485071945190429688e+01
4.445495986938476562e+01
4.405921173095703125e+01
4.366345214843750000e+01
4.326769638061523438e+01
4.287193298339843750e+01
4.247618103027343750e+01
4.208042144775390625e+01
4.168466949462890625e+01
4.128890991210937500e+01
4.089315414428710938e+01
4.049739837646484375e+01
4.010163879394531250e+01
3.970588684082031250e+01
3.931012344360351562e+01
3.891437530517578125e+01
3.851861190795898438e+01
3.812285995483398438e+01
