7.665166473388671875e+01
7.626409149169921875e+01
7.587651824951171875e+01
7.548895263671875000e+01
7.510137939453125000e+01
7.471381378173828125e+01
7.432624816894531250e+01
7.393867492675781250e+01
7.355110931396484375e+01
7.316352844238281250e+01
7.277597045898437500e+01
7.238838958740234375e+01
7.200083160400390625e+01
7.161326599121093750e+01
7.122568511962890625e+01
7.083811950683593750e+01
7.045055389404296875e+01
7.006298065185546875e+01
6.967540740966796875e+01
6.928784179687500000e+01
6.890026855468750000e+01
6.851270294189453125e+01
6.812513732910156250e+01
6.773756408691406250e+01
6.734999847412109375e+01
6.696243286132812500e+01
6.657485961914062500e+01
6.618727874755859375e+01
6.579972076416015625e+01
6.541214752197265625e+01
6.502458190917968750e+01
6.463700866699218750e+01
6.424944305419921875e+01
6.386187362670898438e+01
6.347430419921875000e+01
6.308673095703125000e+01
6.269916534423828125e+01
6.231159591674804688e+01
6.192402648925781250e+01
6.153645324707031250e+01
6.114888381958007812e+01
6.076132202148437500e+01
6.037374877929687500e+01
5.998617935180664062e+01
5.959860610961914062e+01
5.921103668212890625e+01
5.882347106933593750e+01
5.843590164184570312e+01
5.804833602905273438e+01
5.766075897216796875e+01
5.727319717407226562e+01
5.688562393188476562e+01
5.649805450439453125e+01
5.611048507690429688e+01
5.572291946411132812e+01
5.533534622192382812e+01
5.494778060913085938e+01
5.456021118164062500e+01
5.417263412475585938e+01
5.378506851196289062e+01
5.339749908447265625e+01
5.300992965698242188e+01
5.262236022949218750e+01
5.223479461669921875e+01
5.184722137451171875e+01
5.145965194702148438e+01
5.107208633422851562e+01
5.068451690673828125e+01
5.029694366455078125e+01
4.990937423706054688e+01
4.952180862426757812e+01
4.913423538208007812e+01
4.874667358398437500e+01
4.835909652709960938e+01
4.797152328491210938e+01
4.758395767211914062e+01
4.719639205932617188e+01
4.680881881713867188e+01
4.642124938964843750e+01
4.603367996215820312e+01
4.564611816406250000e+01
4.525854873657226562e+01
4.487096786499023438e+01
4.448339843750000000e+01
4.409583663940429688e+01
4.370827102661132812e+01
4.332069778442382812e+01
4.293312454223632812e+01
4.254555511474609375e+01
4.215799331665039062e+01
4.177042007446289062e+01
4.138285064697265625e+01
4.099527740478515625e+01
4.060771560668945312e+01
4.022014617919921875e+01
3.983257293701171875e+01
3.944500350952148438e+01
3.905743789672851562e+01
3.866986846923828125e+01
3.828229522705078125e+01
