8.202302551269531250e+01
8.157685089111328125e+01
8.113067626953125000e+01
8.068450927734375000e+01
8.023834228515625000e+01
7.979217529296875000e+01
7.934600067138671875e+01
7.889982604980468750e+01
7.845366668701171875e+01
7.800748443603515625e+01
7.756132507324218750e+01
7.711515808105468750e+01
7.666898345947265625e+01
7.622280883789062500e+01
7.577664184570312500e+01
7.533047485351562500e+01
7.488430023193359375e+01
7.443814086914062500e+01
7.399196624755859375e+01
7.354579925537109375e+01
7.309962463378906250e+01
7.265345001220703125e+01
7.220728302001953125e+01
7.176110839843750000e+01
7.131494903564453125e+01
7.086878204345703125e+01
7.042260742187500000e+01
6.997644042968750000e+01
6.953026580810546875e+01
6.908409118652343750e+01
6.863792419433593750e+01
6.819175720214843750e+01
6.774558258056640625e+01
6.729941558837890625e+01
6.685324859619140625e+01
6.640708160400390625e+01
6.596090698242187500e+01
6.551473999023437500e+01
6.506857299804687500e+01
6.462240600585937500e+01
6.417623138427734375e+01
6.373006439208984375e+01
6.328388977050781250e+01
6.283771896362304688e+01
6.239154815673828125e+01
6.194537353515625000e+01
6.149921035766601562e+01
6.105303955078125000e+01
6.060687255859375000e+01
6.016069793701171875e+01
5.971453857421875000e+01
5.926836013793945312e+01
5.882219696044921875e+01
5.837602233886718750e+01
5.792985534667968750e+01
5.748368453979492188e+01
5.703751373291015625e+01
5.659134292602539062e+01
5.614517211914062500e+01
5.569900894165039062e+01
5.525283432006835938e+01
5.480666351318359375e+01
5.436049270629882812e+01
5.391432952880859375e+01
5.346815490722656250e+01
5.302198410034179688e+01
5.257581329345703125e+01
5.212965011596679688e+01
5.168347549438476562e+01
5.123730468750000000e+01
5.079113388061523438e+01
5.034495925903320312e+01
4.989879608154296875e+01
4.945262527465820312e+01
4.900645446777343750e+01
4.856028366088867188e+01
4.811411666870117188e+01
4.766794586181640625e+01
4.722177505493164062e+01
4.677560806274414062e+01
4.632944107055664062e+01
4.588327026367187500e+01
4.543710327148437500e+01
4.499092864990234375e+01
4.454476547241210938e+01
4.409859466552734375e+01
4.365242004394531250e+01
4.320624923706054688e+01
4.276007843017578125e+01
4.231391143798828125e+01
4.186774063110351562e+01
4.142156982421875000e+01
4.097539901733398438e+01
4.052923583984375000e+01
4.008306121826171875e+01
3.963689041137695312e+01
3.919072341918945312e+01
3.874456024169921875e+01
3.829838180541992188e+01
3.785221862792968750e+01
