8.003400421142578125e+01
7.960055541992187500e+01
7.916709136962890625e+01
7.873364257812500000e+01
7.830018615722656250e+01
7.786673736572265625e+01
7.743328094482421875e+01
7.699981689453125000e+01
7.656637573242187500e+01
7.613291168212890625e+01
7.569946289062500000e+01
7.526599884033203125e+01
7.483255004882812500e+01
7.439909362792968750e+01
7.396563720703125000e+01
7.353218841552734375e+01
7.309873199462890625e+01
7.266527557373046875e+01
7.223182678222656250e+01
7.179837036132812500e+01
7.136491394042968750e+01
7.093145751953125000e+01
7.049800109863281250e+01
7.006454467773437500e+01
6.963109588623046875e+01
6.919763946533203125e+01
6.876419067382812500e+01
6.833073425292968750e+01
6.789727783203125000e+01
6.746382141113281250e+01
6.703037261962890625e+01
6.659690856933593750e+01
6.616345214843750000e+01
6.573000335693359375e+01
6.529654693603515625e+01
6.486309051513671875e+01
6.442963409423828125e+01
6.399618911743164062e+01
6.356272506713867188e+01
6.312927627563476562e+01
6.269581985473632812e+01
6.226236724853515625e+01
6.182891082763671875e+01
6.139545440673828125e+01
6.096200180053710938e+01
6.052854156494140625e+01
6.009509277343750000e+01
5.966163253784179688e+01
5.922817993164062500e+01
5.879472732543945312e+01
5.836127471923828125e+01
5.792781829833984375e+01
5.749435806274414062e+01
5.706089782714843750e+01
5.662745285034179688e+01
5.619400024414062500e+01
5.576054000854492188e+01
5.532708740234375000e+01
5.489362716674804688e+01
5.446017837524414062e+01
5.402672195434570312e+01
5.359326553344726562e+01
5.315981292724609375e+01
5.272636032104492188e+01
5.229290771484375000e+01
5.185944366455078125e+01
5.142599487304687500e+01
5.099253845214843750e+01
5.055908584594726562e+01
5.012563323974609375e+01
4.969217681884765625e+01
4.925872039794921875e+01
4.882526397705078125e+01
4.839181137084960938e+01
4.795835876464843750e+01
4.752489852905273438e+01
4.709144592285156250e+01
4.665799331665039062e+01
4.622454071044921875e+01
4.579108047485351562e+01
4.535762786865234375e+01
4.492417144775390625e+01
4.449071884155273438e+01
4.405726623535156250e+01
4.362381362915039062e+01
4.319035339355468750e+01
4.275689697265625000e+01
4.232344055175781250e+01
4.188998794555664062e+01
4.145653915405273438e+01
4.102307891845703125e+01
4.058962631225585938e+01
4.015616607666015625e+01
3.972271728515625000e+01
3.928926086425781250e+01
3.885580444335937500e+01
3.842235183715820312e+01
3.798889923095703125e+01
3.755544662475585938e+01
3.712198257446289062e+01
