7.689630889892578125e+01
7.650354003906250000e+01
7.611077117919921875e+01
7.571800231933593750e+01
7.532523345947265625e+01
7.493244934082031250e+01
7.453968811035156250e+01
7.414691162109375000e+01
7.375414276123046875e+01
7.336137390136718750e+01
7.296861267089843750e+01
7.257582855224609375e+01
7.218305969238281250e+01
7.179029846191406250e+01
7.139752197265625000e+01
7.100475311279296875e+01
7.061198425292968750e+01
7.021920776367187500e+01
6.982643890380859375e+01
6.943367004394531250e+01
6.904089355468750000e+01
6.864812469482421875e+01
6.825534820556640625e+01
6.786258697509765625e+01
6.746981048583984375e+01
6.707704925537109375e+01
6.668426513671875000e+01
6.629149627685546875e+01
6.589873504638671875e+01
6.550595855712890625e+01
6.511318969726562500e+01
6.472042083740234375e+01
6.432765197753906250e+01
6.393487930297851562e+01
6.354210662841796875e+01
6.314933776855468750e+01
6.275656127929687500e+01
6.236379623413085938e+01
6.197102355957031250e+01
6.157825088500976562e+01
6.118548202514648438e+01
6.079271316528320312e+01
6.039993667602539062e+01
6.000716400146484375e+01
5.961439895629882812e+01
5.922163009643554688e+01
5.882886123657226562e+01
5.843608474731445312e+01
5.804331207275390625e+01
5.765054702758789062e+01
5.725777435302734375e+01
5.686500549316406250e+01
5.647223281860351562e+01
5.607946014404296875e+01
5.568669128417968750e+01
5.529391860961914062e+01
5.490114974975585938e+01
5.450837707519531250e+01
5.411560058593750000e+01
5.372283554077148438e+01
5.333006668090820312e+01
5.293729400634765625e+01
5.254452514648437500e+01
5.215174865722656250e+01
5.175898361206054688e+01
5.136621093750000000e+01
5.097344207763671875e+01
5.058066940307617188e+01
5.018789672851562500e+01
4.979512405395507812e+01
4.940235519409179688e+01
4.900958633422851562e+01
4.861682128906250000e+01
4.822404861450195312e+01
4.783127212524414062e+01
4.743850326538085938e+01
4.704573059082031250e+01
4.665296173095703125e+01
4.626018905639648438e+01
4.586742019653320312e+01
4.547465133666992188e+01
4.508187866210937500e+01
4.468910598754882812e+01
4.429633712768554688e+01
4.390357208251953125e+01
4.351079559326171875e+01
4.311802291870117188e+01
4.272525405883789062e+01
4.233248519897460938e+01
4.193971252441406250e+01
4.154693603515625000e+01
4.115417098999023438e+01
4.076139831542968750e+01
4.036863327026367188e+01
3.997586059570312500e+01
3.958308410644531250e+01
3.919031524658203125e+01
3.879754638671875000e+01
3.840477752685546875e+01
3.801200866699218750e+01
