7.654871368408203125e+01
7.616709899902343750e+01
7.578548431396484375e+01
7.540386962890625000e+01
7.502224731445312500e+01
7.464063262939453125e+01
7.425901794433593750e+01
7.387740325927734375e+01
7.349579620361328125e+01
7.311417388916015625e+01
7.273255920410156250e+01
7.235093688964843750e+01
7.196932983398437500e+01
7.158770751953125000e+01
7.120609283447265625e+01
7.082447814941406250e+01
7.044286346435546875e+01
7.006124877929687500e+01
6.967962646484375000e+01
6.929801940917968750e+01
6.891639709472656250e+01
6.853479003906250000e+01
6.815317535400390625e+01
6.777154541015625000e+01
6.738993835449218750e+01
6.700831604003906250e+01
6.662670135498046875e+01
6.624509429931640625e+01
6.586347198486328125e+01
6.548185729980468750e+01
6.510024261474609375e+01
6.471862792968750000e+01
6.433700561523437500e+01
6.395539855957031250e+01
6.357377624511718750e+01
6.319216156005859375e+01
6.281054687500000000e+01
6.242892837524414062e+01
6.204732131958007812e+01
6.166569900512695312e+01
6.128408432006835938e+01
6.090246963500976562e+01
6.052085494995117188e+01
6.013923263549804688e+01
5.975761795043945312e+01
5.937599945068359375e+01
5.899439239501953125e+01
5.861277389526367188e+01
5.823115539550781250e+01
5.784954071044921875e+01
5.746792984008789062e+01
5.708630752563476562e+01
5.670469665527343750e+01
5.632307815551757812e+01
5.594146347045898438e+01
5.555984878540039062e+01
5.517823028564453125e+01
5.479661560058593750e+01
5.441499710083007812e+01
5.403338241577148438e+01
5.365176391601562500e+01
5.327015304565429688e+01
5.288853073120117188e+01
5.250692367553710938e+01
5.212530517578125000e+01
5.174369049072265625e+01
5.136207199096679688e+01
5.098046112060546875e+01
5.059883880615234375e+01
5.021722793579101562e+01
4.983560943603515625e+01
4.945399093627929688e+01
4.907238006591796875e+01
4.869076538085937500e+01
4.830914306640625000e+01
4.792753219604492188e+01
4.754591369628906250e+01
4.716429901123046875e+01
4.678268432617187500e+01
4.640106964111328125e+01
4.601945495605468750e+01
4.563783645629882812e+01
4.525621795654296875e+01
4.487460327148437500e+01
4.449299240112304688e+01
4.411137390136718750e+01
4.372975921630859375e+01
4.334814071655273438e+01
4.296652221679687500e+01
4.258490753173828125e+01
4.220329284667968750e+01
4.182167434692382812e+01
4.144006347656250000e+01
4.105844879150390625e+01
4.067683410644531250e+01
4.029521560668945312e+01
3.991359710693359375e+01
3.953198623657226562e+01
3.915036773681640625e+01
3.876874923706054688e+01
