8.077889251708984375e+01
8.033646392822265625e+01
7.989402770996093750e+01
7.945159912109375000e+01
7.900917053222656250e+01
7.856673431396484375e+01
7.812431335449218750e+01
7.768187713623046875e+01
7.723945617675781250e+01
7.679701232910156250e+01
7.635459136962890625e+01
7.591215515136718750e+01
7.546973419189453125e+01
7.502729797363281250e+01
7.458486175537109375e+01
7.414244079589843750e+01
7.369999694824218750e+01
7.325757598876953125e+01
7.281513977050781250e+01
7.237271881103515625e+01
7.193028259277343750e+01
7.148786163330078125e+01
7.104542541503906250e+01
7.060298156738281250e+01
7.016055297851562500e+01
6.971812438964843750e+01
6.927570343017578125e+01
6.883326721191406250e+01
6.839084625244140625e+01
6.794841003417968750e+01
6.750598144531250000e+01
6.706354522705078125e+01
6.662111663818359375e+01
6.617868804931640625e+01
6.573625946044921875e+01
6.529383087158203125e+01
6.485139465332031250e+01
6.440896606445312500e+01
6.396653747558593750e+01
6.352410888671875000e+01
6.308168029785156250e+01
6.263925170898437500e+01
6.219681930541992188e+01
6.175439071655273438e+01
6.131195449829101562e+01
6.086952209472656250e+01
6.042709732055664062e+01
5.998466491699218750e+01
5.954223251342773438e+01
5.909980392456054688e+01
5.865737533569335938e+01
5.821494674682617188e+01
5.777251052856445312e+01
5.733008193969726562e+01
5.688765716552734375e+01
5.644522476196289062e+01
5.600279235839843750e+01
5.556036758422851562e+01
5.511793136596679688e+01
5.467549896240234375e+01
5.423307037353515625e+01
5.379064178466796875e+01
5.334820938110351562e+01
5.290578460693359375e+01
5.246335220336914062e+01
5.202092361450195312e+01
5.157849121093750000e+01
5.113606262207031250e+01
5.069363403320312500e+01
5.025120162963867188e+01
4.980876922607421875e+01
4.936633682250976562e+01
4.892391204833984375e+01
4.848147964477539062e+01
4.803904724121093750e+01
4.759661865234375000e+01
4.715418624877929688e+01
4.671175765991210938e+01
4.626932907104492188e+01
4.582689666748046875e+01
4.538446807861328125e+01
4.494203948974609375e+01
4.449961090087890625e+01
4.405717086791992188e+01
4.361474990844726562e+01
4.317232131958007812e+01
4.272988128662109375e+01
4.228745269775390625e+01
4.184502410888671875e+01
4.140259552001953125e+01
4.096016311645507812e+01
4.051773452758789062e+01
4.007530212402343750e+01
3.963286972045898438e+01
3.919044494628906250e+01
3.874801254272460938e+01
3.830558013916015625e+01
3.786315155029296875e+01
3.742072677612304688e+01
3.697829055786132812e+01
