7.942289733886718750e+01
7.900260162353515625e+01
7.858231353759765625e+01
7.816203308105468750e+01
7.774173736572265625e+01
7.732144165039062500e+01
7.690114593505859375e+01
7.648085784912109375e+01
7.606057739257812500e+01
7.564028167724609375e+01
7.522000122070312500e+01
7.479969787597656250e+01
7.437941741943359375e+01
7.395911407470703125e+01
7.353882598876953125e+01
7.311853790283203125e+01
7.269824218750000000e+01
7.227796173095703125e+01
7.185766601562500000e+01
7.143737792968750000e+01
7.101708221435546875e+01
7.059679412841796875e+01
7.017650604248046875e+01
6.975621795654296875e+01
6.933592224121093750e+01
6.891564178466796875e+01
6.849534606933593750e+01
6.807505798339843750e+01
6.765476226806640625e+01
6.723446655273437500e+01
6.681418609619140625e+01
6.639389038085937500e+01
6.597360229492187500e+01
6.555331420898437500e+01
6.513302612304687500e+01
6.471273803710937500e+01
6.429244232177734375e+01
6.387214660644531250e+01
6.345185852050781250e+01
6.303157424926757812e+01
6.261128234863281250e+01
6.219099044799804688e+01
6.177069473266601562e+01
6.135040664672851562e+01
6.093011856079101562e+01
6.050981903076171875e+01
6.008953857421875000e+01
5.966924667358398438e+01
5.924895858764648438e+01
5.882866287231445312e+01
5.840837478637695312e+01
5.798808670043945312e+01
5.756779479980468750e+01
5.714749908447265625e+01
5.672721481323242188e+01
5.630692672729492188e+01
5.588663101196289062e+01
5.546634292602539062e+01
5.504605102539062500e+01
5.462576675415039062e+01
5.420547103881835938e+01
5.378517913818359375e+01
5.336489105224609375e+01
5.294460296630859375e+01
5.252431106567382812e+01
5.210402297973632812e+01
5.168372726440429688e+01
5.126344299316406250e+01
5.084314727783203125e+01
5.042285919189453125e+01
5.000257110595703125e+01
4.958227920532226562e+01
4.916198348999023438e+01
4.874169540405273438e+01
4.832140731811523438e+01
4.790110778808593750e+01
4.748082733154296875e+01
4.706053924560546875e+01
4.664024353027343750e+01
4.621995162963867188e+01
4.579966354370117188e+01
4.537937545776367188e+01
4.495908737182617188e+01
4.453879165649414062e+01
4.411850357055664062e+01
4.369821166992187500e+01
4.327792358398437500e+01
4.285762405395507812e+01
4.243733978271484375e+01
4.201705169677734375e+01
4.159675598144531250e+01
4.117646789550781250e+01
4.075617599487304688e+01
4.033589172363281250e+01
3.991559982299804688e+01
3.949531173706054688e+01
3.907501602172851562e+01
3.865473175048828125e+01
3.823443603515625000e+01
3.781414794921875000e+01
