8.021068572998046875e+01
7.979498291015625000e+01
7.937928009033203125e+01
7.896357727050781250e+01
7.854788208007812500e+01
7.813218688964843750e+01
7.771648406982421875e+01
7.730078125000000000e+01
7.688508605957031250e+01
7.646938323974609375e+01
7.605368804931640625e+01
7.563798522949218750e+01
7.522228240966796875e+01
7.480659484863281250e+01
7.439089202880859375e+01
7.397518920898437500e+01
7.355948638916015625e+01
7.314379119873046875e+01
7.272809600830078125e+01
7.231239318847656250e+01
7.189669036865234375e+01
7.148098754882812500e+01
7.106529235839843750e+01
7.064958953857421875e+01
7.023389434814453125e+01
6.981818389892578125e+01
6.940248107910156250e+01
6.898677825927734375e+01
6.857109069824218750e+01
6.815538024902343750e+01
6.773968505859375000e+01
6.732398986816406250e+01
6.690827941894531250e+01
6.649259185791015625e+01
6.607688903808593750e+01
6.566119384765625000e+01
6.524549102783203125e+01
6.482979583740234375e+01
6.441409301757812500e+01
6.399838638305664062e+01
6.358268737792968750e+01
6.316699218750000000e+01
6.275128936767578125e+01
6.233558654785156250e+01
6.191988372802734375e+01
6.150418853759765625e+01
6.108848953247070312e+01
6.067279052734375000e+01
6.025708770751953125e+01
5.984138488769531250e+01
5.942568969726562500e+01
5.900999069213867188e+01
5.859428787231445312e+01
5.817858886718750000e+01
5.776288986206054688e+01
5.734718704223632812e+01
5.693149185180664062e+01
5.651578903198242188e+01
5.610008621215820312e+01
5.568439102172851562e+01
5.526868820190429688e+01
5.485298919677734375e+01
5.443729019165039062e+01
5.402159118652343750e+01
5.360589218139648438e+01
5.319018936157226562e+01
5.277448654174804688e+01
5.235878753662109375e+01
5.194308853149414062e+01
5.152738952636718750e+01
5.111168670654296875e+01
5.069598388671875000e+01
5.028028869628906250e+01
4.986459350585937500e+01
4.944889068603515625e+01
4.903318786621093750e+01
4.861749267578125000e+01
4.820179367065429688e+01
4.778609085083007812e+01
4.737039184570312500e+01
4.695469284057617188e+01
4.653899383544921875e+01
4.612328720092773438e+01
4.570758819580078125e+01
4.529188919067382812e+01
4.487619400024414062e+01
4.446048736572265625e+01
4.404479217529296875e+01
4.362908554077148438e+01
4.321339416503906250e+01
4.279769134521484375e+01
4.238199234008789062e+01
4.196628952026367188e+01
4.155059051513671875e+01
4.113489151000976562e+01
4.071919250488281250e+01
4.030349349975585938e+01
3.988779830932617188e+01
3.947209548950195312e+01
3.905638885498046875e+01
