7.651914978027343750e+01
7.613354492187500000e+01
7.574795532226562500e+01
7.536235046386718750e+01
7.497676086425781250e+01
7.459115600585937500e+01
7.420555877685546875e+01
7.381996154785156250e+01
7.343436431884765625e+01
7.304876708984375000e+01
7.266316986083984375e+01
7.227756500244140625e+01
7.189196777343750000e+01
7.150637817382812500e+01
7.112078094482421875e+01
7.073517608642578125e+01
7.034957885742187500e+01
6.996398162841796875e+01
6.957838439941406250e+01
6.919277954101562500e+01
6.880718994140625000e+01
6.842159271240234375e+01
6.803599548339843750e+01
6.765039062500000000e+01
6.726479339599609375e+01
6.687918853759765625e+01
6.649359130859375000e+01
6.610800170898437500e+01
6.572240447998046875e+01
6.533680725097656250e+01
6.495121002197265625e+01
6.456561279296875000e+01
6.418000793457031250e+01
6.379441452026367188e+01
6.340882110595703125e+01
6.302322006225585938e+01
6.263761901855468750e+01
6.225202178955078125e+01
6.186642074584960938e+01
6.148081970214843750e+01
6.109522628784179688e+01
6.070962905883789062e+01
6.032403182983398438e+01
5.993843841552734375e+01
5.955283737182617188e+01
5.916723251342773438e+01
5.878163909912109375e+01
5.839603805541992188e+01
5.801044082641601562e+01
5.762484359741210938e+01
5.723925018310546875e+01
5.685364913940429688e+01
5.646805191040039062e+01
5.608245086669921875e+01
5.569685363769531250e+01
5.531125259399414062e+01
5.492565536499023438e+01
5.454005432128906250e+01
5.415446090698242188e+01
5.376886749267578125e+01
5.338326644897460938e+01
5.299766921997070312e+01
5.261207199096679688e+01
5.222647476196289062e+01
5.184087371826171875e+01
5.145527648925781250e+01
5.106967163085937500e+01
5.068408203125000000e+01
5.029848480224609375e+01
4.991288375854492188e+01
4.952729034423828125e+01
4.914168930053710938e+01
4.875608825683593750e+01
4.837049102783203125e+01
4.798488998413085938e+01
4.759929656982421875e+01
4.721369934082031250e+01
4.682810211181640625e+01
4.644250106811523438e+01
4.605690765380859375e+01
4.567130279541015625e+01
4.528570938110351562e+01
4.490010833740234375e+01
4.451450729370117188e+01
4.412891387939453125e+01
4.374331665039062500e+01
4.335771942138671875e+01
4.297211837768554688e+01
4.258652114868164062e+01
4.220092010498046875e+01
4.181532669067382812e+01
4.142972564697265625e+01
4.104412841796875000e+01
4.065853118896484375e+01
4.027293395996093750e+01
3.988733673095703125e+01
3.950173568725585938e+01
3.911614227294921875e+01
3.873053741455078125e+01
3.834494018554687500e+01
