7.925432586669921875e+01
7.883020019531250000e+01
7.840608215332031250e+01
7.798197174072265625e+01
7.755785369873046875e+01
7.713373565673828125e+01
7.670960998535156250e+01
7.628549194335937500e+01
7.586137390136718750e+01
7.543724822998046875e+01
7.501313018798828125e+01
7.458901214599609375e+01
7.416490173339843750e+01
7.374078369140625000e+01
7.331666564941406250e+01
7.289254760742187500e+01
7.246842956542968750e+01
7.204431152343750000e+01
7.162018585205078125e+01
7.119606781005859375e+01
7.077194976806640625e+01
7.034783172607421875e+01
6.992371368408203125e+01
6.949959564208984375e+01
6.907547760009765625e+01
6.865135192871093750e+01
6.822723388671875000e+01
6.780312347412109375e+01
6.737899780273437500e+01
6.695487213134765625e+01
6.653076934814453125e+01
6.610665130615234375e+01
6.568252563476562500e+01
6.525840759277343750e+01
6.483428955078125000e+01
6.441017150878906250e+01
6.398604965209960938e+01
6.356193923950195312e+01
6.313781356811523438e+01
6.271369552612304688e+01
6.228957366943359375e+01
6.186545944213867188e+01
6.144133758544921875e+01
6.101722335815429688e+01
6.059310150146484375e+01
6.016898345947265625e+01
5.974486160278320312e+01
5.932074737548828125e+01
5.889662551879882812e+01
5.847250747680664062e+01
5.804838943481445312e+01
5.762427139282226562e+01
5.720015335083007812e+01
5.677603530883789062e+01
5.635191345214843750e+01
5.592779541015625000e+01
5.550367736816406250e+01
5.507955932617187500e+01
5.465543746948242188e+01
5.423131942749023438e+01
5.380720520019531250e+01
5.338308334350585938e+01
5.295896148681640625e+01
5.253484344482421875e+01
5.211072540283203125e+01
5.168661117553710938e+01
5.126248550415039062e+01
5.083837509155273438e+01
5.041424942016601562e+01
4.999013137817382812e+01
4.956601715087890625e+01
4.914189529418945312e+01
4.871778106689453125e+01
4.829365539550781250e+01
4.786953735351562500e+01
4.744542312622070312e+01
4.702130508422851562e+01
4.659718704223632812e+01
4.617306137084960938e+01
4.574894714355468750e+01
4.532483291625976562e+01
4.490071105957031250e+01
4.447658920288085938e+01
4.405246734619140625e+01
4.362835311889648438e+01
4.320423507690429688e+01
4.278011703491210938e+01
4.235599517822265625e+01
4.193187332153320312e+01
4.150776290893554688e+01
4.108364105224609375e+01
4.065952301025390625e+01
4.023540115356445312e+01
3.981128692626953125e+01
3.938716888427734375e+01
3.896304702758789062e+01
3.853892898559570312e+01
3.811481094360351562e+01
3.769069671630859375e+01
3.726657104492187500e+01
