8.130525970458984375e+01
8.085295104980468750e+01
8.040067291259765625e+01
7.994838714599609375e+01
7.949609375000000000e+01
7.904381561279296875e+01
7.859151458740234375e+01
7.813923645019531250e+01
7.768695068359375000e+01
7.723465728759765625e+01
7.678237152099609375e+01
7.633007812500000000e+01
7.587779998779296875e+01
7.542549896240234375e+01
7.497322845458984375e+01
7.452093505859375000e+01
7.406864166259765625e+01
7.361635589599609375e+01
7.316406250000000000e+01
7.271178436279296875e+01
7.225948333740234375e+01
7.180721282958984375e+01
7.135491943359375000e+01
7.090263366699218750e+01
7.045034027099609375e+01
6.999806213378906250e+01
6.954576873779296875e+01
6.909348297119140625e+01
6.864119720458984375e+01
6.818890380859375000e+01
6.773661041259765625e+01
6.728432464599609375e+01
6.683203887939453125e+01
6.637975311279296875e+01
6.592746734619140625e+01
6.547518157958984375e+01
6.502288818359375000e+01
6.457060241699218750e+01
6.411830902099609375e+01
6.366602325439453125e+01
6.321373367309570312e+01
6.276144409179687500e+01
6.230915832519531250e+01
6.185687637329101562e+01
6.140458679199218750e+01
6.095229721069335938e+01
6.050000762939453125e+01
6.004771804809570312e+01
5.959542846679687500e+01
5.914314270019531250e+01
5.869086074829101562e+01
5.823856735229492188e+01
5.778628158569335938e+01
5.733399200439453125e+01
5.688171005249023438e+01
5.642941665649414062e+01
5.597712707519531250e+01
5.552484512329101562e+01
5.507255172729492188e+01
5.462026596069335938e+01
5.416797637939453125e+01
5.371569442749023438e+01
5.326339721679687500e+01
5.281111907958984375e+01
5.235882949829101562e+01
5.190653610229492188e+01
5.145425033569335938e+01
5.100196456909179688e+01
5.054967880249023438e+01
5.009738159179687500e+01
4.964510345458984375e+01
4.919281387329101562e+01
4.874052810668945312e+01
4.828823471069335938e+01
4.783594512939453125e+01
4.738366317749023438e+01
4.693137359619140625e+01
4.647908782958984375e+01
4.602679824829101562e+01
4.557451248168945312e+01
4.512222671508789062e+01
4.466993331909179688e+01
4.421764755249023438e+01
4.376535415649414062e+01
4.331307601928710938e+01
4.286078643798828125e+01
4.240849685668945312e+01
4.195620346069335938e+01
4.150391769409179688e+01
4.105163192749023438e+01
4.059934234619140625e+01
4.014705657958984375e+01
3.969476699829101562e+01
3.924248123168945312e+01
3.879019546508789062e+01
3.833790588378906250e+01
3.788561630249023438e+01
3.743332672119140625e+01
3.698104476928710938e+01
3.652875137329101562e+01
