7.727835845947265625e+01
7.687361145019531250e+01
7.646885681152343750e+01
7.606411743164062500e+01
7.565936279296875000e+01
7.525460815429687500e+01
7.484987640380859375e+01
7.444512176513671875e+01
7.404037475585937500e+01
7.363562774658203125e+01
7.323087310791015625e+01
7.282613372802734375e+01
7.242137145996093750e+01
7.201662445068359375e+01
7.161188507080078125e+01
7.120713043212890625e+01
7.080238342285156250e+01
7.039764404296875000e+01
6.999288940429687500e+01
6.958814239501953125e+01
6.918338775634765625e+01
6.877864074707031250e+01
6.837389373779296875e+01
6.796915435791015625e+01
6.756439971923828125e+01
6.715964508056640625e+01
6.675490570068359375e+01
6.635015869140625000e+01
6.594540405273437500e+01
6.554065704345703125e+01
6.513591003417968750e+01
6.473116302490234375e+01
6.432640838623046875e+01
6.392167282104492188e+01
6.351691818237304688e+01
6.311216354370117188e+01
6.270742034912109375e+01
6.230267333984375000e+01
6.189792251586914062e+01
6.149317550659179688e+01
6.108842849731445312e+01
6.068368148803710938e+01
6.027893829345703125e+01
5.987418365478515625e+01
5.946943283081054688e+01
5.906468200683593750e+01
5.865993881225585938e+01
5.825519180297851562e+01
5.785043716430664062e+01
5.744569015502929688e+01
5.704094696044921875e+01
5.663619613647460938e+01
5.623144531250000000e+01
5.582669830322265625e+01
5.542195129394531250e+01
5.501720428466796875e+01
5.461245727539062500e+01
5.420770645141601562e+01
5.380295181274414062e+01
5.339821243286132812e+01
5.299346160888671875e+01
5.258871841430664062e+01
5.218395996093750000e+01
5.177922058105468750e+01
5.137446975708007812e+01
5.096971893310546875e+01
5.056497192382812500e+01
5.016022109985351562e+01
4.975547790527343750e+01
4.935072708129882812e+01
4.894597625732421875e+01
4.854122924804687500e+01
4.813648605346679688e+01
4.773173522949218750e+01
4.732698440551757812e+01
4.692223739624023438e+01
4.651749038696289062e+01
4.611274337768554688e+01
4.570799255371093750e+01
4.530324172973632812e+01
4.489849853515625000e+01
4.449375152587890625e+01
4.408900070190429688e+01
4.368424987792968750e+01
4.327950286865234375e+01
4.287475967407226562e+01
4.247001266479492188e+01
4.206525802612304688e+01
4.166050720214843750e+01
4.125576400756835938e+01
4.085101699829101562e+01
4.044626617431640625e+01
4.004151535034179688e+01
3.963677215576171875e+01
3.923202133178710938e+01
3.882727050781250000e+01
3.842252349853515625e+01
3.801777648925781250e+01
3.761302947998046875e+01
3.720827865600585938e+01
