7.805325317382812500e+01
7.765790557861328125e+01
7.726255798339843750e+01
7.686720275878906250e+01
7.647185516357421875e+01
7.607649993896484375e+01
7.568114471435546875e+01
7.528579711914062500e+01
7.489044952392578125e+01
7.449510192871093750e+01
7.409974670410156250e+01
7.370439910888671875e+01
7.330904388427734375e+01
7.291370391845703125e+01
7.251834106445312500e+01
7.212300109863281250e+01
7.172763824462890625e+01
7.133229827880859375e+01
7.093694305419921875e+01
7.054159545898437500e+01
7.014624786376953125e+01
6.975089263916015625e+01
6.935554504394531250e+01
6.896019744873046875e+01
6.856484222412109375e+01
6.816949462890625000e+01
6.777413940429687500e+01
6.737879943847656250e+01
6.698343658447265625e+01
6.658809661865234375e+01
6.619274139404296875e+01
6.579739379882812500e+01
6.540203094482421875e+01
6.500669097900390625e+01
6.461133575439453125e+01
6.421598815917968750e+01
6.382063293457031250e+01
6.342528915405273438e+01
6.302993774414062500e+01
6.263458251953125000e+01
6.223923492431640625e+01
6.184388351440429688e+01
6.144853210449218750e+01
6.105318450927734375e+01
6.065783309936523438e+01
6.026248168945312500e+01
5.986713027954101562e+01
5.947178268432617188e+01
5.907643127441406250e+01
5.868107986450195312e+01
5.828573226928710938e+01
5.789038467407226562e+01
5.749502944946289062e+01
5.709967803955078125e+01
5.670433044433593750e+01
5.630897903442382812e+01
5.591362762451171875e+01
5.551827621459960938e+01
5.512292480468750000e+01
5.472757720947265625e+01
5.433222579956054688e+01
5.393687438964843750e+01
5.354152297973632812e+01
5.314617538452148438e+01
5.275082778930664062e+01
5.235547256469726562e+01
5.196012496948242188e+01
5.156477355957031250e+01
5.116942214965820312e+01
5.077407073974609375e+01
5.037872314453125000e+01
4.998336791992187500e+01
4.958802413940429688e+01
4.919267272949218750e+01
4.879732131958007812e+01
4.840196990966796875e+01
4.800662231445312500e+01
4.761127090454101562e+01
4.721591567993164062e+01
4.682056427001953125e+01
4.642522048950195312e+01
4.602986907958984375e+01
4.563451385498046875e+01
4.523916244506835938e+01
4.484381103515625000e+01
4.444846343994140625e+01
4.405311203002929688e+01
4.365776443481445312e+01
4.326240921020507812e+01
4.286706161499023438e+01
4.247171020507812500e+01
4.207635879516601562e+01
4.168100738525390625e+01
4.128565979003906250e+01
4.089031219482421875e+01
4.049496078491210938e+01
4.009960556030273438e+01
3.970425796508789062e+01
3.930890655517578125e+01
3.891355514526367188e+01
