7.870332336425781250e+01
7.829123687744140625e+01
7.787914276123046875e+01
7.746705627441406250e+01
7.705496978759765625e+01
7.664287567138671875e+01
7.623079681396484375e+01
7.581870269775390625e+01
7.540662384033203125e+01
7.499452972412109375e+01
7.458244323730468750e+01
7.417035675048828125e+01
7.375826263427734375e+01
7.334617614746093750e+01
7.293409729003906250e+01
7.252200317382812500e+01
7.210991668701171875e+01
7.169783020019531250e+01
7.128574371337890625e+01
7.087365722656250000e+01
7.046156311035156250e+01
7.004947662353515625e+01
6.963738250732421875e+01
6.922529602050781250e+01
6.881320953369140625e+01
6.840112304687500000e+01
6.798903656005859375e+01
6.757694244384765625e+01
6.716485595703125000e+01
6.675276184082031250e+01
6.634068298339843750e+01
6.592859649658203125e+01
6.551651000976562500e+01
6.510442352294921875e+01
6.469233703613281250e+01
6.428024291992187500e+01
6.386814880371093750e+01
6.345606994628906250e+01
6.304397964477539062e+01
6.263188934326171875e+01
6.221980285644531250e+01
6.180771636962890625e+01
6.139562988281250000e+01
6.098353958129882812e+01
6.057145309448242188e+01
6.015936279296875000e+01
5.974727630615234375e+01
5.933518981933593750e+01
5.892309951782226562e+01
5.851101303100585938e+01
5.809892654418945312e+01
5.768684005737304688e+01
5.727474975585937500e+01
5.686265945434570312e+01
5.645057678222656250e+01
5.603848266601562500e+01
5.562639617919921875e+01
5.521431350708007812e+01
5.480221939086914062e+01
5.439013290405273438e+01
5.397804641723632812e+01
5.356595611572265625e+01
5.315386962890625000e+01
5.274178314208984375e+01
5.232969665527343750e+01
5.191761016845703125e+01
5.150551605224609375e+01
5.109342956542968750e+01
5.068134307861328125e+01
5.026924896240234375e+01
4.985716247558593750e+01
4.944507980346679688e+01
4.903299331665039062e+01
4.862089920043945312e+01
4.820881271362304688e+01
4.779672622680664062e+01
4.738463973999023438e+01
4.697255325317382812e+01
4.656045913696289062e+01
4.614837646484375000e+01
4.573628997802734375e+01
4.532419586181640625e+01
4.491210937500000000e+01
4.450002288818359375e+01
4.408793640136718750e+01
4.367584991455078125e+01
4.326375961303710938e+01
4.285166549682617188e+01
4.243958282470703125e+01
4.202749633789062500e+01
4.161540985107421875e+01
4.120331954956054688e+01
4.079122924804687500e+01
4.037914276123046875e+01
3.996705627441406250e+01
3.955496978759765625e+01
3.914287948608398438e+01
3.873079299926757812e+01
3.831870651245117188e+01
3.790661239624023438e+01
