8.055604553222656250e+01
8.011650085449218750e+01
7.967695617675781250e+01
7.923740386962890625e+01
7.879785919189453125e+01
7.835829925537109375e+01
7.791874694824218750e+01
7.747920227050781250e+01
7.703965759277343750e+01
7.660011291503906250e+01
7.616055297851562500e+01
7.572100067138671875e+01
7.528145599365234375e+01
7.484190368652343750e+01
7.440235900878906250e+01
7.396279907226562500e+01
7.352324676513671875e+01
7.308370208740234375e+01
7.264414978027343750e+01
7.220459747314453125e+01
7.176504516601562500e+01
7.132550048828125000e+01
7.088595581054687500e+01
7.044640350341796875e+01
7.000684356689453125e+01
6.956729888916015625e+01
6.912774658203125000e+01
6.868820190429687500e+01
6.824865722656250000e+01
6.780909729003906250e+01
6.736954498291015625e+01
6.693000030517578125e+01
6.649045562744140625e+01
6.605089569091796875e+01
6.561135101318359375e+01
6.517179870605468750e+01
6.473224639892578125e+01
6.429270172119140625e+01
6.385314941406250000e+01
6.341359329223632812e+01
6.297404861450195312e+01
6.253450012207031250e+01
6.209494400024414062e+01
6.165539550781250000e+01
6.121584701538085938e+01
6.077629470825195312e+01
6.033674240112304688e+01
5.989719390869140625e+01
5.945764541625976562e+01
5.901809310913085938e+01
5.857854843139648438e+01
5.813899612426757812e+01
5.769944000244140625e+01
5.725989532470703125e+01
5.682034683227539062e+01
5.638079833984375000e+01
5.594124603271484375e+01
5.550169372558593750e+01
5.506214141845703125e+01
5.462259292602539062e+01
5.418304824829101562e+01
5.374349212646484375e+01
5.330393981933593750e+01
5.286439514160156250e+01
5.242483901977539062e+01
5.198529052734375000e+01
5.154574203491210938e+01
5.110619354248046875e+01
5.066664123535156250e+01
5.022709274291992188e+01
4.978754043579101562e+01
4.934798812866210938e+01
4.890843963623046875e+01
4.846889114379882812e+01
4.802933502197265625e+01
4.758979034423828125e+01
4.715024185180664062e+01
4.671068572998046875e+01
4.627113723754882812e+01
4.583158493041992188e+01
4.539204025268554688e+01
4.495248794555664062e+01
4.451293563842773438e+01
4.407338714599609375e+01
4.363383865356445312e+01
4.319429016113281250e+01
4.275473403930664062e+01
4.231518936157226562e+01
4.187563705444335938e+01
4.143608474731445312e+01
4.099653625488281250e+01
4.055698394775390625e+01
4.011743927001953125e+01
3.967788696289062500e+01
3.923833465576171875e+01
3.879878616333007812e+01
3.835923385620117188e+01
3.791968917846679688e+01
3.748013305664062500e+01
3.704058456420898438e+01
