7.778721618652343750e+01
7.738475036621093750e+01
7.698228454589843750e+01
7.657981109619140625e+01
7.617734527587890625e+01
7.577486419677734375e+01
7.537239837646484375e+01
7.496994018554687500e+01
7.456745910644531250e+01
7.416498565673828125e+01
7.376251220703125000e+01
7.336004638671875000e+01
7.295758056640625000e+01
7.255509948730468750e+01
7.215263366699218750e+01
7.175015258789062500e+01
7.134768676757812500e+01
7.094522094726562500e+01
7.054274749755859375e+01
7.014028167724609375e+01
6.973780822753906250e+01
6.933533477783203125e+01
6.893286132812500000e+01
6.853038787841796875e+01
6.812792205810546875e+01
6.772545623779296875e+01
6.732298278808593750e+01
6.692051696777343750e+01
6.651803588867187500e+01
6.611556243896484375e+01
6.571309661865234375e+01
6.531062316894531250e+01
6.490815734863281250e+01
6.450568389892578125e+01
6.410321807861328125e+01
6.370074081420898438e+01
6.329827117919921875e+01
6.289580535888671875e+01
6.249332809448242188e+01
6.209085845947265625e+01
6.168838119506835938e+01
6.128591537475585938e+01
6.088344573974609375e+01
6.048097229003906250e+01
6.007850265502929688e+01
5.967603302001953125e+01
5.927356338500976562e+01
5.887108612060546875e+01
5.846861648559570312e+01
5.806614685058593750e+01
5.766367721557617188e+01
5.726120376586914062e+01
5.685873413085937500e+01
5.645626449584960938e+01
5.605379867553710938e+01
5.565132141113281250e+01
5.524885177612304688e+01
5.484637832641601562e+01
5.444390487670898438e+01
5.404143905639648438e+01
5.363896942138671875e+01
5.323649978637695312e+01
5.283402252197265625e+01
5.243155288696289062e+01
5.202908706665039062e+01
5.162660980224609375e+01
5.122414016723632812e+01
5.082167053222656250e+01
5.041920089721679688e+01
5.001672744750976562e+01
4.961425399780273438e+01
4.921178817749023438e+01
4.880931091308593750e+01
4.840684127807617188e+01
4.800437545776367188e+01
4.760189819335937500e+01
4.719943618774414062e+01
4.679696273803710938e+01
4.639448547363281250e+01
4.599201583862304688e+01
4.558954620361328125e+01
4.518707656860351562e+01
4.478460311889648438e+01
4.438213348388671875e+01
4.397966384887695312e+01
4.357719039916992188e+01
4.317472076416015625e+01
4.277225112915039062e+01
4.236977386474609375e+01
4.196730804443359375e+01
4.156483459472656250e+01
4.116236877441406250e+01
4.075989151000976562e+01
4.035742568969726562e+01
3.995495223999023438e+01
3.955247497558593750e+01
3.915000915527343750e+01
3.874753952026367188e+01
3.834506988525390625e+01
3.794260025024414062e+01
