8.131452941894531250e+01
8.086135101318359375e+01
8.040817260742187500e+01
7.995498657226562500e+01
7.950181579589843750e+01
7.904862213134765625e+01
7.859545135498046875e+01
7.814226531982421875e+01
7.768909454345703125e+01
7.723590850830078125e+01
7.678273773193359375e+01
7.632954406738281250e+01
7.587636566162109375e+01
7.542318725585937500e+01
7.497001647949218750e+01
7.451683044433593750e+01
7.406365203857421875e+01
7.361046600341796875e+01
7.315728759765625000e+01
7.270410919189453125e+01
7.225093841552734375e+01
7.179775238037109375e+01
7.134455871582031250e+01
7.089138793945312500e+01
7.043821716308593750e+01
6.998503112792968750e+01
6.953186035156250000e+01
6.907867431640625000e+01
6.862548065185546875e+01
6.817230987548828125e+01
6.771913909912109375e+01
6.726595306396484375e+01
6.681276702880859375e+01
6.635959625244140625e+01
6.590641784667968750e+01
6.545323181152343750e+01
6.500005340576171875e+01
6.454687500000000000e+01
6.409369659423828125e+01
6.364051055908203125e+01
6.318733215332031250e+01
6.273415756225585938e+01
6.228097534179687500e+01
6.182779693603515625e+01
6.137461471557617188e+01
6.092142868041992188e+01
6.046825790405273438e+01
6.001507186889648438e+01
5.956188964843750000e+01
5.910871124267578125e+01
5.865553665161132812e+01
5.820235824584960938e+01
5.774917221069335938e+01
5.729599380493164062e+01
5.684281921386718750e+01
5.638963699340820312e+01
5.593645477294921875e+01
5.548327255249023438e+01
5.503009414672851562e+01
5.457692337036132812e+01
5.412373733520507812e+01
5.367055511474609375e+01
5.321737670898437500e+01
5.276419448852539062e+01
5.231101608276367188e+01
5.185783767700195312e+01
5.140465545654296875e+01
5.095147705078125000e+01
5.049829864501953125e+01
5.004511260986328125e+01
4.959193801879882812e+01
4.913875579833984375e+01
4.868557739257812500e+01
4.823239898681640625e+01
4.777921295166015625e+01
4.732603836059570312e+01
4.687285995483398438e+01
4.641968154907226562e+01
4.596649932861328125e+01
4.551331329345703125e+01
4.506014251708984375e+01
4.460696029663085938e+01
4.415377807617187500e+01
4.370059967041015625e+01
4.324742126464843750e+01
4.279424285888671875e+01
4.234105682373046875e+01
4.188787460327148438e+01
4.143469619750976562e+01
4.098151397705078125e+01
4.052834320068359375e+01
4.007516098022460938e+01
3.962197494506835938e+01
3.916880035400390625e+01
3.871562194824218750e+01
3.826243972778320312e+01
3.780925750732421875e+01
3.735608673095703125e+01
3.690289688110351562e+01
3.644971847534179688e+01
