7.824704742431640625e+01
7.784570312500000000e+01
7.744436645507812500e+01
7.704302215576171875e+01
7.664168548583984375e+01
7.624034118652343750e+01
7.583899688720703125e+01
7.543765258789062500e+01
7.503631591796875000e+01
7.463497161865234375e+01
7.423364257812500000e+01
7.383229827880859375e+01
7.343095397949218750e+01
7.302960968017578125e+01
7.262826538085937500e+01
7.222692108154296875e+01
7.182558441162109375e+01
7.142424011230468750e+01
7.102290344238281250e+01
7.062155914306640625e+01
7.022022247314453125e+01
6.981887817382812500e+01
6.941753387451171875e+01
6.901619720458984375e+01
6.861486053466796875e+01
6.821351623535156250e+01
6.781217193603515625e+01
6.741082763671875000e+01
6.700948333740234375e+01
6.660813903808593750e+01
6.620680999755859375e+01
6.580546569824218750e+01
6.540412139892578125e+01
6.500278472900390625e+01
6.460144042968750000e+01
6.420009613037109375e+01
6.379875564575195312e+01
6.339741516113281250e+01
6.299607086181640625e+01
6.259473419189453125e+01
6.219338989257812500e+01
6.179204559326171875e+01
6.139071273803710938e+01
6.098936843872070312e+01
6.058802413940429688e+01
6.018667984008789062e+01
5.978534317016601562e+01
5.938399887084960938e+01
5.898265457153320312e+01
5.858131408691406250e+01
5.817997741699218750e+01
5.777863311767578125e+01
5.737729644775390625e+01
5.697595214843750000e+01
5.657461166381835938e+01
5.617327117919921875e+01
5.577193069458007812e+01
5.537058639526367188e+01
5.496924209594726562e+01
5.456790542602539062e+01
5.416656112670898438e+01
5.376522445678710938e+01
5.336388015747070312e+01
5.296254348754882812e+01
5.256119537353515625e+01
5.215985870361328125e+01
5.175851440429687500e+01
5.135718154907226562e+01
5.095583343505859375e+01
5.055449295043945312e+01
5.015314865112304688e+01
4.975180435180664062e+01
4.935046386718750000e+01
4.894912338256835938e+01
4.854778289794921875e+01
4.814643859863281250e+01
4.774510192871093750e+01
4.734375762939453125e+01
4.694241333007812500e+01
4.654106903076171875e+01
4.613973617553710938e+01
4.573839187622070312e+01
4.533705520629882812e+01
4.493571090698242188e+01
4.453437042236328125e+01
4.413302993774414062e+01
4.373168563842773438e+01
4.333034515380859375e+01
4.292900085449218750e+01
4.252766418457031250e+01
4.212631988525390625e+01
4.172497558593750000e+01
4.132363510131835938e+01
4.092229843139648438e+01
4.052095794677734375e+01
4.011960983276367188e+01
3.971827316284179688e+01
3.931692886352539062e+01
3.891559219360351562e+01
3.851425170898437500e+01
