7.845880889892578125e+01
7.804120635986328125e+01
7.762361145019531250e+01
7.720600128173828125e+01
7.678839111328125000e+01
7.637078857421875000e+01
7.595318603515625000e+01
7.553558349609375000e+01
7.511798095703125000e+01
7.470037841796875000e+01
7.428278350830078125e+01
7.386517333984375000e+01
7.344757843017578125e+01
7.302996826171875000e+01
7.261235809326171875e+01
7.219476318359375000e+01
7.177715301513671875e+01
7.135955810546875000e+01
7.094195556640625000e+01
7.052435302734375000e+01
7.010675048828125000e+01
6.968914031982421875e+01
6.927153778076171875e+01
6.885393524169921875e+01
6.843634033203125000e+01
6.801873779296875000e+01
6.760112762451171875e+01
6.718353271484375000e+01
6.676592254638671875e+01
6.634832000732421875e+01
6.593071746826171875e+01
6.551311492919921875e+01
6.509551239013671875e+01
6.467790985107421875e+01
6.426030731201171875e+01
6.384270477294921875e+01
6.342509841918945312e+01
6.300749588012695312e+01
6.258989715576171875e+01
6.217229080200195312e+01
6.175468826293945312e+01
6.133708572387695312e+01
6.091947937011718750e+01
6.050188064575195312e+01
6.008427810668945312e+01
5.966666793823242188e+01
5.924906921386718750e+01
5.883147048950195312e+01
5.841386413574218750e+01
5.799625778198242188e+01
5.757865905761718750e+01
5.716105651855468750e+01
5.674345016479492188e+01
5.632584762573242188e+01
5.590824508666992188e+01
5.549064636230468750e+01
5.507304382324218750e+01
5.465543746948242188e+01
5.423783111572265625e+01
5.382023620605468750e+01
5.340262985229492188e+01
5.298502349853515625e+01
5.256742095947265625e+01
5.214981842041015625e+01
5.173221969604492188e+01
5.131461334228515625e+01
5.089700698852539062e+01
5.047941589355468750e+01
5.006180572509765625e+01
4.964420318603515625e+01
4.922660064697265625e+01
4.880899047851562500e+01
4.839139556884765625e+01
4.797379302978515625e+01
4.755618667602539062e+01
4.713858413696289062e+01
4.672098159790039062e+01
4.630337905883789062e+01
4.588577651977539062e+01
4.546817016601562500e+01
4.505057144165039062e+01
4.463296890258789062e+01
4.421536636352539062e+01
4.379775619506835938e+01
4.338016128540039062e+01
4.296255493164062500e+01
4.254495239257812500e+01
4.212734603881835938e+01
4.170974731445312500e+01
4.129214477539062500e+01
4.087454223632812500e+01
4.045693588256835938e+01
4.003932952880859375e+01
3.962173461914062500e+01
3.920413208007812500e+01
3.878652191162109375e+01
3.836892318725585938e+01
3.795132446289062500e+01
3.753371429443359375e+01
3.711611557006835938e+01
