7.857667541503906250e+01
7.816382598876953125e+01
7.775098419189453125e+01
7.733814239501953125e+01
7.692530822753906250e+01
7.651245117187500000e+01
7.609962463378906250e+01
7.568677520751953125e+01
7.527394104003906250e+01
7.486109161376953125e+01
7.444824981689453125e+01
7.403540802001953125e+01
7.362257385253906250e+01
7.320971679687500000e+01
7.279689025878906250e+01
7.238404083251953125e+01
7.197120666503906250e+01
7.155835723876953125e+01
7.114551544189453125e+01
7.073267364501953125e+01
7.031983947753906250e+01
6.990698242187500000e+01
6.949415588378906250e+01
6.908131408691406250e+01
6.866847229003906250e+01
6.825562286376953125e+01
6.784278106689453125e+01
6.742993927001953125e+01
6.701710510253906250e+01
6.660424804687500000e+01
6.619142150878906250e+01
6.577857971191406250e+01
6.536573028564453125e+01
6.495289611816406250e+01
6.454005432128906250e+01
6.412721252441406250e+01
6.371436309814453125e+01
6.330152511596679688e+01
6.288868331909179688e+01
6.247584533691406250e+01
6.206299972534179688e+01
6.165015792846679688e+01
6.123731613159179688e+01
6.082447814941406250e+01
6.041163253784179688e+01
5.999879074096679688e+01
5.958594894409179688e+01
5.917311096191406250e+01
5.876026535034179688e+01
5.834742355346679688e+01
5.793458175659179688e+01
5.752173995971679688e+01
5.710889816284179688e+01
5.669605636596679688e+01
5.628321838378906250e+01
5.587037658691406250e+01
5.545752716064453125e+01
5.504468917846679688e+01
5.463184738159179688e+01
5.421900558471679688e+01
5.380615997314453125e+01
5.339332199096679688e+01
5.298048019409179688e+01
5.256764221191406250e+01
5.215479278564453125e+01
5.174195480346679688e+01
5.132911300659179688e+01
5.091627502441406250e+01
5.050342559814453125e+01
5.009058761596679688e+01
4.967774200439453125e+01
4.926490402221679688e+01
4.885206222534179688e+01
4.843922042846679688e+01
4.802637481689453125e+01
4.761353683471679688e+01
4.720069503784179688e+01
4.678785324096679688e+01
4.637500762939453125e+01
4.596216964721679688e+01
4.554932785034179688e+01
4.513649368286132812e+01
4.472364425659179688e+01
4.431080245971679688e+01
4.389796066284179688e+01
4.348512649536132812e+01
4.307227706909179688e+01
4.265943908691406250e+01
4.224659347534179688e+01
4.183375930786132812e+01
4.142091369628906250e+01
4.100806808471679688e+01
4.059522247314453125e+01
4.018239212036132812e+01
3.976954650878906250e+01
3.935670089721679688e+01
3.894385528564453125e+01
3.853102493286132812e+01
3.811817932128906250e+01
3.770533752441406250e+01
