7.866522216796875000e+01
7.825334167480468750e+01
7.784146881103515625e+01
7.742958831787109375e+01
7.701770019531250000e+01
7.660582733154296875e+01
7.619393920898437500e+01
7.578205108642578125e+01
7.537017822265625000e+01
7.495829772949218750e+01
7.454642486572265625e+01
7.413453674316406250e+01
7.372266387939453125e+01
7.331078338623046875e+01
7.289889526367187500e+01
7.248701477050781250e+01
7.207513427734375000e+01
7.166326141357421875e+01
7.125137329101562500e+01
7.083950042724609375e+01
7.042761993408203125e+01
7.001573181152343750e+01
6.960385131835937500e+01
6.919197845458984375e+01
6.878009033203125000e+01
6.836820983886718750e+01
6.795632934570312500e+01
6.754445648193359375e+01
6.713256835937500000e+01
6.672068786621093750e+01
6.630880737304687500e+01
6.589691925048828125e+01
6.548504638671875000e+01
6.507317352294921875e+01
6.466128540039062500e+01
6.424940490722656250e+01
6.383752441406250000e+01
6.342564773559570312e+01
6.301376724243164062e+01
6.260188293457031250e+01
6.218999862670898438e+01
6.177812576293945312e+01
6.136624526977539062e+01
6.095436096191406250e+01
6.054248428344726562e+01
6.013059997558593750e+01
5.971872711181640625e+01
5.930683517456054688e+01
5.889496231079101562e+01
5.848307800292968750e+01
5.807120132446289062e+01
5.765932083129882812e+01
5.724743652343750000e+01
5.683555603027343750e+01
5.642367935180664062e+01
5.601179504394531250e+01
5.559991455078125000e+01
5.518803787231445312e+01
5.477615737915039062e+01
5.436427307128906250e+01
5.395238876342773438e+01
5.354051589965820312e+01
5.312863159179687500e+01
5.271675872802734375e+01
5.230487060546875000e+01
5.189299392700195312e+01
5.148110961914062500e+01
5.106923294067382812e+01
5.065735244750976562e+01
5.024546813964843750e+01
4.983358764648437500e+01
4.942171096801757812e+01
4.900982666015625000e+01
4.859794616699218750e+01
4.818606948852539062e+01
4.777418899536132812e+01
4.736230468750000000e+01
4.695042037963867188e+01
4.653854751586914062e+01
4.612666320800781250e+01
4.571478652954101562e+01
4.530290603637695312e+01
4.489102172851562500e+01
4.447914123535156250e+01
4.406726074218750000e+01
4.365538406372070312e+01
4.324349975585937500e+01
4.283161926269531250e+01
4.241973876953125000e+01
4.200785827636718750e+01
4.159597778320312500e+01
4.118410110473632812e+01
4.077222061157226562e+01
4.036033630371093750e+01
3.994845962524414062e+01
3.953657913208007812e+01
3.912469482421875000e+01
3.871281814575195312e+01
3.830093765258789062e+01
3.788905334472656250e+01
