7.964267730712890625e+01
7.922307586669921875e+01
7.880348205566406250e+01
7.838388824462890625e+01
7.796429443359375000e+01
7.754470062255859375e+01
7.712510681152343750e+01
7.670550537109375000e+01
7.628590393066406250e+01
7.586631011962890625e+01
7.544671630859375000e+01
7.502712249755859375e+01
7.460752868652343750e+01
7.418793487548828125e+01
7.376834106445312500e+01
7.334873199462890625e+01
7.292913818359375000e+01
7.250954437255859375e+01
7.208995056152343750e+01
7.167035675048828125e+01
7.125076293945312500e+01
7.083116912841796875e+01
7.041157531738281250e+01
6.999198150634765625e+01
6.957238006591796875e+01
6.915278625488281250e+01
6.873318481445312500e+01
6.831359100341796875e+01
6.789399719238281250e+01
6.747440338134765625e+01
6.705480957031250000e+01
6.663520812988281250e+01
6.621560668945312500e+01
6.579601287841796875e+01
6.537641906738281250e+01
6.495682525634765625e+01
6.453723144531250000e+01
6.411763763427734375e+01
6.369804382324218750e+01
6.327844619750976562e+01
6.285884857177734375e+01
6.243925857543945312e+01
6.201966094970703125e+01
6.160006332397460938e+01
6.118046569824218750e+01
6.076087188720703125e+01
6.034127807617187500e+01
5.992168045043945312e+01
5.950208663940429688e+01
5.908248901367187500e+01
5.866289520263671875e+01
5.824329757690429688e+01
5.782370376586914062e+01
5.740410614013671875e+01
5.698451232910156250e+01
5.656491851806640625e+01
5.614532089233398438e+01
5.572572326660156250e+01
5.530612564086914062e+01
5.488653564453125000e+01
5.446693801879882812e+01
5.404734039306640625e+01
5.362774276733398438e+01
5.320815277099609375e+01
5.278855514526367188e+01
5.236895751953125000e+01
5.194935989379882812e+01
5.152976608276367188e+01
5.111017227172851562e+01
5.069057464599609375e+01
5.027098083496093750e+01
4.985138320922851562e+01
4.943178939819335938e+01
4.901219177246093750e+01
4.859259796142578125e+01
4.817300033569335938e+01
4.775340652465820312e+01
4.733381271362304688e+01
4.691421508789062500e+01
4.649461746215820312e+01
4.607502365112304688e+01
4.565542602539062500e+01
4.523583221435546875e+01
4.481623458862304688e+01
4.439664077758789062e+01
4.397704696655273438e+01
4.355744934082031250e+01
4.313785171508789062e+01
4.271825408935546875e+01
4.229866409301757812e+01
4.187906646728515625e+01
4.145946884155273438e+01
4.103987503051757812e+01
4.062028121948242188e+01
4.020068359375000000e+01
3.978108596801757812e+01
3.936149215698242188e+01
3.894189834594726562e+01
3.852230072021484375e+01
3.810270690917968750e+01
