7.990407562255859375e+01
7.947824096679687500e+01
7.905240631103515625e+01
7.862657928466796875e+01
7.820075225830078125e+01
7.777492523193359375e+01
7.734908294677734375e+01
7.692324829101562500e+01
7.649742126464843750e+01
7.607158660888671875e+01
7.564575958251953125e+01
7.521992492675781250e+01
7.479408264160156250e+01
7.436825561523437500e+01
7.394242858886718750e+01
7.351659393310546875e+01
7.309075927734375000e+01
7.266492462158203125e+01
7.223908996582031250e+01
7.181326293945312500e+01
7.138742828369140625e+01
7.096159362792968750e+01
7.053576660156250000e+01
7.010993957519531250e+01
6.968410491943359375e+01
6.925827026367187500e+01
6.883243560791015625e+01
6.840660858154296875e+01
6.798078155517578125e+01
6.755493927001953125e+01
6.712911224365234375e+01
6.670327758789062500e+01
6.627744293212890625e+01
6.585162353515625000e+01
6.542578887939453125e+01
6.499994659423828125e+01
6.457411956787109375e+01
6.414829254150390625e+01
6.372245788574218750e+01
6.329662322998046875e+01
6.287078857421875000e+01
6.244496154785156250e+01
6.201913070678710938e+01
6.159329605102539062e+01
6.116746520996093750e+01
6.074163436889648438e+01
6.031579589843750000e+01
5.988996887207031250e+01
5.946413421630859375e+01
5.903830337524414062e+01
5.861247253417968750e+01
5.818664169311523438e+01
5.776080703735351562e+01
5.733497619628906250e+01
5.690914535522460938e+01
5.648331069946289062e+01
5.605747985839843750e+01
5.563164520263671875e+01
5.520581436157226562e+01
5.477997970581054688e+01
5.435415267944335938e+01
5.392831802368164062e+01
5.350248718261718750e+01
5.307665634155273438e+01
5.265082550048828125e+01
5.222498703002929688e+01
5.179915618896484375e+01
5.137332916259765625e+01
5.094749069213867188e+01
5.052166366577148438e+01
5.009582901000976562e+01
4.966999816894531250e+01
4.924416732788085938e+01
4.881833648681640625e+01
4.839250183105468750e+01
4.796666717529296875e+01
4.754084014892578125e+01
4.711500930786132812e+01
4.668917465209960938e+01
4.626333999633789062e+01
4.583751296997070312e+01
4.541167831420898438e+01
4.498584747314453125e+01
4.456001281738281250e+01
4.413418197631835938e+01
4.370835113525390625e+01
4.328251647949218750e+01
4.285668563842773438e+01
4.243085098266601562e+01
4.200502395629882812e+01
4.157918930053710938e+01
4.115335845947265625e+01
4.072752380371093750e+01
4.030169677734375000e+01
3.987586212158203125e+01
3.945002746582031250e+01
3.902419662475585938e+01
3.859836196899414062e+01
3.817253494262695312e+01
3.774670028686523438e+01
