7.965021514892578125e+01
7.922618103027343750e+01
7.880214691162109375e+01
7.837812042236328125e+01
7.795408630371093750e+01
7.753004455566406250e+01
7.710601806640625000e+01
7.668197631835937500e+01
7.625794982910156250e+01
7.583390808105468750e+01
7.540987396240234375e+01
7.498584747314453125e+01
7.456181335449218750e+01
7.413777160644531250e+01
7.371374511718750000e+01
7.328971099853515625e+01
7.286566925048828125e+01
7.244164276123046875e+01
7.201760864257812500e+01
7.159357452392578125e+01
7.116954040527343750e+01
7.074550628662109375e+01
7.032147216796875000e+01
6.989743804931640625e+01
6.947339630126953125e+01
6.904937744140625000e+01
6.862533569335937500e+01
6.820130920410156250e+01
6.777726745605468750e+01
6.735323333740234375e+01
6.692919158935546875e+01
6.650516510009765625e+01
6.608113098144531250e+01
6.565710449218750000e+01
6.523306274414062500e+01
6.480902862548828125e+01
6.438499450683593750e+01
6.396096038818359375e+01
6.353692626953125000e+01
6.311289596557617188e+01
6.268885803222656250e+01
6.226482391357421875e+01
6.184078979492187500e+01
6.141675949096679688e+01
6.099272537231445312e+01
6.056868743896484375e+01
6.014465713500976562e+01
5.972061920166015625e+01
5.929658508300781250e+01
5.887255477905273438e+01
5.844852447509765625e+01
5.802448272705078125e+01
5.760044860839843750e+01
5.717641448974609375e+01
5.675238800048828125e+01
5.632835006713867188e+01
5.590431213378906250e+01
5.548028182983398438e+01
5.505624771118164062e+01
5.463221740722656250e+01
5.420817947387695312e+01
5.378414154052734375e+01
5.336011123657226562e+01
5.293607711791992188e+01
5.251204681396484375e+01
5.208801269531250000e+01
5.166396713256835938e+01
5.123994445800781250e+01
5.081591033935546875e+01
5.039187622070312500e+01
4.996784210205078125e+01
4.954380035400390625e+01
4.911977386474609375e+01
4.869573974609375000e+01
4.827170181274414062e+01
4.784767150878906250e+01
4.742363357543945312e+01
4.699960327148437500e+01
4.657556915283203125e+01
4.615153121948242188e+01
4.572750091552734375e+01
4.530347061157226562e+01
4.487942886352539062e+01
4.445539855957031250e+01
4.403136825561523438e+01
4.360733032226562500e+01
4.318329620361328125e+01
4.275926208496093750e+01
4.233522796630859375e+01
4.191119384765625000e+01
4.148716354370117188e+01
4.106312561035156250e+01
4.063909149169921875e+01
4.021506118774414062e+01
3.979102325439453125e+01
3.936699295043945312e+01
3.894295501708984375e+01
3.851892089843750000e+01
3.809489059448242188e+01
3.767085266113281250e+01
