7.781040954589843750e+01
7.741057586669921875e+01
7.701074981689453125e+01
7.661092376708984375e+01
7.621110534667968750e+01
7.581127929687500000e+01
7.541146087646484375e+01
7.501163482666015625e+01
7.461180877685546875e+01
7.421197509765625000e+01
7.381215667724609375e+01
7.341233825683593750e+01
7.301249694824218750e+01
7.261267852783203125e+01
7.221286010742187500e+01
7.181303405761718750e+01
7.141320037841796875e+01
7.101338195800781250e+01
7.061355590820312500e+01
7.021373748779296875e+01
6.981390380859375000e+01
6.941408538818359375e+01
6.901425170898437500e+01
6.861443328857421875e+01
6.821460723876953125e+01
6.781478118896484375e+01
6.741495513916015625e+01
6.701512908935546875e+01
6.661531066894531250e+01
6.621548461914062500e+01
6.581565856933593750e+01
6.541583251953125000e+01
6.501600646972656250e+01
6.461618041992187500e+01
6.421636199951171875e+01
6.381653213500976562e+01
6.341670608520507812e+01
6.301688766479492188e+01
6.261705780029296875e+01
6.221723556518554688e+01
6.181740570068359375e+01
6.141758728027343750e+01
6.101775741577148438e+01
6.061793136596679688e+01
6.021810531616210938e+01
5.981828308105468750e+01
5.941845703125000000e+01
5.901863098144531250e+01
5.861880493164062500e+01
5.821897888183593750e+01
5.781916046142578125e+01
5.741933441162109375e+01
5.701950836181640625e+01
5.661967849731445312e+01
5.621986389160156250e+01
5.582003402709960938e+01
5.542020797729492188e+01
5.502038192749023438e+01
5.462055587768554688e+01
5.422073364257812500e+01
5.382091140747070312e+01
5.342108535766601562e+01
5.302125549316406250e+01
5.262143325805664062e+01
5.222161102294921875e+01
5.182178115844726562e+01
5.142195892333984375e+01
5.102213287353515625e+01
5.062230682373046875e+01
5.022248077392578125e+01
4.982265853881835938e+01
4.942283630371093750e+01
4.902300643920898438e+01
4.862318801879882812e+01
4.822335815429687500e+01
4.782353210449218750e+01
4.742370605468750000e+01
4.702388381958007812e+01
4.662406158447265625e+01
4.622423171997070312e+01
4.582440948486328125e+01
4.542458343505859375e+01
4.502475738525390625e+01
4.462493133544921875e+01
4.422510910034179688e+01
4.382528305053710938e+01
4.342545700073242188e+01
4.302563095092773438e+01
4.262580490112304688e+01
4.222598266601562500e+01
4.182616424560546875e+01
4.142633438110351562e+01
4.102650833129882812e+01
4.062668228149414062e+01
4.022686004638671875e+01
3.982703399658203125e+01
3.942720794677734375e+01
3.902738571166992188e+01
3.862755966186523438e+01
3.822773361206054688e+01
