7.735067749023437500e+01
7.695310974121093750e+01
7.655554962158203125e+01
7.615798187255859375e+01
7.576040649414062500e+01
7.536284637451171875e+01
7.496527862548828125e+01
7.456770324707031250e+01
7.417014312744140625e+01
7.377256774902343750e+01
7.337500000000000000e+01
7.297743988037109375e+01
7.257987213134765625e+01
7.218229675292968750e+01
7.178473663330078125e+01
7.138716888427734375e+01
7.098959350585937500e+01
7.059203338623046875e+01
7.019445037841796875e+01
6.979689025878906250e+01
6.939933013916015625e+01
6.900176239013671875e+01
6.860418701171875000e+01
6.820662689208984375e+01
6.780905914306640625e+01
6.741148376464843750e+01
6.701392364501953125e+01
6.661634826660156250e+01
6.621878051757812500e+01
6.582122039794921875e+01
6.542364501953125000e+01
6.502607727050781250e+01
6.462851715087890625e+01
6.423094177246093750e+01
6.383338165283203125e+01
6.343581390380859375e+01
6.303824234008789062e+01
6.264067840576171875e+01
6.224311065673828125e+01
6.184553909301757812e+01
6.144796752929687500e+01
6.105040740966796875e+01
6.065283584594726562e+01
6.025527191162109375e+01
5.985770416259765625e+01
5.946013259887695312e+01
5.906256866455078125e+01
5.866500091552734375e+01
5.826742935180664062e+01
5.786985778808593750e+01
5.747229766845703125e+01
5.707472610473632812e+01
5.667716217041015625e+01
5.627959060668945312e+01
5.588202285766601562e+01
5.548446273803710938e+01
5.508689117431640625e+01
5.468931961059570312e+01
5.429175186157226562e+01
5.389418792724609375e+01
5.349661636352539062e+01
5.309905624389648438e+01
5.270147705078125000e+01
5.230391311645507812e+01
5.190635299682617188e+01
5.150878143310546875e+01
5.111120986938476562e+01
5.071364593505859375e+01
5.031607818603515625e+01
4.991850662231445312e+01
4.952093887329101562e+01
4.912337112426757812e+01
4.872580337524414062e+01
4.832823944091796875e+01
4.793067169189453125e+01
4.753310012817382812e+01
4.713553619384765625e+01
4.673796844482421875e+01
4.634039688110351562e+01
4.594282913208007812e+01
4.554526519775390625e+01
4.514769363403320312e+01
4.475012969970703125e+01
4.435256195068359375e+01
4.395499038696289062e+01
4.355742263793945312e+01
4.315985870361328125e+01
4.276229095458984375e+01
4.236471939086914062e+01
4.196715545654296875e+01
4.156958770751953125e+01
4.117201614379882812e+01
4.077445220947265625e+01
4.037688446044921875e+01
3.997931289672851562e+01
3.958174896240234375e+01
3.918418121337890625e+01
3.878660964965820312e+01
3.838904571533203125e+01
3.799147796630859375e+01
