7.951439666748046875e+01
7.909577178955078125e+01
7.867714691162109375e+01
7.825852203369140625e+01
7.783990478515625000e+01
7.742127990722656250e+01
7.700265502929687500e+01
7.658403015136718750e+01
7.616541290283203125e+01
7.574678802490234375e+01
7.532817077636718750e+01
7.490954589843750000e+01
7.449092102050781250e+01
7.407229614257812500e+01
7.365367889404296875e+01
7.323505401611328125e+01
7.281642913818359375e+01
7.239780426025390625e+01
7.197918701171875000e+01
7.156056213378906250e+01
7.114193725585937500e+01
7.072331237792968750e+01
7.030468750000000000e+01
6.988607025146484375e+01
6.946744537353515625e+01
6.904882049560546875e+01
6.863019561767578125e+01
6.821157836914062500e+01
6.779295349121093750e+01
6.737432861328125000e+01
6.695571136474609375e+01
6.653707885742187500e+01
6.611846160888671875e+01
6.569983673095703125e+01
6.528121185302734375e+01
6.486258697509765625e+01
6.444396972656250000e+01
6.402534484863281250e+01
6.360671997070312500e+01
6.318810272216796875e+01
6.276947784423828125e+01
6.235085678100585938e+01
6.193223190307617188e+01
6.151361083984375000e+01
6.109498596191406250e+01
6.067636108398437500e+01
6.025774002075195312e+01
5.983911895751953125e+01
5.942049407958984375e+01
5.900186538696289062e+01
5.858324050903320312e+01
5.816462326049804688e+01
5.774599838256835938e+01
5.732737350463867188e+01
5.690875625610351562e+01
5.649013137817382812e+01
5.607150650024414062e+01
5.565288162231445312e+01
5.523425674438476562e+01
5.481563949584960938e+01
5.439701461791992188e+01
5.397838973999023438e+01
5.355976486206054688e+01
5.314114761352539062e+01
5.272252273559570312e+01
5.230389785766601562e+01
5.188528060913085938e+01
5.146665573120117188e+01
5.104803085327148438e+01
5.062940597534179688e+01
5.021078872680664062e+01
4.979216384887695312e+01
4.937353897094726562e+01
4.895491409301757812e+01
4.853629684448242188e+01
4.811767196655273438e+01
4.769904708862304688e+01
4.728042221069335938e+01
4.686180496215820312e+01
4.644318008422851562e+01
4.602455520629882812e+01
4.560593032836914062e+01
4.518731307983398438e+01
4.476868820190429688e+01
4.435006332397460938e+01
4.393143844604492188e+01
4.351282119750976562e+01
4.309419631958007812e+01
4.267557144165039062e+01
4.225695419311523438e+01
4.183832931518554688e+01
4.141970443725585938e+01
4.100107955932617188e+01
4.058246231079101562e+01
4.016383743286132812e+01
3.974521255493164062e+01
3.932658767700195312e+01
3.890797042846679688e+01
3.848934555053710938e+01
3.807071685791015625e+01
