8.129781341552734375e+01
8.086563873291015625e+01
8.043347167968750000e+01
8.000130462646484375e+01
7.956913757324218750e+01
7.913697052001953125e+01
7.870478820800781250e+01
7.827262878417968750e+01
7.784045410156250000e+01
7.740827941894531250e+01
7.697611236572265625e+01
7.654393768310546875e+01
7.611176300048828125e+01
7.567959594726562500e+01
7.524742126464843750e+01
7.481526184082031250e+01
7.438308715820312500e+01
7.395092010498046875e+01
7.351875305175781250e+01
7.308657836914062500e+01
7.265440368652343750e+01
7.222223663330078125e+01
7.179006195068359375e+01
7.135788726806640625e+01
7.092572021484375000e+01
7.049354553222656250e+01
7.006139373779296875e+01
6.962921905517578125e+01
6.919703674316406250e+01
6.876487731933593750e+01
6.833270263671875000e+01
6.790052795410156250e+01
6.746836090087890625e+01
6.703618621826171875e+01
6.660401916503906250e+01
6.617185211181640625e+01
6.573967742919921875e+01
6.530751037597656250e+01
6.487534332275390625e+01
6.444316864013671875e+01
6.401100158691406250e+01
6.357883071899414062e+01
6.314665603637695312e+01
6.271448898315429688e+01
6.228231430053710938e+01
6.185013961791992188e+01
6.141797637939453125e+01
6.098580551147460938e+01
6.055363464355468750e+01
6.012146377563476562e+01
5.968929672241210938e+01
5.925712585449218750e+01
5.882495498657226562e+01
5.839278030395507812e+01
5.796061325073242188e+01
5.752844238281250000e+01
5.709627532958984375e+01
5.666410064697265625e+01
5.623192977905273438e+01
5.579975891113281250e+01
5.536758804321289062e+01
5.493541717529296875e+01
5.450324630737304688e+01
5.407107925415039062e+01
5.363890838623046875e+01
5.320673751831054688e+01
5.277456665039062500e+01
5.234239959716796875e+01
5.191022491455078125e+01
5.147805404663085938e+01
5.104588317871093750e+01
5.061371231079101562e+01
5.018154525756835938e+01
4.974937438964843750e+01
4.931720352172851562e+01
4.888503265380859375e+01
4.845285797119140625e+01
4.802069091796875000e+01
4.758852386474609375e+01
4.715635299682617188e+01
4.672418212890625000e+01
4.629200744628906250e+01
4.585984039306640625e+01
4.542767333984375000e+01
4.499550247192382812e+01
4.456332778930664062e+01
4.413116073608398438e+01
4.369898605346679688e+01
4.326681137084960938e+01
4.283464813232421875e+01
4.240247726440429688e+01
4.197030639648437500e+01
4.153813171386718750e+01
4.110596847534179688e+01
4.067379760742187500e+01
4.024162673950195312e+01
3.980945205688476562e+01
3.937728500366210938e+01
3.894511795043945312e+01
3.851294708251953125e+01
