7.877976226806640625e+01
7.837323760986328125e+01
7.796670532226562500e+01
7.756017303466796875e+01
7.715363311767578125e+01
7.674709320068359375e+01
7.634056091308593750e+01
7.593402099609375000e+01
7.552748870849609375e+01
7.512096405029296875e+01
7.471442413330078125e+01
7.430789184570312500e+01
7.390135192871093750e+01
7.349481964111328125e+01
7.308827972412109375e+01
7.268174743652343750e+01
7.227521514892578125e+01
7.186868286132812500e+01
7.146214294433593750e+01
7.105561065673828125e+01
7.064907836914062500e+01
7.024253845214843750e+01
6.983600616455078125e+01
6.942947387695312500e+01
6.902293395996093750e+01
6.861640930175781250e+01
6.820986938476562500e+01
6.780333709716796875e+01
6.739679718017578125e+01
6.699026489257812500e+01
6.658373260498046875e+01
6.617719268798828125e+01
6.577065277099609375e+01
6.536412811279296875e+01
6.495759582519531250e+01
6.455105590820312500e+01
6.414452362060546875e+01
6.373798751831054688e+01
6.333145141601562500e+01
6.292491912841796875e+01
6.251838302612304688e+01
6.211184692382812500e+01
6.170531463623046875e+01
6.129878234863281250e+01
6.089224624633789062e+01
6.048570632934570312e+01
6.007917785644531250e+01
5.967263793945312500e+01
5.926610565185546875e+01
5.885956954956054688e+01
5.845303726196289062e+01
5.804650497436523438e+01
5.763996887207031250e+01
5.723342895507812500e+01
5.682689666748046875e+01
5.642036819458007812e+01
5.601382827758789062e+01
5.560729217529296875e+01
5.520075607299804688e+01
5.479422760009765625e+01
5.438769149780273438e+01
5.398115158081054688e+01
5.357461929321289062e+01
5.316809082031250000e+01
5.276155090332031250e+01
5.235501480102539062e+01
5.194847869873046875e+01
5.154194641113281250e+01
5.113541793823242188e+01
5.072887802124023438e+01
5.032234191894531250e+01
4.991580963134765625e+01
4.950927352905273438e+01
4.910274124145507812e+01
4.869620132446289062e+01
4.828966903686523438e+01
4.788314056396484375e+01
4.747660064697265625e+01
4.707006454467773438e+01
4.666353225708007812e+01
4.625699996948242188e+01
4.585046386718750000e+01
4.544393157958984375e+01
4.503739166259765625e+01
4.463086318969726562e+01
4.422432327270507812e+01
4.381778717041015625e+01
4.341125488281250000e+01
4.300471496582031250e+01
4.259818649291992188e+01
4.219165420532226562e+01
4.178511810302734375e+01
4.137858200073242188e+01
4.097204589843750000e+01
4.056551361083984375e+01
4.015898132324218750e+01
3.975244140625000000e+01
3.934590911865234375e+01
3.893937683105468750e+01
3.853284072875976562e+01
