8.126674652099609375e+01
8.082875823974609375e+01
8.039077758789062500e+01
7.995279693603515625e+01
7.951481628417968750e+01
7.907682800292968750e+01
7.863884735107421875e+01
7.820085906982421875e+01
7.776287841796875000e+01
7.732489013671875000e+01
7.688690948486328125e+01
7.644892883300781250e+01
7.601095581054687500e+01
7.557295989990234375e+01
7.513498687744140625e+01
7.469699859619140625e+01
7.425901794433593750e+01
7.382102966308593750e+01
7.338304901123046875e+01
7.294506072998046875e+01
7.250708007812500000e+01
7.206909179687500000e+01
7.163111114501953125e+01
7.119312286376953125e+01
7.075514221191406250e+01
7.031715393066406250e+01
6.987917327880859375e+01
6.944118499755859375e+01
6.900321960449218750e+01
6.856523132324218750e+01
6.812725067138671875e+01
6.768926239013671875e+01
6.725128173828125000e+01
6.681329345703125000e+01
6.637531280517578125e+01
6.593732452392578125e+01
6.549934387207031250e+01
6.506135559082031250e+01
6.462338256835937500e+01
6.418539428710937500e+01
6.374740982055664062e+01
6.330942916870117188e+01
6.287144470214843750e+01
6.243346405029296875e+01
6.199547576904296875e+01
6.155749130249023438e+01
6.111951446533203125e+01
6.068152999877929688e+01
6.024354553222656250e+01
5.980556106567382812e+01
5.936758041381835938e+01
5.892959213256835938e+01
5.849161148071289062e+01
5.805362319946289062e+01
5.761565017700195312e+01
5.717766571044921875e+01
5.673968124389648438e+01
5.630169677734375000e+01
5.586371231079101562e+01
5.542573547363281250e+01
5.498774719238281250e+01
5.454976272583007812e+01
5.411177825927734375e+01
5.367379760742187500e+01
5.323581314086914062e+01
5.279782867431640625e+01
5.235984420776367188e+01
5.192186355590820312e+01
5.148387908935546875e+01
5.104589462280273438e+01
5.060791015625000000e+01
5.016992568969726562e+01
4.973194503784179688e+01
4.929396057128906250e+01
4.885597610473632812e+01
4.841799545288085938e+01
4.798001480102539062e+01
4.754203033447265625e+01
4.710404586791992188e+01
4.666606140136718750e+01
4.622808074951171875e+01
4.579009246826171875e+01
4.535210800170898438e+01
4.491412353515625000e+01
4.447614669799804688e+01
4.403816223144531250e+01
4.360018157958984375e+01
4.316219711303710938e+01
4.272421264648437500e+01
4.228623580932617188e+01
4.184825134277343750e+01
4.141026687622070312e+01
4.097227859497070312e+01
4.053429794311523438e+01
4.009631347656250000e+01
3.965832901000976562e+01
3.922034454345703125e+01
3.878236770629882812e+01
3.834437942504882812e+01
3.790639877319335938e+01
