7.787684631347656250e+01
7.747307586669921875e+01
7.706931304931640625e+01
7.666555023193359375e+01
7.626177978515625000e+01
7.585801696777343750e+01
7.545424652099609375e+01
7.505047607421875000e+01
7.464670562744140625e+01
7.424293518066406250e+01
7.383917236328125000e+01
7.343540954589843750e+01
7.303163909912109375e+01
7.262787628173828125e+01
7.222410583496093750e+01
7.182034301757812500e+01
7.141658020019531250e+01
7.101280975341796875e+01
7.060903167724609375e+01
7.020526885986328125e+01
6.980149841308593750e+01
6.939773559570312500e+01
6.899396514892578125e+01
6.859020233154296875e+01
6.818643951416015625e+01
6.778266906738281250e+01
6.737889099121093750e+01
6.697513580322265625e+01
6.657135772705078125e+01
6.616759490966796875e+01
6.576382446289062500e+01
6.536006164550781250e+01
6.495629119873046875e+01
6.455252838134765625e+01
6.414875793457031250e+01
6.374499130249023438e+01
6.334122467041015625e+01
6.293746185302734375e+01
6.253369522094726562e+01
6.212992095947265625e+01
6.172615814208984375e+01
6.132239151000976562e+01
6.091862487792968750e+01
6.051485443115234375e+01
6.011109161376953125e+01
5.970732116699218750e+01
5.930355453491210938e+01
5.889978408813476562e+01
5.849602127075195312e+01
5.809225082397460938e+01
5.768848419189453125e+01
5.728471755981445312e+01
5.688095092773437500e+01
5.647718048095703125e+01
5.607342147827148438e+01
5.566964721679687500e+01
5.526588439941406250e+01
5.486211395263671875e+01
5.445834350585937500e+01
5.405458068847656250e+01
5.365081405639648438e+01
5.324704742431640625e+01
5.284327316284179688e+01
5.243951034545898438e+01
5.203574371337890625e+01
5.163197708129882812e+01
5.122820663452148438e+01
5.082444381713867188e+01
5.042068099975585938e+01
5.001691055297851562e+01
4.961314010620117188e+01
4.920936965942382812e+01
4.880561065673828125e+01
4.840183639526367188e+01
4.799806976318359375e+01
4.759429931640625000e+01
4.719054031372070312e+01
4.678677368164062500e+01
4.638299942016601562e+01
4.597923278808593750e+01
4.557546997070312500e+01
4.517170333862304688e+01
4.476793670654296875e+01
4.436416244506835938e+01
4.396040344238281250e+01
4.355663299560546875e+01
4.315286254882812500e+01
4.274909591674804688e+01
4.234532928466796875e+01
4.194156265258789062e+01
4.153779602050781250e+01
4.113402557373046875e+01
4.073025894165039062e+01
4.032649230957031250e+01
3.992272567749023438e+01
3.951895904541015625e+01
3.911518859863281250e+01
3.871142578125000000e+01
3.830765533447265625e+01
3.790389251708984375e+01
