7.824551391601562500e+01
7.783029174804687500e+01
7.741505432128906250e+01
7.699981689453125000e+01
7.658459472656250000e+01
7.616935729980468750e+01
7.575412750244140625e+01
7.533889007568359375e+01
7.492366027832031250e+01
7.450843048095703125e+01
7.409320068359375000e+01
7.367796325683593750e+01
7.326272583007812500e+01
7.284750366210937500e+01
7.243227386474609375e+01
7.201703643798828125e+01
7.160180664062500000e+01
7.118656921386718750e+01
7.077133941650390625e+01
7.035610961914062500e+01
6.994087219238281250e+01
6.952565002441406250e+01
6.911040496826171875e+01
6.869518280029296875e+01
6.827994537353515625e+01
6.786471557617187500e+01
6.744948577880859375e+01
6.703424835205078125e+01
6.661901855468750000e+01
6.620378112792968750e+01
6.578855133056640625e+01
6.537332153320312500e+01
6.495808410644531250e+01
6.454285430908203125e+01
6.412762451171875000e+01
6.371239089965820312e+01
6.329715728759765625e+01
6.288193130493164062e+01
6.246669387817382812e+01
6.205146026611328125e+01
6.163622665405273438e+01
6.122100067138671875e+01
6.080576705932617188e+01
6.039052963256835938e+01
5.997530364990234375e+01
5.956007003784179688e+01
5.914483642578125000e+01
5.872960281372070312e+01
5.831436538696289062e+01
5.789913558959960938e+01
5.748390579223632812e+01
5.706867218017578125e+01
5.665344619750976562e+01
5.623821258544921875e+01
5.582298278808593750e+01
5.540774536132812500e+01
5.499251174926757812e+01
5.457727813720703125e+01
5.416204833984375000e+01
5.374681854248046875e+01
5.333158493041992188e+01
5.291635131835937500e+01
5.250111770629882812e+01
5.208589172363281250e+01
5.167065811157226562e+01
5.125542068481445312e+01
5.084018707275390625e+01
5.042496109008789062e+01
5.000972747802734375e+01
4.959449386596679688e+01
4.917926025390625000e+01
4.876403045654296875e+01
4.834879684448242188e+01
4.793356323242187500e+01
4.751832962036132812e+01
4.710309600830078125e+01
4.668787002563476562e+01
4.627263641357421875e+01
4.585740661621093750e+01
4.544217300415039062e+01
4.502694320678710938e+01
4.461170196533203125e+01
4.419646835327148438e+01
4.378123855590820312e+01
4.336601638793945312e+01
4.295078277587890625e+01
4.253554534912109375e+01
4.212031173706054688e+01
4.170507812500000000e+01
4.128985214233398438e+01
4.087461853027343750e+01
4.045938110351562500e+01
4.004414749145507812e+01
3.962892150878906250e+01
3.921368789672851562e+01
3.879845428466796875e+01
3.838321685791015625e+01
3.796799087524414062e+01
3.755275726318359375e+01
3.713752365112304688e+01
