7.738584899902343750e+01
7.698377990722656250e+01
7.658171081542968750e+01
7.617963409423828125e+01
7.577756500244140625e+01
7.537548065185546875e+01
7.497341156005859375e+01
7.457134246826171875e+01
7.416927337646484375e+01
7.376719665527343750e+01
7.336512756347656250e+01
7.296305847167968750e+01
7.256098175048828125e+01
7.215890502929687500e+01
7.175683593750000000e+01
7.135476684570312500e+01
7.095269012451171875e+01
7.055061340332031250e+01
7.014854431152343750e+01
6.974646759033203125e+01
6.934439849853515625e+01
6.894232940673828125e+01
6.854026031494140625e+01
6.813817596435546875e+01
6.773610687255859375e+01
6.733403778076171875e+01
6.693196868896484375e+01
6.652989959716796875e+01
6.612782287597656250e+01
6.572573852539062500e+01
6.532366943359375000e+01
6.492160034179687500e+01
6.451952362060546875e+01
6.411745452880859375e+01
6.371538162231445312e+01
6.331331253051757812e+01
6.291124343872070312e+01
6.250916671752929688e+01
6.210709381103515625e+01
6.170502090454101562e+01
6.130294418334960938e+01
6.090087509155273438e+01
6.049880599975585938e+01
6.009673309326171875e+01
5.969466018676757812e+01
5.929258728027343750e+01
5.889051437377929688e+01
5.848844146728515625e+01
5.808636856079101562e+01
5.768429565429687500e+01
5.728222656250000000e+01
5.688015365600585938e+01
5.647807693481445312e+01
5.607600784301757812e+01
5.567393875122070312e+01
5.527185821533203125e+01
5.486978912353515625e+01
5.446772003173828125e+01
5.406563949584960938e+01
5.366357040405273438e+01
5.326150131225585938e+01
5.285942077636718750e+01
5.245735168457031250e+01
5.205528259277343750e+01
5.165320968627929688e+01
5.125113296508789062e+01
5.084906387329101562e+01
5.044699096679687500e+01
5.004491424560546875e+01
4.964284515380859375e+01
4.924077224731445312e+01
4.883869552612304688e+01
4.843663024902343750e+01
4.803455352783203125e+01
4.763248443603515625e+01
4.723040771484375000e+01
4.682833480834960938e+01
4.642626571655273438e+01
4.602419281005859375e+01
4.562211608886718750e+01
4.522005462646484375e+01
4.481797790527343750e+01
4.441589736938476562e+01
4.401382827758789062e+01
4.361175918579101562e+01
4.320968627929687500e+01
4.280760955810546875e+01
4.240554046630859375e+01
4.200346755981445312e+01
4.160139083862304688e+01
4.119932174682617188e+01
4.079724884033203125e+01
4.039517593383789062e+01
3.999311065673828125e+01
3.959103012084960938e+01
3.918896102905273438e+01
3.878688430786132812e+01
3.838481140136718750e+01
3.798274230957031250e+01
3.758067321777343750e+01
