7.744367218017578125e+01
7.704963684082031250e+01
7.665560150146484375e+01
7.626157379150390625e+01
7.586753082275390625e+01
7.547349548339843750e+01
7.507945251464843750e+01
7.468542480468750000e+01
7.429138183593750000e+01
7.389734649658203125e+01
7.350331115722656250e+01
7.310927581787109375e+01
7.271524047851562500e+01
7.232120513916015625e+01
7.192716979980468750e+01
7.153313446044921875e+01
7.113909149169921875e+01
7.074506378173828125e+01
7.035101318359375000e+01
6.995699310302734375e+01
6.956295013427734375e+01
6.916892242431640625e+01
6.877487182617187500e+01
6.838084411621093750e+01
6.798680114746093750e+01
6.759276580810546875e+01
6.719873809814453125e+01
6.680469512939453125e+01
6.641065979003906250e+01
6.601662445068359375e+01
6.562258911132812500e+01
6.522855377197265625e+01
6.483451843261718750e+01
6.444047546386718750e+01
6.404644012451171875e+01
6.365240478515625000e+01
6.325836944580078125e+01
6.286433410644531250e+01
6.247030258178710938e+01
6.207626342773437500e+01
6.168222808837890625e+01
6.128818893432617188e+01
6.089415740966796875e+01
6.050011825561523438e+01
6.010608291625976562e+01
5.971203994750976562e+01
5.931800842285156250e+01
5.892397689819335938e+01
5.852993774414062500e+01
5.813589859008789062e+01
5.774186325073242188e+01
5.734782791137695312e+01
5.695378875732421875e+01
5.655975341796875000e+01
5.616571807861328125e+01
5.577168655395507812e+01
5.537764358520507812e+01
5.498360824584960938e+01
5.458957290649414062e+01
5.419553756713867188e+01
5.380150222778320312e+01
5.340746307373046875e+01
5.301343154907226562e+01
5.261939620971679688e+01
5.222536087036132812e+01
5.183132171630859375e+01
5.143728256225585938e+01
5.104325103759765625e+01
5.064921188354492188e+01
5.025517272949218750e+01
4.986114120483398438e+01
4.946710205078125000e+01
4.907307052612304688e+01
4.867903137207031250e+01
4.828499221801757812e+01
4.789096069335937500e+01
4.749692153930664062e+01
4.710288619995117188e+01
4.670884704589843750e+01
4.631481170654296875e+01
4.592077636718750000e+01
4.552674484252929688e+01
4.513270568847656250e+01
4.473866653442382812e+01
4.434463500976562500e+01
4.395059967041015625e+01
4.355656433105468750e+01
4.316252517700195312e+01
4.276848983764648438e+01
4.237445449829101562e+01
4.198041915893554688e+01
4.158638000488281250e+01
4.119234466552734375e+01
4.079831314086914062e+01
4.040427017211914062e+01
4.001023483276367188e+01
3.961619567871093750e+01
3.922216796875000000e+01
3.882812500000000000e+01
3.843408966064453125e+01
