3.469618225097656250e+01
3.490367889404296875e+01
3.511204147338867188e+01
3.532126235961914062e+01
3.553136825561523438e+01
3.574232482910156250e+01
3.595414352416992188e+01
3.616676330566406250e+01
3.638018035888671875e+01
3.659438705444335938e+01
3.680938339233398438e+01
3.702515792846679688e+01
3.724166107177734375e+01
3.745888900756835938e+01
3.767684555053710938e+01
3.789554595947265625e+01
3.811495208740234375e+01
3.833506393432617188e+01
3.855585861206054688e+01
3.877736663818359375e+01
3.899958419799804688e+01
3.922245788574218750e+01
3.944600677490234375e+01
3.967022705078125000e+01
3.989513015747070312e+01
4.012068176269531250e+01
4.034689712524414062e+01
4.057374191284179688e+01
4.080118942260742188e+01
4.102924728393554688e+01
4.125788879394531250e+01
4.148711013793945312e+01
4.171693420410156250e+01
4.194733810424804688e+01
4.217829513549804688e+01
4.240982055664062500e+01
4.264189529418945312e+01
4.287450027465820312e+01
4.310765075683593750e+01
4.334130477905273438e+01
4.357546234130859375e+01
4.381013488769531250e+01
4.404532623291015625e+01
4.428100585937500000e+01
4.451719284057617188e+01
4.475388717651367188e+01
4.499106216430664062e+01
4.522873687744140625e+01
4.546688842773437500e+01
4.570554351806640625e+01
4.594467544555664062e+01
4.618431091308593750e+01
4.642440795898437500e+01
4.666493225097656250e+01
4.690589904785156250e+01
4.714729309082031250e+01
4.738913345336914062e+01
4.763140106201171875e+01
4.787409210205078125e+01
4.811721420288085938e+01
4.836075592041015625e+01
4.860471343994140625e+01
4.884906768798828125e+01
4.909379577636718750e+01
4.933892440795898438e+01
4.958443069458007812e+01
4.983032989501953125e+01
5.007659912109375000e+01
5.032325744628906250e+01
5.057028579711914062e+01
5.081768035888671875e+01
5.106546020507812500e+01
5.131358337402343750e+01
5.156205749511718750e+01
5.181089019775390625e+01
5.206005477905273438e+01
5.230953979492187500e+01
5.255935287475585938e+01
5.280946350097656250e+01
5.305989074707031250e+01
5.331062316894531250e+01
5.356166839599609375e+01
5.381300735473632812e+01
5.406464767456054688e+01
5.431654357910156250e+01
5.456872940063476562e+01
5.482118606567382812e+01
5.507389831542968750e+01
5.532687377929687500e+01
5.558009719848632812e+01
5.583356094360351562e+01
5.608726882934570312e+01
5.634119415283203125e+01
5.659536743164062500e+01
5.684978103637695312e+01
5.710442352294921875e+01
5.735929489135742188e+01
5.761439132690429688e+01
5.786970520019531250e+01
5.812521743774414062e+01
