4.898365020751953125e+01
4.907961654663085938e+01
4.917574691772460938e+01
4.927202987670898438e+01
4.936848449707031250e+01
4.946510314941406250e+01
4.956189727783203125e+01
4.965885162353515625e+01
4.975597000122070312e+01
4.985324859619140625e+01
4.995068740844726562e+01
5.004827880859375000e+01
5.014601898193359375e+01
5.024391555786132812e+01
5.034197616577148438e+01
5.044019317626953125e+01
5.053855514526367188e+01
5.063705444335937500e+01
5.073571395874023438e+01
5.083452606201171875e+01
5.093347930908203125e+01
5.103258132934570312e+01
5.113183975219726562e+01
5.123124694824218750e+01
5.133079147338867188e+01
5.143048477172851562e+01
5.153034210205078125e+01
5.163034439086914062e+01
5.173049926757812500e+01
5.183079910278320312e+01
5.193123626708984375e+01
5.203181838989257812e+01
5.213255310058593750e+01
5.223342132568359375e+01
5.233442687988281250e+01
5.243557739257812500e+01
5.253687667846679688e+01
5.263832092285156250e+01
5.273989486694335938e+01
5.284160232543945312e+01
5.294343566894531250e+01
5.304540634155273438e+01
5.314751434326171875e+01
5.324974822998046875e+01
5.335214233398437500e+01
5.345466613769531250e+01
5.355731964111328125e+01
5.366011428833007812e+01
5.376303863525390625e+01
5.386609649658203125e+01
5.396927261352539062e+01
5.407258605957031250e+01
5.417602539062500000e+01
5.427959823608398438e+01
5.438329315185546875e+01
5.448711776733398438e+01
5.459106826782226562e+01
5.469514465332031250e+01
5.479936218261718750e+01
5.490369796752929688e+01
5.500814819335937500e+01
5.511272048950195312e+01
5.521740341186523438e+01
5.532221603393554688e+01
5.542715835571289062e+01
5.553221511840820312e+01
5.563739013671875000e+01
5.574267959594726562e+01
5.584807968139648438e+01
5.595359802246093750e+01
5.605921936035156250e+01
5.616495132446289062e+01
5.627078628540039062e+01
5.637673568725585938e+01
5.648278427124023438e+01
5.658892822265625000e+01
5.669517898559570312e+01
5.680153656005859375e+01
5.690799713134765625e+01
5.701456069946289062e+01
5.712123107910156250e+01
5.722801971435546875e+01
5.733491134643554688e+01
5.744190979003906250e+01
5.754901504516601562e+01
5.765621185302734375e+01
5.776351928710937500e+01
5.787092971801757812e+01
5.797844314575195312e+01
5.808605575561523438e+01
5.819377517700195312e+01
5.830158996582031250e+01
5.840951538085937500e+01
5.851752090454101562e+01
5.862563323974609375e+01
5.873383331298828125e+01
5.884212493896484375e+01
5.895051574707031250e+01
5.905900573730468750e+01
5.916759109497070312e+01
