2.192673492431640625e+01
2.196677589416503906e+01
2.200687408447265625e+01
2.204701995849609375e+01
2.208722496032714844e+01
2.212747573852539062e+01
2.216777992248535156e+01
2.220813179016113281e+01
2.224853706359863281e+01
2.228898811340332031e+01
2.232949066162109375e+01
2.237003326416015625e+01
2.241062545776367188e+01
2.245126342773437500e+01
2.249195098876953125e+01
2.253269004821777344e+01
2.257348442077636719e+01
2.261431884765625000e+01
2.265520286560058594e+01
2.269613456726074219e+01
2.273710823059082031e+01
2.277812576293945312e+01
2.281918334960937500e+01
2.286029434204101562e+01
2.290144729614257812e+01
2.294264984130859375e+01
2.298389244079589844e+01
2.302518081665039062e+01
2.306651115417480469e+01
2.310788917541503906e+01
2.314931297302246094e+01
2.319077873229980469e+01
2.323228073120117188e+01
2.327382278442382812e+01
2.331540870666503906e+01
2.335703086853027344e+01
2.339869880676269531e+01
2.344040679931640625e+01
2.348215103149414062e+01
2.352393722534179688e+01
2.356576156616210938e+01
2.360762214660644531e+01
2.364951896667480469e+01
2.369145965576171875e+01
2.373344039916992188e+01
2.377545738220214844e+01
2.381751823425292969e+01
2.385961151123046875e+01
2.390174293518066406e+01
2.394390869140625000e+01
2.398611259460449219e+01
2.402835845947265625e+01
2.407063484191894531e+01
2.411295509338378906e+01
2.415530967712402344e+01
2.419770050048828125e+01
2.424012947082519531e+01
2.428259086608886719e+01
2.432509040832519531e+01
2.436762237548828125e+01
2.441019248962402344e+01
2.445279884338378906e+01
2.449543762207031250e+01
2.453811073303222656e+01
2.458082199096679688e+01
2.462356185913085938e+01
2.466634368896484375e+01
2.470915985107421875e+01
2.475201034545898438e+01
2.479489517211914062e+01
2.483781051635742188e+01
2.488076210021972656e+01
2.492374992370605469e+01
2.496676635742187500e+01
2.500981712341308594e+01
2.505289840698242188e+01
2.509601974487304688e+01
2.513917732238769531e+01
2.518236541748046875e+01
2.522558593750000000e+01
2.526883697509765625e+01
2.531212425231933594e+01
2.535544204711914062e+01
2.539879608154296875e+01
2.544218063354492188e+01
2.548559379577636719e+01
2.552903747558593750e+01
2.557251358032226562e+01
2.561602210998535156e+01
2.565956687927246094e+01
2.570314407348632812e+01
2.574675559997558594e+01
2.579040145874023438e+01
2.583407020568847656e+01
2.587777519226074219e+01
2.592150688171386719e+01
2.596527290344238281e+01
2.600906562805175781e+01
2.605288887023925781e+01
2.609674644470214844e+01
