4.774376678466796875e+01
4.789718627929687500e+01
4.805070495605468750e+01
4.820432662963867188e+01
4.835805130004882812e+01
4.851187896728515625e+01
4.866580581665039062e+01
4.881982803344726562e+01
4.897393798828125000e+01
4.912815093994140625e+01
4.928245544433593750e+01
4.943686294555664062e+01
4.959136199951171875e+01
4.974594879150390625e+01
4.990061187744140625e+01
5.005536270141601562e+01
5.021019363403320312e+01
5.036510848999023438e+01
5.052009963989257812e+01
5.067518234252929688e+01
5.083034896850585938e+01
5.098558425903320312e+01
5.114090347290039062e+01
5.129628753662109375e+01
5.145174407958984375e+01
5.160727310180664062e+01
5.176287460327148438e+01
5.191855239868164062e+01
5.207429885864257812e+01
5.223011398315429688e+01
5.238599777221679688e+01
5.254195022583007812e+01
5.269797134399414062e+01
5.285406112670898438e+01
5.301023101806640625e+01
5.316646957397460938e+01
5.332278060913085938e+01
5.347915267944335938e+01
5.363560485839843750e+01
5.379211044311523438e+01
5.394868850708007812e+01
5.410532760620117188e+01
5.426203536987304688e+01
5.441881179809570312e+01
5.457564926147460938e+01
5.473255920410156250e+01
5.488952255249023438e+01
5.504655456542968750e+01
5.520365142822265625e+01
5.536082077026367188e+01
5.551804351806640625e+01
5.567533493041992188e+01
5.583269119262695312e+01
5.599010467529296875e+01
5.614758300781250000e+01
5.630512619018554688e+01
5.646273040771484375e+01
5.662039566040039062e+01
5.677812957763671875e+01
5.693593215942382812e+01
5.709380722045898438e+01
5.725174331665039062e+01
5.740974426269531250e+01
5.756781768798828125e+01
5.772595596313476562e+01
5.788415908813476562e+01
5.804241943359375000e+01
5.820074081420898438e+01
5.835911941528320312e+01
5.851757049560546875e+01
5.867607498168945312e+01
5.883465194702148438e+01
5.899328613281250000e+01
5.915198516845703125e+01
5.931075668334960938e+01
5.946958923339843750e+01
5.962849426269531250e+01
5.978747177124023438e+01
5.994651412963867188e+01
6.010561752319335938e+01
6.026478576660156250e+01
6.042402267456054688e+01
6.058330535888671875e+01
6.074267196655273438e+01
6.090209197998046875e+01
6.106158447265625000e+01
6.122115325927734375e+01
6.138079071044921875e+01
6.154048538208007812e+01
6.170024490356445312e+01
6.186007690429687500e+01
6.201997375488281250e+01
6.217993927001953125e+01
6.233995819091796875e+01
6.250004959106445312e+01
6.266020965576171875e+01
6.282043838500976562e+01
6.298072814941406250e+01
6.314109802246093750e+01
6.330152893066406250e+01
