3.059342384338378906e+01
3.088422203063964844e+01
3.117576026916503906e+01
3.146799659729003906e+01
3.176092720031738281e+01
3.205454254150390625e+01
3.234878921508789062e+01
3.264367675781250000e+01
3.293920516967773438e+01
3.323535537719726562e+01
3.353209686279296875e+01
3.382942199707031250e+01
3.412732315063476562e+01
3.442575073242187500e+01
3.472471618652343750e+01
3.502420806884765625e+01
3.532423782348632812e+01
3.562475585937500000e+01
3.592573165893554688e+01
3.622719955444335938e+01
3.652915954589843750e+01
3.683158493041992188e+01
3.713446807861328125e+01
3.743775939941406250e+01
3.774147033691406250e+01
3.804559707641601562e+01
3.835010528564453125e+01
3.865495681762695312e+01
3.896020889282226562e+01
3.926581192016601562e+01
3.957177352905273438e+01
3.987806701660156250e+01
4.018466949462890625e+01
4.049160385131835938e+01
4.079884719848632812e+01
4.110639190673828125e+01
4.141423797607421875e+01
4.172236251831054688e+01
4.203076553344726562e+01
4.233945465087890625e+01
4.264840698242187500e+01
4.295763015747070312e+01
4.326712036132812500e+01
4.357685089111328125e+01
4.388684844970703125e+01
4.419707107543945312e+01
4.450753021240234375e+01
4.481822586059570312e+01
4.512912750244140625e+01
4.544025421142578125e+01
4.575159072875976562e+01
4.606314468383789062e+01
4.637489700317382812e+01
4.668687438964843750e+01
4.699905014038085938e+01
4.731142044067382812e+01
4.762399291992187500e+01
4.793676376342773438e+01
4.824971771240234375e+01
4.856283187866210938e+01
4.887615203857421875e+01
4.918964767456054688e+01
4.950330352783203125e+01
4.981711959838867188e+01
5.013110351562500000e+01
5.044528198242187500e+01
5.075960922241210938e+01
5.107409667968750000e+01
5.138875198364257812e+01
5.170356369018554688e+01
5.201853942871093750e+01
5.233366775512695312e+01
5.264893722534179688e+01
5.296435165405273438e+01
5.327992248535156250e+01
5.359565353393554688e+01
5.391152191162109375e+01
5.422753143310546875e+01
5.454368209838867188e+01
5.485997390747070312e+01
5.517641830444335938e+01
5.549299621582031250e+01
5.580970382690429688e+01
5.612654113769531250e+01
5.644351577758789062e+01
5.676061248779296875e+01
5.707781982421875000e+01
5.739515686035156250e+01
5.771261215209960938e+01
5.803018188476562500e+01
5.834786987304687500e+01
5.866567993164062500e+01
5.898359680175781250e+01
5.930163955688476562e+01
5.961979293823242188e+01
5.993806076049804688e+01
6.025643920898437500e+01
6.057494354248046875e+01
6.089354324340820312e+01
6.121227264404296875e+01
