8.161702156066894531e+00
8.187773704528808594e+00
8.213975906372070312e+00
8.240316390991210938e+00
8.266788482666015625e+00
8.293386459350585938e+00
8.320113182067871094e+00
8.346971511840820312e+00
8.373950958251953125e+00
8.401059150695800781e+00
8.428285598754882812e+00
8.455634117126464844e+00
8.483111381530761719e+00
8.510702133178710938e+00
8.538414001464843750e+00
8.566244125366210938e+00
8.594190597534179688e+00
8.622252464294433594e+00
8.650431632995605469e+00
8.678733825683593750e+00
8.707157135009765625e+00
8.735694885253906250e+00
8.764352798461914062e+00
8.793122291564941406e+00
8.821998596191406250e+00
8.850978851318359375e+00
8.880064010620117188e+00
8.909254074096679688e+00
8.938549041748046875e+00
8.967948913574218750e+00
8.997454643249511719e+00
9.027062416076660156e+00
9.056766510009765625e+00
9.086570739746093750e+00
9.116470336914062500e+00
9.146470069885253906e+00
9.176568984985351562e+00
9.206768989562988281e+00
9.237069129943847656e+00
9.267461776733398438e+00
9.297945022583007812e+00
9.328516960144042969e+00
9.359180450439453125e+00
9.389932632446289062e+00
9.420772552490234375e+00
9.451704978942871094e+00
9.482730865478515625e+00
9.513849258422851562e+00
9.545054435729980469e+00
9.576347351074218750e+00
9.607719421386718750e+00
9.639177322387695312e+00
9.670716285705566406e+00
9.702338218688964844e+00
9.734043121337890625e+00
9.765825271606445312e+00
9.797679901123046875e+00
9.829608917236328125e+00
9.861619949340820312e+00
9.893710136413574219e+00
9.925873756408691406e+00
9.958111763000488281e+00
9.990423202514648438e+00
1.002280998229980469e+01
1.005527210235595703e+01
1.008780574798583984e+01
1.012040424346923828e+01
1.015307140350341797e+01
1.018581104278564453e+01
1.021862316131591797e+01
1.025150299072265625e+01
1.028445053100585938e+01
1.031746101379394531e+01
1.035053730010986328e+01
1.038368415832519531e+01
1.041690063476562500e+01
1.045019245147705078e+01
1.048354911804199219e+01
1.051696872711181641e+01
1.055045509338378906e+01
1.058399963378906250e+01
1.061760425567626953e+01
1.065126705169677734e+01
1.068499183654785156e+01
1.071877384185791016e+01
1.075261116027832031e+01
1.078650665283203125e+01
1.082046508789062500e+01
1.085448074340820312e+01
1.088854885101318359e+01
1.092267704010009766e+01
1.095686054229736328e+01
1.099110031127929688e+01
1.102539539337158203e+01
1.105974864959716797e+01
1.109415149688720703e+01
1.112860870361328125e+01
1.116312313079833984e+01
1.119769382476806641e+01
1.123231410980224609e+01
