5.219651412963867188e+01
5.234769439697265625e+01
5.249898529052734375e+01
5.265037918090820312e+01
5.280186843872070312e+01
5.295346450805664062e+01
5.310516357421875000e+01
5.325695419311523438e+01
5.340883255004882812e+01
5.356080627441406250e+01
5.371287155151367188e+01
5.386503982543945312e+01
5.401730728149414062e+01
5.416967010498046875e+01
5.432212448120117188e+01
5.447467422485351562e+01
5.462730407714843750e+01
5.478004455566406250e+01
5.493287658691406250e+01
5.508577728271484375e+01
5.523876953125000000e+01
5.539184188842773438e+01
5.554499435424804688e+01
5.569823074340820312e+01
5.585156631469726562e+01
5.600498580932617188e+01
5.615849304199218750e+01
5.631208038330078125e+01
5.646574401855468750e+01
5.661949539184570312e+01
5.677332687377929688e+01
5.692723083496093750e+01
5.708121871948242188e+01
5.723527145385742188e+01
5.738940429687500000e+01
5.754360961914062500e+01
5.769788742065429688e+01
5.785223770141601562e+01
5.800666046142578125e+01
5.816115570068359375e+01
5.831572341918945312e+01
5.847035980224609375e+01
5.862506866455078125e+01
5.877985382080078125e+01
5.893471527099609375e+01
5.908963775634765625e+01
5.924464416503906250e+01
5.939971542358398438e+01
5.955486297607421875e+01
5.971007537841796875e+01
5.986535263061523438e+01
6.002070999145507812e+01
6.017613220214843750e+01
6.033162689208984375e+01
6.048718643188476562e+01
6.064280700683593750e+01
6.079850769042968750e+01
6.095426940917968750e+01
6.111010360717773438e+01
6.126599884033203125e+01
6.142196655273437500e+01
6.157799911499023438e+01
6.173409652709960938e+01
6.189026260375976562e+01
6.204650115966796875e+01
6.220281982421875000e+01
6.235918045043945312e+01
6.251562500000000000e+01
6.267212677001953125e+01
6.282867431640625000e+01
6.298528289794921875e+01
6.314196014404296875e+01
6.329867935180664062e+01
6.345546340942382812e+01
6.361230468750000000e+01
6.376920700073242188e+01
6.392616653442382812e+01
6.408318328857421875e+01
6.424026489257812500e+01
6.439739990234375000e+01
6.455458831787109375e+01
6.471184539794921875e+01
6.486915588378906250e+01
6.502651977539062500e+01
6.518394470214843750e+01
6.534143066406250000e+01
6.549897003173828125e+01
6.565657806396484375e+01
6.581423950195312500e+01
6.597195434570312500e+01
6.612973785400390625e+01
6.628758239746093750e+01
6.644549560546875000e+01
6.660344696044921875e+01
6.676147460937500000e+01
6.691954040527343750e+01
6.707768249511718750e+01
6.723585510253906250e+01
6.739410400390625000e+01
6.755240631103515625e+01
