3.701734924316406250e+01
3.726858139038085938e+01
3.752010726928710938e+01
3.777193832397460938e+01
3.802406692504882812e+01
3.827651977539062500e+01
3.852928543090820312e+01
3.878237152099609375e+01
3.903579330444335938e+01
3.928952789306640625e+01
3.954359054565429688e+01
3.979797744750976562e+01
4.005269622802734375e+01
4.030772781372070312e+01
4.056309890747070312e+01
4.081879806518554688e+01
4.107483291625976562e+01
4.133121490478515625e+01
4.158792114257812500e+01
4.184497833251953125e+01
4.210239410400390625e+01
4.236013031005859375e+01
4.261820220947265625e+01
4.287661361694335938e+01
4.313537979125976562e+01
4.339447784423828125e+01
4.365391921997070312e+01
4.391368484497070312e+01
4.417379379272460938e+01
4.443423080444335938e+01
4.469501876831054688e+01
4.495616149902343750e+01
4.521764755249023438e+01
4.547945404052734375e+01
4.574156570434570312e+01
4.600400543212890625e+01
4.626676177978515625e+01
4.652983856201171875e+01
4.679324340820312500e+01
4.705698776245117188e+01
4.732103729248046875e+01
4.758541870117187500e+01
4.785013198852539062e+01
4.811513519287109375e+01
4.838042449951171875e+01
4.864602661132812500e+01
4.891193389892578125e+01
4.917815399169921875e+01
4.944467544555664062e+01
4.971150588989257812e+01
4.997863006591796875e+01
5.024605560302734375e+01
5.051378250122070312e+01
5.078179168701171875e+01
5.105005645751953125e+01
5.131858444213867188e+01
5.158736801147460938e+01
5.185642623901367188e+01
5.212574768066406250e+01
5.239532470703125000e+01
5.266517257690429688e+01
5.293527984619140625e+01
5.320562362670898438e+01
5.347621917724609375e+01
5.374703979492187500e+01
5.401808547973632812e+01
5.428936767578125000e+01
5.456086730957031250e+01
5.483259201049804688e+01
5.510454940795898438e+01
5.537671661376953125e+01
5.564909362792968750e+01
5.592169189453125000e+01
5.619448852539062500e+01
5.646748733520507812e+01
5.674068832397460938e+01
5.701408767700195312e+01
5.728767776489257812e+01
5.756144714355468750e+01
5.783540344238281250e+01
5.810953521728515625e+01
5.838385391235351562e+01
5.865835952758789062e+01
5.893303298950195312e+01
5.920787429809570312e+01
5.948288726806640625e+01
5.975806427001953125e+01
6.003339004516601562e+01
6.030886077880859375e+01
6.058448791503906250e+01
6.086029052734375000e+01
6.113624191284179688e+01
6.141234588623046875e+01
6.168859100341796875e+01
6.196500015258789062e+01
6.224155044555664062e+01
6.251825714111328125e+01
6.279509735107421875e+01
6.307207489013671875e+01
6.334920883178710938e+01
