4.348742294311523438e+01
4.366437530517578125e+01
4.384144973754882812e+01
4.401865005493164062e+01
4.419597625732421875e+01
4.437342071533203125e+01
4.455098724365234375e+01
4.472867202758789062e+01
4.490648651123046875e+01
4.508439636230468750e+01
4.526243591308593750e+01
4.544057846069335938e+01
4.561883163452148438e+01
4.579720687866210938e+01
4.597568893432617188e+01
4.615427017211914062e+01
4.633296585083007812e+01
4.651177215576171875e+01
4.669068145751953125e+01
4.686970138549804688e+01
4.704882812500000000e+01
4.722805786132812500e+01
4.740739822387695312e+01
4.758684921264648438e+01
4.776640701293945312e+01
4.794606781005859375e+01
4.812584686279296875e+01
4.830572128295898438e+01
4.848570251464843750e+01
4.866578292846679688e+01
4.884597396850585938e+01
4.902627182006835938e+01
4.920668029785156250e+01
4.938719177246093750e+01
4.956780624389648438e+01
4.974852371215820312e+01
4.992934417724609375e+01
5.011028289794921875e+01
5.029133224487304688e+01
5.047249603271484375e+01
5.065375518798828125e+01
5.083512115478515625e+01
5.101659011840820312e+01
5.119818115234375000e+01
5.137986373901367188e+01
5.156166076660156250e+01
5.174355316162109375e+01
5.192554473876953125e+01
5.210765457153320312e+01
5.228986358642578125e+01
5.247218704223632812e+01
5.265461730957031250e+01
5.283715820312500000e+01
5.301981353759765625e+01
5.320256042480468750e+01
5.338541030883789062e+01
5.356835937500000000e+01
5.375143051147460938e+01
5.393460083007812500e+01
5.411789321899414062e+01
5.430129241943359375e+01
5.448480224609375000e+01
5.466841888427734375e+01
5.485215759277343750e+01
5.503600692749023438e+01
5.521996688842773438e+01
5.540403747558593750e+01
5.558820724487304688e+01
5.577249145507812500e+01
5.595688247680664062e+01
5.614138793945312500e+01
5.632600021362304688e+01
5.651071548461914062e+01
5.669554901123046875e+01
5.688050460815429688e+01
5.706555557250976562e+01
5.725071716308593750e+01
5.743598556518554688e+01
5.762136459350585938e+01
5.780684661865234375e+01
5.799242782592773438e+01
5.817812347412109375e+01
5.836391830444335938e+01
5.854980468750000000e+01
5.873581314086914062e+01
5.892192459106445312e+01
5.910813140869140625e+01
5.929445266723632812e+01
5.948085403442382812e+01
5.966737365722656250e+01
5.985398101806640625e+01
6.004069519042968750e+01
6.022751235961914062e+01
6.041442489624023438e+01
6.060142898559570312e+01
6.078853607177734375e+01
6.097573089599609375e+01
6.116302871704101562e+01
6.135042953491210938e+01
6.153792953491210938e+01
