3.504005432128906250e+01
3.529047393798828125e+01
3.554111480712890625e+01
3.579196548461914062e+01
3.604302215576171875e+01
3.629428482055664062e+01
3.654573822021484375e+01
3.679740142822265625e+01
3.704924774169921875e+01
3.730128097534179688e+01
3.755349731445312500e+01
3.780590820312500000e+01
3.805849838256835938e+01
3.831127548217773438e+01
3.856422805786132812e+01
3.881735992431640625e+01
3.907067871093750000e+01
3.932418060302734375e+01
3.957786560058593750e+01
3.983172988891601562e+01
4.008578109741210938e+01
4.034001541137695312e+01
4.059442138671875000e+01
4.084901046752929688e+01
4.110378646850585938e+01
4.135873031616210938e+01
4.161385345458984375e+01
4.186914825439453125e+01
4.212462997436523438e+01
4.238027954101562500e+01
4.263609695434570312e+01
4.289210128784179688e+01
4.314827728271484375e+01
4.340462875366210938e+01
4.366114807128906250e+01
4.391783523559570312e+01
4.417468643188476562e+01
4.443170928955078125e+01
4.468890762329101562e+01
4.494627761840820312e+01
4.520383453369140625e+01
4.546155166625976562e+01
4.571944427490234375e+01
4.597749710083007812e+01
4.623570251464843750e+01
4.649407196044921875e+01
4.675259780883789062e+01
4.701128768920898438e+01
4.727013778686523438e+01
4.752916717529296875e+01
4.778834533691406250e+01
4.804767227172851562e+01
4.830714797973632812e+01
4.856676483154296875e+01
4.882652664184570312e+01
4.908644104003906250e+01
4.934649276733398438e+01
4.960668563842773438e+01
4.986701202392578125e+01
5.012748336791992188e+01
5.038808441162109375e+01
5.064881896972656250e+01
5.090967941284179688e+01
5.117067337036132812e+01
5.143179702758789062e+01
5.169305038452148438e+01
5.195442962646484375e+01
5.221592712402343750e+01
5.247753143310546875e+01
5.273926544189453125e+01
5.300112533569335938e+01
5.326308822631835938e+01
5.352516174316406250e+01
5.378736114501953125e+01
5.404965591430664062e+01
5.431206130981445312e+01
5.457456207275390625e+01
5.483716583251953125e+01
5.509986495971679688e+01
5.536267089843750000e+01
5.562556076049804688e+01
5.588855743408203125e+01
5.615164566040039062e+01
5.641481781005859375e+01
5.667808151245117188e+01
5.694142532348632812e+01
5.720484542846679688e+01
5.746835327148437500e+01
5.773194885253906250e+01
5.799561691284179688e+01
5.825938034057617188e+01
5.852322387695312500e+01
5.878713989257812500e+01
5.905113220214843750e+01
5.931518173217773438e+01
5.957931137084960938e+01
5.984349822998046875e+01
6.010776519775390625e+01
6.037208175659179688e+01
6.063645935058593750e+01
