2.829700088500976562e+01
2.838350486755371094e+01
2.847025299072265625e+01
2.855725479125976562e+01
2.864448928833007812e+01
2.873195838928222656e+01
2.881966972351074219e+01
2.890761756896972656e+01
2.899580383300781250e+01
2.908421516418457031e+01
2.917287445068359375e+01
2.926176643371582031e+01
2.935088157653808594e+01
2.944022560119628906e+01
2.952982330322265625e+01
2.961965942382812500e+01
2.970971870422363281e+01
2.979999732971191406e+01
2.989050292968750000e+01
2.998122215270996094e+01
3.007217407226562500e+01
3.016334724426269531e+01
3.025473976135253906e+01
3.034636116027832031e+01
3.043820762634277344e+01
3.053027153015136719e+01
3.062254905700683594e+01
3.071504592895507812e+01
3.080775070190429688e+01
3.090066719055175781e+01
3.099381637573242188e+01
3.108717346191406250e+01
3.118074035644531250e+01
3.127451133728027344e+01
3.136847877502441406e+01
3.146265602111816406e+01
3.155703735351562500e+01
3.165162467956542969e+01
3.174642753601074219e+01
3.184143829345703125e+01
3.193667411804199219e+01
3.203210830688476562e+01
3.212775039672851562e+01
3.222361755371093750e+01
3.231967926025390625e+01
3.241596603393554688e+01
3.251245117187500000e+01
3.260914611816406250e+01
3.270605468750000000e+01
3.280317306518554688e+01
3.290047073364257812e+01
3.299795150756835938e+01
3.309562301635742188e+01
3.319347000122070312e+01
3.329150772094726562e+01
3.338974761962890625e+01
3.348816680908203125e+01
3.358677673339843750e+01
3.368558883666992188e+01
3.378459167480468750e+01
3.388377761840820312e+01
3.398315811157226562e+01
3.408271789550781250e+01
3.418247222900390625e+01
3.428240966796875000e+01
3.438253784179687500e+01
3.448283386230468750e+01
3.458329772949218750e+01
3.468391418457031250e+01
3.478470993041992188e+01
3.488566970825195312e+01
3.498679733276367188e+01
3.508808898925781250e+01
3.518956375122070312e+01
3.529120254516601562e+01
3.539300537109375000e+01
3.549497985839843750e+01
3.559711837768554688e+01
3.569943237304687500e+01
3.580189514160156250e+01
3.590451049804687500e+01
3.600728225708007812e+01
3.611020660400390625e+01
3.621329116821289062e+01
3.631653976440429688e+01
3.641993713378906250e+01
3.652349472045898438e+01
3.662722015380859375e+01
3.673110198974609375e+01
3.683513259887695312e+01
3.693932342529296875e+01
3.704365921020507812e+01
3.714812469482421875e+01
3.725274276733398438e+01
3.735750579833984375e+01
3.746241760253906250e+01
3.756745910644531250e+01
3.767263412475585938e+01
3.777795410156250000e+01
3.788341140747070312e+01
