3.121875381469726562e+01
3.147483634948730469e+01
3.173143386840820312e+01
3.198852348327636719e+01
3.224608230590820312e+01
3.250412750244140625e+01
3.276263809204101562e+01
3.302158355712890625e+01
3.328098678588867188e+01
3.354080581665039062e+01
3.380104064941406250e+01
3.406170272827148438e+01
3.432276916503906250e+01
3.458422851562500000e+01
3.484608840942382812e+01
3.510832977294921875e+01
3.537093353271484375e+01
3.563389968872070312e+01
3.589722442626953125e+01
3.616091156005859375e+01
3.642494964599609375e+01
3.668931579589843750e+01
3.695401382446289062e+01
3.721904373168945312e+01
3.748439407348632812e+01
3.775004959106445312e+01
3.801602172851562500e+01
3.828229904174804688e+01
3.854887390136718750e+01
3.881573104858398438e+01
3.908287429809570312e+01
3.935029602050781250e+01
3.961800003051757812e+01
3.988597488403320312e+01
4.015422439575195312e+01
4.042274856567382812e+01
4.069153976440429688e+01
4.096059799194335938e+01
4.122990036010742188e+01
4.149946212768554688e+01
4.176925277709960938e+01
4.203928756713867188e+01
4.230957412719726562e+01
4.258008956909179688e+01
4.285084533691406250e+01
4.312184143066406250e+01
4.339304733276367188e+01
4.366448593139648438e+01
4.393611907958984375e+01
4.420797348022460938e+01
4.448003387451171875e+01
4.475230789184570312e+01
4.502479553222656250e+01
4.529747390747070312e+01
4.557034683227539062e+01
4.584342956542968750e+01
4.611670684814453125e+01
4.639017486572265625e+01
4.666382598876953125e+01
4.693766784667968750e+01
4.721169281005859375e+01
4.748587799072265625e+01
4.776024627685546875e+01
4.803478622436523438e+01
4.830949401855468750e+01
4.858437728881835938e+01
4.885942077636718750e+01
4.913463592529296875e+01
4.941003417968750000e+01
4.968558120727539062e+01
4.996129226684570312e+01
5.023715591430664062e+01
5.051316833496093750e+01
5.078935241699218750e+01
5.106569290161132812e+01
5.134218978881835938e+01
5.161885452270507812e+01
5.189566040039062500e+01
5.217262268066406250e+01
5.244973754882812500e+01
5.272698974609375000e+01
5.300438308715820312e+01
5.328192520141601562e+01
5.355959320068359375e+01
5.383740615844726562e+01
5.411536788940429688e+01
5.439347076416015625e+01
5.467170715332031250e+01
5.495008087158203125e+01
5.522858428955078125e+01
5.550721359252929688e+01
5.578596496582031250e+01
5.606484985351562500e+01
5.634385299682617188e+01
5.662297058105468750e+01
5.690221023559570312e+01
5.718156814575195312e+01
5.746103286743164062e+01
5.774059295654296875e+01
5.802027130126953125e+01
