4.430359268188476562e+01
4.445876693725585938e+01
4.461425018310546875e+01
4.477002716064453125e+01
4.492608642578125000e+01
4.508242416381835938e+01
4.523903656005859375e+01
4.539588165283203125e+01
4.555298233032226562e+01
4.571036148071289062e+01
4.586799621582031250e+01
4.602590179443359375e+01
4.618407058715820312e+01
4.634249877929687500e+01
4.650116729736328125e+01
4.666006469726562500e+01
4.681918334960937500e+01
4.697852706909179688e+01
4.713809204101562500e+01
4.729786682128906250e+01
4.745787048339843750e+01
4.761811828613281250e+01
4.777856826782226562e+01
4.793926239013671875e+01
4.810017395019531250e+01
4.826129913330078125e+01
4.842263793945312500e+01
4.858419799804687500e+01
4.874595642089843750e+01
4.890792465209960938e+01
4.907010269165039062e+01
4.923248291015625000e+01
4.939506530761718750e+01
4.955783081054687500e+01
4.972082138061523438e+01
4.988401412963867188e+01
5.004741287231445312e+01
5.021098709106445312e+01
5.037475585937500000e+01
5.053873443603515625e+01
5.070288848876953125e+01
5.086722183227539062e+01
5.103174209594726562e+01
5.119644927978515625e+01
5.136132812500000000e+01
5.152638626098632812e+01
5.169162368774414062e+01
5.185703277587890625e+01
5.202262878417968750e+01
5.218839263916015625e+01
5.235433197021484375e+01
5.252043914794921875e+01
5.268672943115234375e+01
5.285317230224609375e+01
5.301978302001953125e+01
5.318655395507812500e+01
5.335347366333007812e+01
5.352055358886718750e+01
5.368778610229492188e+01
5.385517501831054688e+01
5.402272415161132812e+01
5.419043731689453125e+01
5.435830307006835938e+01
5.452630233764648438e+01
5.469446563720703125e+01
5.486278152465820312e+01
5.503125000000000000e+01
5.519985580444335938e+01
5.536861038208007812e+01
5.553751373291015625e+01
5.570656204223632812e+01
5.587575531005859375e+01
5.604508590698242188e+01
5.621455764770507812e+01
5.638415527343750000e+01
5.655390167236328125e+01
5.672379302978515625e+01
5.689381408691406250e+01
5.706398773193359375e+01
5.723429107666015625e+01
5.740472412109375000e+01
5.757529067993164062e+01
5.774596405029296875e+01
5.791678619384765625e+01
5.808773422241210938e+01
5.825880050659179688e+01
5.842998504638671875e+01
5.860130691528320312e+01
5.877274322509765625e+01
5.894429016113281250e+01
5.911595916748046875e+01
5.928775024414062500e+01
5.945966720581054688e+01
5.963171005249023438e+01
5.980386734008789062e+01
5.997615814208984375e+01
6.014857101440429688e+01
6.032110595703125000e+01
6.049376296997070312e+01
6.066654205322265625e+01
