4.427353286743164062e+01
4.444695663452148438e+01
4.462061309814453125e+01
4.479449462890625000e+01
4.496858978271484375e+01
4.514291000366210938e+01
4.531744766235351562e+01
4.549221420288085938e+01
4.566719818115234375e+01
4.584239196777343750e+01
4.601779556274414062e+01
4.619339752197265625e+01
4.636921691894531250e+01
4.654525756835937500e+01
4.672151947021484375e+01
4.689800643920898438e+01
4.707469177246093750e+01
4.725158309936523438e+01
4.742868804931640625e+01
4.760601043701171875e+01
4.778356170654296875e+01
4.796132278442382812e+01
4.813930130004882812e+01
4.831750106811523438e+01
4.849591445922851562e+01
4.867453002929687500e+01
4.885335922241210938e+01
4.903239440917968750e+01
4.921164703369140625e+01
4.939110565185546875e+01
4.957077789306640625e+01
4.975064468383789062e+01
4.993071365356445312e+01
5.011098098754882812e+01
5.029146575927734375e+01
5.047214508056640625e+01
5.065302658081054688e+01
5.083409500122070312e+01
5.101534652709960938e+01
5.119678497314453125e+01
5.137839889526367188e+01
5.156018066406250000e+01
5.174212265014648438e+01
5.192424392700195312e+01
5.210652160644531250e+01
5.228893661499023438e+01
5.247151184082031250e+01
5.265422821044921875e+01
5.283708953857421875e+01
5.302008438110351562e+01
5.320321273803710938e+01
5.338646697998046875e+01
5.356983947753906250e+01
5.375333404541015625e+01
5.393692398071289062e+01
5.412060928344726562e+01
5.430440902709960938e+01
5.448830795288085938e+01
5.467230224609375000e+01
5.485638046264648438e+01
5.504052734375000000e+01
5.522476577758789062e+01
5.540906906127929688e+01
5.559346008300781250e+01
5.577791595458984375e+01
5.596244430541992188e+01
5.614703369140625000e+01
5.633169555664062500e+01
5.651641082763671875e+01
5.670119094848632812e+01
5.688602447509765625e+01
5.707091903686523438e+01
5.725587463378906250e+01
5.744087982177734375e+01
5.762593460083007812e+01
5.781104660034179688e+01
5.799620819091796875e+01
5.818141555786132812e+01
5.836667251586914062e+01
5.855197906494140625e+01
5.873733520507812500e+01
5.892272949218750000e+01
5.910816574096679688e+01
5.929365921020507812e+01
5.947919464111328125e+01
5.966477203369140625e+01
5.985038757324218750e+01
6.003606796264648438e+01
6.022178649902343750e+01
6.040754318237304688e+01
6.059334182739257812e+01
6.077917480468750000e+01
6.096504974365234375e+01
6.115096664428710938e+01
6.133692932128906250e+01
6.152293014526367188e+01
6.170897293090820312e+01
6.189506149291992188e+01
6.208118820190429688e+01
6.226735305786132812e+01
