5.715449142456054688e+01
5.728493118286132812e+01
5.741555023193359375e+01
5.754635238647460938e+01
5.767731857299804688e+01
5.780845642089843750e+01
5.793975448608398438e+01
5.807122039794921875e+01
5.820286178588867188e+01
5.833466720581054688e+01
5.846663284301757812e+01
5.859874343872070312e+01
5.873102188110351562e+01
5.886344528198242188e+01
5.899604034423828125e+01
5.912878417968750000e+01
5.926167297363281250e+01
5.939471435546875000e+01
5.952790832519531250e+01
5.966123580932617188e+01
5.979472732543945312e+01
5.992835998535156250e+01
6.006212615966796875e+01
6.019604873657226562e+01
6.033010482788085938e+01
6.046430587768554688e+01
6.059865951538085938e+01
6.073313903808593750e+01
6.086776351928710938e+01
6.100251388549804688e+01
6.113739013671875000e+01
6.127238845825195312e+01
6.140751266479492188e+01
6.154275131225585938e+01
6.167811203002929688e+01
6.181359863281250000e+01
6.194920730590820312e+01
6.208493041992187500e+01
6.222077941894531250e+01
6.235675048828125000e+01
6.249284744262695312e+01
6.262906265258789062e+01
6.276539611816406250e+01
6.290183258056640625e+01
6.303838729858398438e+01
6.317506408691406250e+01
6.331184005737304688e+01
6.344872283935546875e+01
6.358571624755859375e+01
6.372280502319335938e+01
6.386000823974609375e+01
6.399730682373046875e+01
6.413471221923828125e+01
6.427221679687500000e+01
6.440982055664062500e+01
6.454753112792968750e+01
6.468532562255859375e+01
6.482321929931640625e+01
6.496120452880859375e+01
6.509928131103515625e+01
6.523746490478515625e+01
6.537574005126953125e+01
6.551411437988281250e+01
6.565257263183593750e+01
6.579111480712890625e+01
6.592974853515625000e+01
6.606846618652343750e+01
6.620726013183593750e+01
6.634615325927734375e+01
6.648510742187500000e+01
6.662416839599609375e+01
6.676329040527343750e+01
6.690251159667968750e+01
6.704182434082031250e+01
6.718121337890625000e+01
6.732068634033203125e+01
6.746023559570312500e+01
6.759986114501953125e+01
6.773956298828125000e+01
6.787933349609375000e+01
6.801920318603515625e+01
6.815913391113281250e+01
6.829915618896484375e+01
6.843926239013671875e+01
6.857942962646484375e+01
6.871966552734375000e+01
6.885997772216796875e+01
6.900035858154296875e+01
6.914081573486328125e+01
6.928134918212890625e+01
6.942192840576171875e+01
6.956259155273437500e+01
6.970331573486328125e+01
6.984410095214843750e+01
6.998497009277343750e+01
7.012590026855468750e+01
7.026690673828125000e+01
7.040797424316406250e+01
7.054909515380859375e+01
7.069027709960937500e+01
