2.716699981689453125e+01
2.726280021667480469e+01
2.735887145996093750e+01
2.745522689819335938e+01
2.755188179016113281e+01
2.764880180358886719e+01
2.774600410461425781e+01
2.784346961975097656e+01
2.794121932983398438e+01
2.803925323486328125e+01
2.813755416870117188e+01
2.823613357543945312e+01
2.833498001098632812e+01
2.843408584594726562e+01
2.853343200683593750e+01
2.863303565979003906e+01
2.873289108276367188e+01
2.883301544189453125e+01
2.893339538574218750e+01
2.903403472900390625e+01
2.913492965698242188e+01
2.923608589172363281e+01
2.933750343322753906e+01
2.943916320800781250e+01
2.954105567932128906e+01
2.964316940307617188e+01
2.974553108215332031e+01
2.984812545776367188e+01
2.995095062255859375e+01
3.005401039123535156e+01
3.015729141235351562e+01
3.026082038879394531e+01
3.036457633972167969e+01
3.046857643127441406e+01
3.057280540466308594e+01
3.067727470397949219e+01
3.078196907043457031e+01
3.088687896728515625e+01
3.099201393127441406e+01
3.109737205505371094e+01
3.120296096801757812e+01
3.130877685546875000e+01
3.141479873657226562e+01
3.152102470397949219e+01
3.162746810913085938e+01
3.173411750793457031e+01
3.184097862243652344e+01
3.194804954528808594e+01
3.205532073974609375e+01
3.216278839111328125e+01
3.227046585083007812e+01
3.237834548950195312e+01
3.248642730712890625e+01
3.259472656250000000e+01
3.270322418212890625e+01
3.281192779541015625e+01
3.292083740234375000e+01
3.302994537353515625e+01
3.313922882080078125e+01
3.324870300292968750e+01
3.335836410522460938e+01
3.346820449829101562e+01
3.357824325561523438e+01
3.368846511840820312e+01
3.379887390136718750e+01
3.390944671630859375e+01
3.402020645141601562e+01
3.413115310668945312e+01
3.424227523803710938e+01
3.435357666015625000e+01
3.446504974365234375e+01
3.457669448852539062e+01
3.468851852416992188e+01
3.480052947998046875e+01
3.491270828247070312e+01
3.502507019042968750e+01
3.513759994506835938e+01
3.525029373168945312e+01
3.536315917968750000e+01
3.547619247436523438e+01
3.558939743041992188e+01
3.570275878906250000e+01
3.581629943847656250e+01
3.592997741699218750e+01
3.604381179809570312e+01
3.615781402587890625e+01
3.627196502685546875e+01
3.638626861572265625e+01
3.650073242187500000e+01
3.661534881591796875e+01
3.673012161254882812e+01
3.684504318237304688e+01
3.696012115478515625e+01
3.707532882690429688e+01
3.719068145751953125e+01
3.730617523193359375e+01
3.742180633544921875e+01
3.753757858276367188e+01
3.765348434448242188e+01
3.776955032348632812e+01
