5.016021728515625000e+01
5.030354690551757812e+01
5.044691848754882812e+01
5.059034729003906250e+01
5.073384094238281250e+01
5.087739562988281250e+01
5.102101135253906250e+01
5.116467666625976562e+01
5.130840301513671875e+01
5.145218276977539062e+01
5.159601974487304688e+01
5.173991775512695312e+01
5.188386154174804688e+01
5.202787017822265625e+01
5.217193603515625000e+01
5.231605911254882812e+01
5.246023941040039062e+01
5.260448074340820312e+01
5.274877548217773438e+01
5.289313125610351562e+01
5.303754043579101562e+01
5.318201065063476562e+01
5.332653045654296875e+01
5.347110748291015625e+01
5.361575698852539062e+01
5.376045989990234375e+01
5.390522003173828125e+01
5.405004501342773438e+01
5.419493484497070312e+01
5.433989334106445312e+01
5.448491668701171875e+01
5.463000488281250000e+01
5.477516174316406250e+01
5.492038726806640625e+01
5.506569290161132812e+01
5.521106719970703125e+01
5.535651016235351562e+01
5.550202941894531250e+01
5.564762496948242188e+01
5.579329681396484375e+01
5.593904113769531250e+01
5.608486175537109375e+01
5.623075866699218750e+01
5.637674713134765625e+01
5.652280426025390625e+01
5.666894531250000000e+01
5.681515884399414062e+01
5.696146392822265625e+01
5.710784912109375000e+01
5.725431823730468750e+01
5.740087509155273438e+01
5.754751968383789062e+01
5.769424438476562500e+01
5.784106063842773438e+01
5.798796081542968750e+01
5.813494873046875000e+01
5.828201293945312500e+01
5.842918777465820312e+01
5.857643127441406250e+01
5.872376251220703125e+01
5.887118148803710938e+01
5.901869583129882812e+01
5.916627883911132812e+01
5.931394577026367188e+01
5.946169281005859375e+01
5.960951995849609375e+01
5.975743103027343750e+01
5.990541839599609375e+01
6.005348587036132812e+01
6.020163345336914062e+01
6.034984207153320312e+01
6.049813842773437500e+01
6.064649963378906250e+01
6.079494476318359375e+01
6.094345855712890625e+01
6.109204101562500000e+01
6.124069595336914062e+01
6.138940811157226562e+01
6.153820800781250000e+01
6.168706893920898438e+01
6.183600616455078125e+01
6.198500823974609375e+01
6.213407516479492188e+01
6.228320312500000000e+01
6.243238830566406250e+01
6.258163833618164062e+01
6.273095321655273438e+01
6.288032531738281250e+01
6.302975082397460938e+01
6.317922973632812500e+01
6.332877731323242188e+01
6.347838211059570312e+01
6.362803649902343750e+01
6.377775573730468750e+01
6.392752838134765625e+01
6.407734680175781250e+01
6.422721862792968750e+01
6.437714385986328125e+01
6.452712249755859375e+01
6.467715454101562500e+01
