2.139251136779785156e+01
2.143770790100097656e+01
2.148297882080078125e+01
2.152832412719726562e+01
2.157374382019042969e+01
2.161923027038574219e+01
2.166479873657226562e+01
2.171043777465820312e+01
2.175614738464355469e+01
2.180192756652832031e+01
2.184776306152343750e+01
2.189367103576660156e+01
2.193964195251464844e+01
2.198568725585937500e+01
2.203180122375488281e+01
2.207798767089843750e+01
2.212424087524414062e+01
2.217056274414062500e+01
2.221694374084472656e+01
2.226339530944824219e+01
2.230991744995117188e+01
2.235650634765625000e+01
2.240316581726074219e+01
2.244988822937011719e+01
2.249667739868164062e+01
2.254352378845214844e+01
2.259043693542480469e+01
2.263741874694824219e+01
2.268446350097656250e+01
2.273157501220703125e+01
2.277875328063964844e+01
2.282599258422851562e+01
2.287330818176269531e+01
2.292069435119628906e+01
2.296814537048339844e+01
2.301566123962402344e+01
2.306324195861816406e+01
2.311088752746582031e+01
2.315859031677246094e+01
2.320636177062988281e+01
2.325419998168945312e+01
2.330210113525390625e+01
2.335007095336914062e+01
2.339809989929199219e+01
2.344618988037109375e+01
2.349433517456054688e+01
2.354255104064941406e+01
2.359082794189453125e+01
2.363916587829589844e+01
2.368756103515625000e+01
2.373602104187011719e+01
2.378453254699707031e+01
2.383310890197753906e+01
2.388174629211425781e+01
2.393044853210449219e+01
2.397921752929687500e+01
2.402804565429687500e+01
2.407693481445312500e+01
2.412588310241699219e+01
2.417489624023437500e+01
2.422397041320800781e+01
2.427310943603515625e+01
2.432230567932128906e+01
2.437156486511230469e+01
2.442088508605957031e+01
2.447027206420898438e+01
2.451971817016601562e+01
2.456923103332519531e+01
2.461880302429199219e+01
2.466844177246093750e+01
2.471814155578613281e+01
2.476791381835937500e+01
2.481773948669433594e+01
2.486763381958007812e+01
2.491758537292480469e+01
2.496759986877441406e+01
2.501767730712890625e+01
2.506781196594238281e+01
2.511801338195800781e+01
2.516827774047851562e+01
2.521860504150390625e+01
2.526898956298828125e+01
2.531943702697753906e+01
2.536995124816894531e+01
2.542052459716796875e+01
2.547115707397460938e+01
2.552185440063476562e+01
2.557260322570800781e+01
2.562342262268066406e+01
2.567429542541503906e+01
2.572523307800292969e+01
2.577623367309570312e+01
2.582729911804199219e+01
2.587842178344726562e+01
2.592960548400878906e+01
2.598084640502929688e+01
2.603214263916015625e+01
2.608350944519042969e+01
2.613493728637695312e+01
2.618642616271972656e+01
