1.074874687194824219e+01
1.076431465148925781e+01
1.077993106842041016e+01
1.079559230804443359e+01
1.081130313873291016e+01
1.082705974578857422e+01
1.084286117553710938e+01
1.085871124267578125e+01
1.087460899353027344e+01
1.089056015014648438e+01
1.090656089782714844e+01
1.092260360717773438e+01
1.093869400024414062e+01
1.095482540130615234e+01
1.097100257873535156e+01
1.098722648620605469e+01
1.100349330902099609e+01
1.101980304718017578e+01
1.103615188598632812e+01
1.105254077911376953e+01
1.106897258758544922e+01
1.108544540405273438e+01
1.110196208953857422e+01
1.111852359771728516e+01
1.113512516021728516e+01
1.115176582336425781e+01
1.116844940185546875e+01
1.118517017364501953e+01
1.120193576812744141e+01
1.121874332427978516e+01
1.123559188842773438e+01
1.125248146057128906e+01
1.126940917968750000e+01
1.128636932373046875e+01
1.130337047576904297e+01
1.132041168212890625e+01
1.133749198913574219e+01
1.135460758209228516e+01
1.137175750732421875e+01
1.138894748687744141e+01
1.140616512298583984e+01
1.142341995239257812e+01
1.144071388244628906e+01
1.145803546905517578e+01
1.147539043426513672e+01
1.149277400970458984e+01
1.151019287109375000e+01
1.152764034271240234e+01
1.154511451721191406e+01
1.156262111663818359e+01
1.158015823364257812e+01
1.159772205352783203e+01
1.161531543731689453e+01
1.163293552398681641e+01
1.165058422088623047e+01
1.166825675964355469e+01
1.168595695495605469e+01
1.170368671417236328e+01
1.172144031524658203e+01
1.173922252655029297e+01
1.175702476501464844e+01
1.177485179901123047e+01
1.179269981384277344e+01
1.181056976318359375e+01
1.182846546173095703e+01
1.184638500213623047e+01
1.186432647705078125e+01
1.188228893280029297e+01
1.190027427673339844e+01
1.191828155517578125e+01
1.193630886077880859e+01
1.195435905456542969e+01
1.197243213653564453e+01
1.199052333831787109e+01
1.200863742828369141e+01
1.202676773071289062e+01
1.204491615295410156e+01
1.206308460235595703e+01
1.208127117156982422e+01
1.209947776794433594e+01
1.211770153045654297e+01
1.213594341278076172e+01
1.215420341491699219e+01
1.217247390747070312e+01
1.219076442718505859e+01
1.220907211303710938e+01
1.222739410400390625e+01
1.224573135375976562e+01
1.226408290863037109e+01
1.228245258331298828e+01
1.230083656311035156e+01
1.231923484802246094e+01
1.233764743804931641e+01
1.235607719421386719e+01
1.237452125549316406e+01
1.239298439025878906e+01
1.241146373748779297e+01
1.242995834350585938e+01
1.244846725463867188e+01
1.246698951721191406e+01
