2.065310859680175781e+01
2.067092514038085938e+01
2.068880081176757812e+01
2.070673942565917969e+01
2.072474098205566406e+01
2.074280357360839844e+01
2.076093292236328125e+01
2.077912521362304688e+01
2.079738044738769531e+01
2.081570053100585938e+01
2.083408164978027344e+01
2.085252189636230469e+01
2.087102699279785156e+01
2.088960266113281250e+01
2.090823554992675781e+01
2.092693138122558594e+01
2.094569015502929688e+01
2.096451377868652344e+01
2.098339653015136719e+01
2.100233840942382812e+01
2.102134132385253906e+01
2.104041099548339844e+01
2.105954360961914062e+01
2.107873916625976562e+01
2.109799575805664062e+01
2.111730575561523438e+01
2.113668060302734375e+01
2.115611076354980469e+01
2.117560577392578125e+01
2.119515991210937500e+01
2.121476936340332031e+01
2.123443794250488281e+01
2.125416183471679688e+01
2.127394676208496094e+01
2.129379081726074219e+01
2.131368637084960938e+01
2.133363533020019531e+01
2.135363578796386719e+01
2.137369155883789062e+01
2.139380455017089844e+01
2.141396713256835938e+01
2.143418502807617188e+01
2.145445823669433594e+01
2.147478866577148438e+01
2.149517059326171875e+01
2.151561355590820312e+01
2.153610992431640625e+01
2.155665779113769531e+01
2.157725906372070312e+01
2.159791755676269531e+01
2.161862564086914062e+01
2.163938522338867188e+01
2.166019439697265625e+01
2.168105506896972656e+01
2.170196533203125000e+01
2.172292709350585938e+01
2.174394607543945312e+01
2.176501655578613281e+01
2.178614616394042969e+01
2.180731964111328125e+01
2.182853889465332031e+01
2.184980773925781250e+01
2.187112236022949219e+01
2.189249038696289062e+01
2.191390228271484375e+01
2.193536186218261719e+01
2.195686340332031250e+01
2.197841072082519531e+01
2.200000762939453125e+01
2.202164840698242188e+01
2.204333877563476562e+01
2.206507492065429688e+01
2.208685302734375000e+01
2.210867309570312500e+01
2.213053894042968750e+01
2.215245056152343750e+01
2.217440414428710938e+01
2.219640541076660156e+01
2.221845054626464844e+01
2.224053382873535156e+01
2.226266098022460938e+01
2.228483390808105469e+01
2.230704689025878906e+01
2.232930564880371094e+01
2.235161018371582031e+01
2.237395668029785156e+01
2.239634513854980469e+01
2.241877746582031250e+01
2.244125175476074219e+01
2.246376609802246094e+01
2.248631858825683594e+01
2.250891113281250000e+01
2.253153800964355469e+01
2.255421447753906250e+01
2.257692718505859375e+01
2.259968376159667969e+01
2.262247657775878906e+01
2.264530563354492188e+01
2.266818618774414062e+01
2.269109916687011719e+01
