6.535557556152343750e+01
6.520714569091796875e+01
6.505883789062500000e+01
6.491059112548828125e+01
6.476241302490234375e+01
6.461429595947265625e+01
6.446626281738281250e+01
6.431830596923828125e+01
6.417043304443359375e+01
6.402265167236328125e+01
6.387496185302734375e+01
6.372735977172851562e+01
6.357983779907226562e+01
6.343237304687500000e+01
6.328497314453125000e+01
6.313762283325195312e+01
6.299032211303710938e+01
6.284303665161132812e+01
6.269574737548828125e+01
6.254837417602539062e+01
6.240084075927734375e+01
6.225293731689453125e+01
6.210436630249023438e+01
6.195499801635742188e+01
6.180448532104492188e+01
6.165248489379882812e+01
6.149872207641601562e+01
6.134254837036132812e+01
6.118372344970703125e+01
6.102205657958984375e+01
6.085739135742187500e+01
6.068922424316406250e+01
6.051737213134765625e+01
6.034126281738281250e+01
6.016070938110351562e+01
5.997549819946289062e+01
5.978516769409179688e+01
5.959042358398437500e+01
5.939188003540039062e+01
5.919024276733398438e+01
5.898571777343750000e+01
5.877939987182617188e+01
5.857192993164062500e+01
5.836405944824218750e+01
5.815666580200195312e+01
5.794997406005859375e+01
5.774272537231445312e+01
5.753441238403320312e+01
5.732456207275390625e+01
5.711216735839843750e+01
5.689747238159179688e+01
5.668088531494140625e+01
5.646298599243164062e+01
5.624346542358398438e+01
5.602158737182617188e+01
5.579128646850585938e+01
5.555022811889648438e+01
5.530114746093750000e+01
5.504557800292968750e+01
5.478506088256835938e+01
5.451819229125976562e+01
5.424448013305664062e+01
5.395994949340820312e+01
5.366488647460937500e+01
5.336030578613281250e+01
5.304574966430664062e+01
5.272002410888671875e+01
5.238302993774414062e+01
5.204069137573242188e+01
5.169177246093750000e+01
5.134137344360351562e+01
5.098511505126953125e+01
5.062029647827148438e+01
5.025815963745117188e+01
4.989429092407226562e+01
4.952865982055664062e+01
4.916127395629882812e+01
4.879082489013671875e+01
4.842084121704101562e+01
4.805219650268554688e+01
4.768181228637695312e+01
4.731051254272460938e+01
4.694011688232421875e+01
4.657089233398437500e+01
4.620207214355468750e+01
4.583002471923828125e+01
4.545762252807617188e+01
4.508301544189453125e+01
4.471120071411132812e+01
4.433996582031250000e+01
4.396840667724609375e+01
4.359853744506835938e+01
4.322914123535156250e+01
4.286395263671875000e+01
4.250245666503906250e+01
4.214380645751953125e+01
4.178530120849609375e+01
4.142607498168945312e+01
4.106713485717773438e+01
4.070952224731445312e+01
