6.253229904174804688e+01
6.258521270751953125e+01
6.263309860229492188e+01
6.267713546752929688e+01
6.271844863891601562e+01
6.275687408447265625e+01
6.279195022583007812e+01
6.282186126708984375e+01
6.284627151489257812e+01
6.286538696289062500e+01
6.288027191162109375e+01
6.289139938354492188e+01
6.289837265014648438e+01
6.290190505981445312e+01
6.290169906616210938e+01
6.289683151245117188e+01
6.288611221313476562e+01
6.286819076538085938e+01
6.284182357788085938e+01
6.280662155151367188e+01
6.276218414306640625e+01
6.270873641967773438e+01
6.264670944213867188e+01
6.257626724243164062e+01
6.249813461303710938e+01
6.241362380981445312e+01
6.232361221313476562e+01
6.222819900512695312e+01
6.212804031372070312e+01
6.202317428588867188e+01
6.191271591186523438e+01
6.179671859741210938e+01
6.167545318603515625e+01
6.154897308349609375e+01
6.141772460937500000e+01
6.128169250488281250e+01
6.114079666137695312e+01
6.099323654174804688e+01
6.083729934692382812e+01
6.067159271240234375e+01
6.049619674682617188e+01
6.031174850463867188e+01
6.011967468261718750e+01
5.992089843750000000e+01
5.971566772460937500e+01
5.950621032714843750e+01
5.929402160644531250e+01
5.908112335205078125e+01
5.886571121215820312e+01
5.864758682250976562e+01
5.842592239379882812e+01
5.819819259643554688e+01
5.796189880371093750e+01
5.771595001220703125e+01
5.746033477783203125e+01
5.719401168823242188e+01
5.691652297973632812e+01
5.662825393676757812e+01
5.633068466186523438e+01
5.602241134643554688e+01
5.570454406738281250e+01
5.537681198120117188e+01
5.504262542724609375e+01
5.470381164550781250e+01
5.436027526855468750e+01
5.401294708251953125e+01
5.366271209716796875e+01
5.331151199340820312e+01
5.296043777465820312e+01
5.260918426513671875e+01
5.225730514526367188e+01
5.190474700927734375e+01
5.155081939697265625e+01
5.119335937500000000e+01
5.083226776123046875e+01
5.046790695190429688e+01
5.010081100463867188e+01
4.973157501220703125e+01
4.935779190063476562e+01
4.897974395751953125e+01
4.859841918945312500e+01
4.821326828002929688e+01
4.782595825195312500e+01
4.743728637695312500e+01
4.704834747314453125e+01
4.665937042236328125e+01
4.627057266235351562e+01
4.588278579711914062e+01
4.549139785766601562e+01
4.509735488891601562e+01
4.470252609252929688e+01
4.430666732788085938e+01
4.391002273559570312e+01
4.351334381103515625e+01
4.311729812622070312e+01
4.272263717651367188e+01
4.233057403564453125e+01
4.194057846069335938e+01
4.155356597900390625e+01
4.116762542724609375e+01
