6.741282653808593750e+01
6.718429565429687500e+01
6.695688629150390625e+01
6.673054504394531250e+01
6.650526428222656250e+01
6.628107452392578125e+01
6.605798339843750000e+01
6.583602905273437500e+01
6.561522674560546875e+01
6.539563751220703125e+01
6.517723846435546875e+01
6.495996093750000000e+01
6.474385833740234375e+01
6.452899932861328125e+01
6.431546020507812500e+01
6.410319519042968750e+01
6.389205932617187500e+01
6.368194198608398438e+01
6.347282791137695312e+01
6.326456069946289062e+01
6.305708694458007812e+01
6.285034179687500000e+01
6.264427185058593750e+01
6.243884277343750000e+01
6.223414993286132812e+01
6.203021240234375000e+01
6.182701110839843750e+01
6.162450408935546875e+01
6.142259979248046875e+01
6.122111129760742188e+01
6.101980972290039062e+01
6.081817245483398438e+01
6.061565017700195312e+01
6.041197204589843750e+01
6.020664215087890625e+01
5.999878692626953125e+01
5.978778457641601562e+01
5.957312393188476562e+01
5.935448455810546875e+01
5.913251876831054688e+01
5.890729904174804688e+01
5.867959976196289062e+01
5.845037460327148438e+01
5.822112274169921875e+01
5.799261856079101562e+01
5.776605606079101562e+01
5.754164886474609375e+01
5.732034683227539062e+01
5.710169219970703125e+01
5.687618637084960938e+01
5.664310455322265625e+01
5.640054702758789062e+01
5.614862442016601562e+01
5.588864135742187500e+01
5.561965942382812500e+01
5.534497451782226562e+01
5.506267547607421875e+01
5.477489852905273438e+01
5.448285675048828125e+01
5.418741226196289062e+01
5.388871765136718750e+01
5.358574676513671875e+01
5.327716064453125000e+01
5.296371841430664062e+01
5.264307403564453125e+01
5.231572723388671875e+01
5.198281097412109375e+01
5.164181137084960938e+01
5.129419708251953125e+01
5.094009780883789062e+01
5.057899093627929688e+01
5.021307754516601562e+01
4.984170913696289062e+01
4.946730041503906250e+01
4.909167861938476562e+01
4.871518325805664062e+01
4.833906936645507812e+01
4.796461486816406250e+01
4.758884811401367188e+01
4.721410369873046875e+01
4.684190750122070312e+01
4.647124099731445312e+01
4.610165405273437500e+01
4.573157119750976562e+01
4.536005401611328125e+01
4.498728179931640625e+01
4.461250305175781250e+01
4.423611068725585938e+01
4.385631942749023438e+01
4.347358703613281250e+01
4.308898162841796875e+01
4.270351028442382812e+01
4.231730651855468750e+01
4.193104171752929688e+01
4.154481506347656250e+01
4.115872955322265625e+01
4.077398681640625000e+01
4.039094924926757812e+01
4.000954437255859375e+01
3.963141250610351562e+01
