6.340273666381835938e+01
6.332005310058593750e+01
6.323709869384765625e+01
6.315388488769531250e+01
6.307040023803710938e+01
6.298666000366210938e+01
6.290275573730468750e+01
6.281869125366210938e+01
6.273439025878906250e+01
6.264978408813476562e+01
6.256455993652343750e+01
6.247856140136718750e+01
6.239167404174804688e+01
6.230374145507812500e+01
6.221489715576171875e+01
6.212511062622070312e+01
6.203424835205078125e+01
6.194202804565429688e+01
6.184819793701171875e+01
6.175138473510742188e+01
6.165060424804687500e+01
6.154608535766601562e+01
6.143704986572265625e+01
6.132315444946289062e+01
6.120481109619140625e+01
6.108248519897460938e+01
6.095729827880859375e+01
6.082995986938476562e+01
6.070103454589843750e+01
6.057080459594726562e+01
6.043926239013671875e+01
6.030575942993164062e+01
6.016978454589843750e+01
6.003092193603515625e+01
5.988867187500000000e+01
5.974221038818359375e+01
5.959134674072265625e+01
5.943504333496093750e+01
5.927265930175781250e+01
5.910411071777343750e+01
5.892942428588867188e+01
5.874856185913085938e+01
5.856275939941406250e+01
5.837432479858398438e+01
5.818506622314453125e+01
5.799937438964843750e+01
5.781309890747070312e+01
5.762456130981445312e+01
5.743307495117187500e+01
5.723756027221679688e+01
5.703779983520507812e+01
5.683149719238281250e+01
5.661759948730468750e+01
5.639672470092773438e+01
5.616689682006835938e+01
5.592991256713867188e+01
5.568788146972656250e+01
5.544294357299804688e+01
5.519716262817382812e+01
5.495089721679687500e+01
5.470503616333007812e+01
5.445917510986328125e+01
5.420867538452148438e+01
5.394768142700195312e+01
5.367294692993164062e+01
5.338492202758789062e+01
5.308564376831054688e+01
5.277531051635742188e+01
5.245682907104492188e+01
5.213117218017578125e+01
5.179789733886718750e+01
5.145927810668945312e+01
5.111421966552734375e+01
5.076305007934570312e+01
5.040626525878906250e+01
5.004459381103515625e+01
4.967726135253906250e+01
4.930445480346679688e+01
4.892459106445312500e+01
4.853972244262695312e+01
4.815264129638671875e+01
4.776245117187500000e+01
4.736570739746093750e+01
4.696403121948242188e+01
4.655805969238281250e+01
4.615052795410156250e+01
4.574013519287109375e+01
4.532978820800781250e+01
4.492109298706054688e+01
4.451766967773437500e+01
4.411361312866210938e+01
4.371159744262695312e+01
4.331064987182617188e+01
4.291060638427734375e+01
4.251375198364257812e+01
4.212071609497070312e+01
4.172941589355468750e+01
4.134130477905273438e+01
4.095476150512695312e+01
4.057180404663085938e+01
