6.654374694824218750e+01
6.637294769287109375e+01
6.620258331298828125e+01
6.603268432617187500e+01
6.586327362060546875e+01
6.569425201416015625e+01
6.552569580078125000e+01
6.535766601562500000e+01
6.519052124023437500e+01
6.502445983886718750e+01
6.485993194580078125e+01
6.469784545898437500e+01
6.453878021240234375e+01
6.438298797607421875e+01
6.423097229003906250e+01
6.408221435546875000e+01
6.393582153320312500e+01
6.379076004028320312e+01
6.364682388305664062e+01
6.350286102294921875e+01
6.335686111450195312e+01
6.320817184448242188e+01
6.305689239501953125e+01
6.290173721313476562e+01
6.274214935302734375e+01
6.257905960083007812e+01
6.241352462768554688e+01
6.224576568603515625e+01
6.207625961303710938e+01
6.190531158447265625e+01
6.173275375366210938e+01
6.155820465087890625e+01
6.138087463378906250e+01
6.120036697387695312e+01
6.101641082763671875e+01
6.082884216308593750e+01
6.063669967651367188e+01
6.043969726562500000e+01
6.023836898803710938e+01
6.003361129760742188e+01
5.982600021362304688e+01
5.961795425415039062e+01
5.940851211547851562e+01
5.919639968872070312e+01
5.898263549804687500e+01
5.876424407958984375e+01
5.853873443603515625e+01
5.830396270751953125e+01
5.805977249145507812e+01
5.780895996093750000e+01
5.755234909057617188e+01
5.729139709472656250e+01
5.702652359008789062e+01
5.675914382934570312e+01
5.648788452148437500e+01
5.621433639526367188e+01
5.593656158447265625e+01
5.565114974975585938e+01
5.535848617553710938e+01
5.505840301513671875e+01
5.475165939331054688e+01
5.443800354003906250e+01
5.411691665649414062e+01
5.379164886474609375e+01
5.346178054809570312e+01
5.312836074829101562e+01
5.279445648193359375e+01
5.245773696899414062e+01
5.211811065673828125e+01
5.177683639526367188e+01
5.143383026123046875e+01
5.108864212036132812e+01
5.073990249633789062e+01
5.038927078247070312e+01
5.003684234619140625e+01
4.968044281005859375e+01
4.931898498535156250e+01
4.895060348510742188e+01
4.857892227172851562e+01
4.820601272583007812e+01
4.783310317993164062e+01
4.745748138427734375e+01
4.707822799682617188e+01
4.669483566284179688e+01
4.630810546875000000e+01
4.591957855224609375e+01
4.553109359741210938e+01
4.514039230346679688e+01
4.474912261962890625e+01
4.435609817504882812e+01
4.396073532104492188e+01
4.356332397460937500e+01
4.316565704345703125e+01
4.276651382446289062e+01
4.236864089965820312e+01
4.197484970092773438e+01
4.158265304565429688e+01
4.119188308715820312e+01
4.080268478393554688e+01
4.041508483886718750e+01
