6.302329254150390625e+01
6.320215988159179688e+01
6.336752319335937500e+01
6.351961898803710938e+01
6.365637207031250000e+01
6.377643585205078125e+01
6.387763595581054688e+01
6.395940399169921875e+01
6.402333068847656250e+01
6.406979370117187500e+01
6.410044860839843750e+01
6.411574554443359375e+01
6.411763763427734375e+01
6.410816955566406250e+01
6.408851623535156250e+01
6.405973815917968750e+01
6.402059173583984375e+01
6.397412872314453125e+01
6.392070388793945312e+01
6.385977935791015625e+01
6.379170608520507812e+01
6.371593475341796875e+01
6.363261032104492188e+01
6.354162216186523438e+01
6.344268035888671875e+01
6.333487319946289062e+01
6.321832275390625000e+01
6.309299850463867188e+01
6.295743560791015625e+01
6.281207275390625000e+01
6.265743637084960938e+01
6.249470520019531250e+01
6.232556152343750000e+01
6.215214157104492188e+01
6.197494888305664062e+01
6.179603576660156250e+01
6.161438751220703125e+01
6.143053436279296875e+01
6.124524307250976562e+01
6.105897521972656250e+01
6.086809921264648438e+01
6.067287445068359375e+01
6.047435379028320312e+01
6.026921081542968750e+01
6.005432510375976562e+01
5.983232498168945312e+01
5.960406875610351562e+01
5.936756134033203125e+01
5.912412261962890625e+01
5.887450027465820312e+01
5.861870956420898438e+01
5.836215972900390625e+01
5.810543441772460938e+01
5.783994674682617188e+01
5.756844711303710938e+01
5.729559707641601562e+01
5.701303482055664062e+01
5.672087478637695312e+01
5.641587448120117188e+01
5.610237884521484375e+01
5.578190994262695312e+01
5.544894790649414062e+01
5.510833740234375000e+01
5.476065444946289062e+01
5.441255950927734375e+01
5.405887222290039062e+01
5.370103073120117188e+01
5.334181594848632812e+01
5.298101043701171875e+01
5.261751556396484375e+01
5.225255966186523438e+01
5.188628768920898438e+01
5.151900482177734375e+01
5.115094757080078125e+01
5.078174591064453125e+01
5.041083145141601562e+01
5.003671646118164062e+01
4.965994644165039062e+01
4.927755355834960938e+01
4.889646148681640625e+01
4.851325607299804688e+01
4.812815475463867188e+01
4.773841094970703125e+01
4.734880447387695312e+01
4.695772552490234375e+01
4.656228637695312500e+01
4.616578674316406250e+01
4.576630783081054688e+01
4.536414337158203125e+01
4.496161270141601562e+01
4.455678176879882812e+01
4.415230560302734375e+01
4.374678802490234375e+01
4.334214782714843750e+01
4.293764114379882812e+01
4.253417968750000000e+01
4.213394927978515625e+01
4.173441696166992188e+01
4.133574295043945312e+01
4.093938446044921875e+01
