6.218832397460937500e+01
6.237404251098632812e+01
6.256071090698242188e+01
6.274724197387695312e+01
6.293064117431640625e+01
6.310662460327148438e+01
6.327324676513671875e+01
6.342633438110351562e+01
6.356154251098632812e+01
6.367856216430664062e+01
6.377791595458984375e+01
6.386285018920898438e+01
6.393624877929687500e+01
6.400000000000000000e+01
6.405284881591796875e+01
6.409453582763671875e+01
6.412337493896484375e+01
6.413855743408203125e+01
6.413777160644531250e+01
6.411956024169921875e+01
6.408454895019531250e+01
6.403343963623046875e+01
6.396862411499023438e+01
6.389070510864257812e+01
6.379943466186523438e+01
6.369735336303710938e+01
6.358605957031250000e+01
6.346596145629882812e+01
6.333715438842773438e+01
6.320148468017578125e+01
6.305845642089843750e+01
6.290862274169921875e+01
6.275216674804687500e+01
6.258837890625000000e+01
6.241844940185546875e+01
6.224185943603515625e+01
6.205808639526367188e+01
6.186713409423828125e+01
6.166822433471679688e+01
6.146137237548828125e+01
6.124653625488281250e+01
6.102529907226562500e+01
6.079701232910156250e+01
6.056138610839843750e+01
6.031648635864257812e+01
6.006340026855468750e+01
5.980270004272460938e+01
5.953524780273437500e+01
5.926226043701171875e+01
5.898544692993164062e+01
5.870476150512695312e+01
5.841978454589843750e+01
5.813119888305664062e+01
5.783977508544921875e+01
5.754576110839843750e+01
5.724929046630859375e+01
5.694922256469726562e+01
5.664385986328125000e+01
5.633335494995117188e+01
5.601714706420898438e+01
5.569349670410156250e+01
5.536194992065429688e+01
5.502305984497070312e+01
5.467619705200195312e+01
5.432267379760742188e+01
5.396403503417968750e+01
5.360247421264648438e+01
5.323950958251953125e+01
5.287723541259765625e+01
5.251524353027343750e+01
5.215277099609375000e+01
5.179067230224609375e+01
5.142811965942382812e+01
5.106410980224609375e+01
5.069849014282226562e+01
5.033036422729492188e+01
4.995995330810546875e+01
4.958798980712890625e+01
4.921399307250976562e+01
4.883716583251953125e+01
4.845851898193359375e+01
4.807949447631835938e+01
4.769915008544921875e+01
4.731616592407226562e+01
4.693059539794921875e+01
4.654376983642578125e+01
4.615638732910156250e+01
4.576938247680664062e+01
4.538097000122070312e+01
4.499184799194335938e+01
4.460245513916015625e+01
4.421328735351562500e+01
4.382339859008789062e+01
4.343254470825195312e+01
4.304253768920898438e+01
4.265314865112304688e+01
4.226510238647460938e+01
4.187917327880859375e+01
4.149513626098632812e+01
4.111360549926757812e+01
