6.668533325195312500e+01
6.647657012939453125e+01
6.627304840087890625e+01
6.607481384277343750e+01
6.588187408447265625e+01
6.569380187988281250e+01
6.551054382324218750e+01
6.533216094970703125e+01
6.515850067138671875e+01
6.498934936523437500e+01
6.482415771484375000e+01
6.466210937500000000e+01
6.450283813476562500e+01
6.434595489501953125e+01
6.419068908691406250e+01
6.403643798828125000e+01
6.388291168212890625e+01
6.372911834716796875e+01
6.357419204711914062e+01
6.341694259643554688e+01
6.325661087036132812e+01
6.309339904785156250e+01
6.292818450927734375e+01
6.276576232910156250e+01
6.260883712768554688e+01
6.245299911499023438e+01
6.229796600341796875e+01
6.214442443847656250e+01
6.199329757690429688e+01
6.184519958496093750e+01
6.169969940185546875e+01
6.155614089965820312e+01
6.141388702392578125e+01
6.127011108398437500e+01
6.112363433837890625e+01
6.097220993041992188e+01
6.081334686279296875e+01
6.064537429809570312e+01
6.046807479858398438e+01
6.028144836425781250e+01
6.008426284790039062e+01
5.988078689575195312e+01
5.967522430419921875e+01
5.946906280517578125e+01
5.926445007324218750e+01
5.906250381469726562e+01
5.886138153076171875e+01
5.865966033935546875e+01
5.845364761352539062e+01
5.824263763427734375e+01
5.802971267700195312e+01
5.781303787231445312e+01
5.758787918090820312e+01
5.735358047485351562e+01
5.711107254028320312e+01
5.686292266845703125e+01
5.660660934448242188e+01
5.634159088134765625e+01
5.606453704833984375e+01
5.577552413940429688e+01
5.547616577148437500e+01
5.516718673706054688e+01
5.484834671020507812e+01
5.451224136352539062e+01
5.416472244262695312e+01
5.380897521972656250e+01
5.345048141479492188e+01
5.308975982666015625e+01
5.272837448120117188e+01
5.236609649658203125e+01
5.200052642822265625e+01
5.163493728637695312e+01
5.126852035522460938e+01
5.090202713012695312e+01
5.053546142578125000e+01
5.016897964477539062e+01
4.979788970947265625e+01
4.942261886596679688e+01
4.904506683349609375e+01
4.866279602050781250e+01
4.827662658691406250e+01
4.788713073730468750e+01
4.749563598632812500e+01
4.710016250610351562e+01
4.669787979125976562e+01
4.629645156860351562e+01
4.589205551147460938e+01
4.549051284790039062e+01
4.508910369873046875e+01
4.468992996215820312e+01
4.429366302490234375e+01
4.389816284179687500e+01
4.350439453125000000e+01
4.311252212524414062e+01
4.272093582153320312e+01
4.233108520507812500e+01
4.194348526000976562e+01
4.155522537231445312e+01
4.116864776611328125e+01
4.078411102294921875e+01
