6.866744995117187500e+01
6.844890594482421875e+01
6.823068237304687500e+01
6.801274108886718750e+01
6.779505157470703125e+01
6.757759094238281250e+01
6.736035156250000000e+01
6.714330291748046875e+01
6.692648315429687500e+01
6.670990753173828125e+01
6.649357604980468750e+01
6.627751922607421875e+01
6.606175994873046875e+01
6.584633636474609375e+01
6.563130187988281250e+01
6.541669464111328125e+01
6.520261383056640625e+01
6.498918151855468750e+01
6.477647399902343750e+01
6.456451416015625000e+01
6.435337066650390625e+01
6.414286041259765625e+01
6.393326568603515625e+01
6.372444915771484375e+01
6.351589965820312500e+01
6.330715942382812500e+01
6.309799194335937500e+01
6.288784790039062500e+01
6.267686080932617188e+01
6.246523666381835938e+01
6.225312805175781250e+01
6.204010391235351562e+01
6.182666015625000000e+01
6.161326217651367188e+01
6.139945983886718750e+01
6.118554306030273438e+01
6.096967315673828125e+01
6.075076675415039062e+01
6.052796554565429688e+01
6.030055618286132812e+01
6.006751632690429688e+01
5.982873153686523438e+01
5.958671188354492188e+01
5.934199905395507812e+01
5.909263610839843750e+01
5.884049987792968750e+01
5.858637237548828125e+01
5.833189392089843750e+01
5.807569885253906250e+01
5.781753158569335938e+01
5.755602264404296875e+01
5.729061126708984375e+01
5.701951217651367188e+01
5.674267196655273438e+01
5.645909118652343750e+01
5.616880035400390625e+01
5.587121200561523438e+01
5.556581115722656250e+01
5.525252532958984375e+01
5.493179702758789062e+01
5.460324859619140625e+01
5.426861190795898438e+01
5.392843627929687500e+01
5.358418655395507812e+01
5.323454284667968750e+01
5.288122177124023438e+01
5.252612304687500000e+01
5.216947555541992188e+01
5.181214904785156250e+01
5.145594406127929688e+01
5.110012435913085938e+01
5.074475860595703125e+01
5.038885498046875000e+01
5.003227996826171875e+01
4.967380142211914062e+01
4.931400680541992188e+01
4.895324707031250000e+01
4.859221649169921875e+01
4.823142242431640625e+01
4.787010955810546875e+01
4.750799179077148438e+01
4.714547348022460938e+01
4.678311157226562500e+01
4.642097473144531250e+01
4.606040954589843750e+01
4.570030975341796875e+01
4.534053802490234375e+01
4.498048782348632812e+01
4.462048721313476562e+01
4.425946807861328125e+01
4.389788055419921875e+01
4.353561782836914062e+01
4.317429351806640625e+01
4.281324005126953125e+01
4.245196151733398438e+01
4.208833694458007812e+01
4.172377395629882812e+01
4.135825347900390625e+01
4.099215698242187500e+01
4.062516403198242188e+01
