7.450164031982421875e+01
7.407151794433593750e+01
7.365242004394531250e+01
7.324409484863281250e+01
7.284520721435546875e+01
7.245477294921875000e+01
7.207266998291015625e+01
7.169892883300781250e+01
7.133357238769531250e+01
7.097647094726562500e+01
7.062725830078125000e+01
7.028598785400390625e+01
6.995255279541015625e+01
6.962689971923828125e+01
6.930888366699218750e+01
6.899835205078125000e+01
6.869445037841796875e+01
6.839672088623046875e+01
6.810472869873046875e+01
6.781790924072265625e+01
6.753612518310546875e+01
6.725885009765625000e+01
6.698635101318359375e+01
6.671829986572265625e+01
6.645443725585937500e+01
6.619404602050781250e+01
6.593650817871093750e+01
6.568115234375000000e+01
6.542656707763671875e+01
6.517083740234375000e+01
6.491310119628906250e+01
6.465116119384765625e+01
6.438356781005859375e+01
6.411106109619140625e+01
6.383364868164062500e+01
6.355402374267578125e+01
6.327305984497070312e+01
6.299121856689453125e+01
6.271097183227539062e+01
6.243428421020507812e+01
6.216319656372070312e+01
6.189804840087890625e+01
6.164044189453125000e+01
6.138841247558593750e+01
6.114158630371093750e+01
6.089703750610351562e+01
6.065524673461914062e+01
6.041468429565429688e+01
6.017056274414062500e+01
5.992037963867187500e+01
5.966016006469726562e+01
5.938822174072265625e+01
5.910369873046875000e+01
5.880611038208007812e+01
5.849909973144531250e+01
5.818301010131835938e+01
5.785947418212890625e+01
5.753131866455078125e+01
5.719928741455078125e+01
5.686484146118164062e+01
5.653081130981445312e+01
5.619684982299804688e+01
5.586430358886718750e+01
5.553264999389648438e+01
5.519689941406250000e+01
5.485547256469726562e+01
5.450925445556640625e+01
5.415550994873046875e+01
5.379346084594726562e+01
5.342146301269531250e+01
5.304229736328125000e+01
5.265656280517578125e+01
5.226616287231445312e+01
5.187064361572265625e+01
5.147253036499023438e+01
5.107220458984375000e+01
5.067195510864257812e+01
5.027154159545898438e+01
4.987099456787109375e+01
4.946927261352539062e+01
4.906456756591796875e+01
4.865809249877929688e+01
4.825089645385742188e+01
4.784331130981445312e+01
4.743355178833007812e+01
4.702398300170898438e+01
4.661344909667968750e+01
4.620145416259765625e+01
4.579039382934570312e+01
4.538024902343750000e+01
4.496980285644531250e+01
4.456247329711914062e+01
4.415592193603515625e+01
4.375081253051757812e+01
4.334945678710937500e+01
4.295090484619140625e+01
4.255366134643554688e+01
4.216036224365234375e+01
4.177140045166015625e+01
4.138744354248046875e+01
