6.572083282470703125e+01
6.554963684082031250e+01
6.537948608398437500e+01
6.521041870117187500e+01
6.504726409912109375e+01
6.495003509521484375e+01
6.495126342773437500e+01
6.497411346435546875e+01
6.499693298339843750e+01
6.501698303222656250e+01
6.503350830078125000e+01
6.504498291015625000e+01
6.505124664306640625e+01
6.505323791503906250e+01
6.505107879638671875e+01
6.504412841796875000e+01
6.503134155273437500e+01
6.501258850097656250e+01
6.498713684082031250e+01
6.495615386962890625e+01
6.491831970214843750e+01
6.487281799316406250e+01
6.482053375244140625e+01
6.476279449462890625e+01
6.469942474365234375e+01
6.463003540039062500e+01
6.455462646484375000e+01
6.447319030761718750e+01
6.438585662841796875e+01
6.429159545898437500e+01
6.419084930419921875e+01
6.408264923095703125e+01
6.396585464477539062e+01
6.384144973754882812e+01
6.370687866210937500e+01
6.356233596801757812e+01
6.340835571289062500e+01
6.324554824829101562e+01
6.307186126708984375e+01
6.288513565063476562e+01
6.268637847900390625e+01
6.247689819335937500e+01
6.225853729248046875e+01
6.203253555297851562e+01
6.179976654052734375e+01
6.155904769897460938e+01
6.130591201782226562e+01
6.104101181030273438e+01
6.077237319946289062e+01
6.049883651733398438e+01
6.022107315063476562e+01
5.993986129760742188e+01
5.965546798706054688e+01
5.936759948730468750e+01
5.907518768310546875e+01
5.877504730224609375e+01
5.846656036376953125e+01
5.814869689941406250e+01
5.782308578491210938e+01
5.749081039428710938e+01
5.715396118164062500e+01
5.681382369995117188e+01
5.646993637084960938e+01
5.612289810180664062e+01
5.577434158325195312e+01
5.542488479614257812e+01
5.507255935668945312e+01
5.471681213378906250e+01
5.435714721679687500e+01
5.399406051635742188e+01
5.362678527832031250e+01
5.325742340087890625e+01
5.288718795776367188e+01
5.251671600341796875e+01
5.214662933349609375e+01
5.177665328979492188e+01
5.140584945678710938e+01
5.103422164916992188e+01
5.066130447387695312e+01
5.028335571289062500e+01
4.990058898925781250e+01
4.951504516601562500e+01
4.912666702270507812e+01
4.873553085327148438e+01
4.834326171875000000e+01
4.795139694213867188e+01
4.755809402465820312e+01
4.715283584594726562e+01
4.674695587158203125e+01
4.634222793579101562e+01
4.593960571289062500e+01
4.553938293457031250e+01
4.514259719848632812e+01
4.474949645996093750e+01
4.436081695556640625e+01
4.397576904296875000e+01
4.359401321411132812e+01
4.321683883666992188e+01
4.284572982788085938e+01
4.248047637939453125e+01
