6.664730072021484375e+01
6.657517242431640625e+01
6.650331115722656250e+01
6.643168640136718750e+01
6.636024475097656250e+01
6.628897094726562500e+01
6.621787261962890625e+01
6.614694976806640625e+01
6.607619476318359375e+01
6.600540924072265625e+01
6.593405914306640625e+01
6.586180114746093750e+01
6.578822326660156250e+01
6.571309661865234375e+01
6.563596343994140625e+01
6.555625915527343750e+01
6.547397613525390625e+01
6.538907623291015625e+01
6.530064392089843750e+01
6.520903015136718750e+01
6.511386871337890625e+01
6.501476287841796875e+01
6.491218566894531250e+01
6.480625915527343750e+01
6.469662475585937500e+01
6.458345794677734375e+01
6.446593475341796875e+01
6.434374237060546875e+01
6.421669769287109375e+01
6.408217620849609375e+01
6.393665313720703125e+01
6.378100967407226562e+01
6.361618423461914062e+01
6.344451141357421875e+01
6.326514053344726562e+01
6.307879257202148438e+01
6.288500595092773438e+01
6.268250656127929688e+01
6.247055435180664062e+01
6.224925994873046875e+01
6.201918029785156250e+01
6.178057479858398438e+01
6.153374099731445312e+01
6.127943420410156250e+01
6.101739883422851562e+01
6.074968719482421875e+01
6.047693634033203125e+01
6.020032882690429688e+01
5.991961288452148438e+01
5.963548660278320312e+01
5.934886169433593750e+01
5.905672454833984375e+01
5.874492263793945312e+01
5.842322540283203125e+01
5.809622955322265625e+01
5.776507186889648438e+01
5.742863082885742188e+01
5.708731079101562500e+01
5.674454879760742188e+01
5.640281677246093750e+01
5.606161117553710938e+01
5.571894836425781250e+01
5.537546157836914062e+01
5.503092193603515625e+01
5.468436050415039062e+01
5.433435440063476562e+01
5.398064422607421875e+01
5.362173080444335938e+01
5.325827407836914062e+01
5.288978576660156250e+01
5.251662445068359375e+01
5.213941192626953125e+01
5.175861740112304688e+01
5.137422180175781250e+01
5.098690032958984375e+01
5.059741592407226562e+01
5.020672607421875000e+01
4.981519699096679688e+01
4.942161560058593750e+01
4.902605819702148438e+01
4.862886810302734375e+01
4.822956848144531250e+01
4.782814788818359375e+01
4.742388153076171875e+01
4.701776885986328125e+01
4.660970687866210938e+01
4.620053482055664062e+01
4.578942871093750000e+01
4.537743377685546875e+01
4.496501159667968750e+01
4.455283737182617188e+01
4.414126205444335938e+01
4.373046875000000000e+01
4.332065582275390625e+01
4.291220474243164062e+01
4.250519180297851562e+01
4.210061264038085938e+01
4.169756317138671875e+01
4.129744338989257812e+01
4.090069961547851562e+01
