6.420401763916015625e+01
6.423517608642578125e+01
6.426647949218750000e+01
6.429792022705078125e+01
6.432948303222656250e+01
6.436113739013671875e+01
6.439222717285156250e+01
6.442227172851562500e+01
6.444928741455078125e+01
6.447229766845703125e+01
6.448932647705078125e+01
6.449707031250000000e+01
6.449189758300781250e+01
6.447539520263671875e+01
6.444701385498046875e+01
6.440798950195312500e+01
6.436035156250000000e+01
6.430558013916015625e+01
6.424542999267578125e+01
6.418031311035156250e+01
6.411003875732421875e+01
6.403328704833984375e+01
6.394983673095703125e+01
6.385916900634765625e+01
6.376095581054687500e+01
6.365365600585937500e+01
6.353808593750000000e+01
6.341602325439453125e+01
6.328736114501953125e+01
6.315234375000000000e+01
6.301135635375976562e+01
6.286433029174804688e+01
6.271221160888671875e+01
6.255300903320312500e+01
6.238886260986328125e+01
6.221952438354492188e+01
6.204704666137695312e+01
6.187232971191406250e+01
6.169439697265625000e+01
6.151452255249023438e+01
6.133052444458007812e+01
6.113899230957031250e+01
6.093838500976562500e+01
6.073141098022460938e+01
6.051577377319335938e+01
6.029426193237304688e+01
6.006658554077148438e+01
5.983456039428710938e+01
5.959829330444335938e+01
5.935693740844726562e+01
5.910678100585937500e+01
5.884694671630859375e+01
5.857630920410156250e+01
5.829369735717773438e+01
5.799957275390625000e+01
5.769638442993164062e+01
5.738572311401367188e+01
5.706701660156250000e+01
5.673823547363281250e+01
5.639949417114257812e+01
5.605356597900390625e+01
5.570262527465820312e+01
5.534695434570312500e+01
5.498980331420898438e+01
5.463109207153320312e+01
5.427327346801757812e+01
5.391724777221679688e+01
5.356413650512695312e+01
5.321167373657226562e+01
5.286021041870117188e+01
5.250707244873046875e+01
5.214836883544921875e+01
5.178496932983398438e+01
5.141610336303710938e+01
5.103866195678710938e+01
5.065565872192382812e+01
5.026362228393554688e+01
4.986518096923828125e+01
4.945886230468750000e+01
4.904648208618164062e+01
4.862943649291992188e+01
4.821007537841796875e+01
4.778913116455078125e+01
4.736656188964843750e+01
4.694359588623046875e+01
4.652102279663085938e+01
4.610248947143554688e+01
4.569166946411132812e+01
4.528691864013671875e+01
4.488601303100585938e+01
4.449056625366210938e+01
4.409967422485351562e+01
4.371508789062500000e+01
4.333168029785156250e+01
4.294882202148437500e+01
4.256821823120117188e+01
4.218901443481445312e+01
4.181188201904296875e+01
4.143708038330078125e+01
4.106475830078125000e+01
