7.248598480224609375e+01
7.221278381347656250e+01
7.193972015380859375e+01
7.166680145263671875e+01
7.139402008056640625e+01
7.112139892578125000e+01
7.084902191162109375e+01
7.057683563232421875e+01
7.030490875244140625e+01
7.003343200683593750e+01
6.976237487792968750e+01
6.949183654785156250e+01
6.922175598144531250e+01
6.895220184326171875e+01
6.868339538574218750e+01
6.841540527343750000e+01
6.814838409423828125e+01
6.788228607177734375e+01
6.761714935302734375e+01
6.735326385498046875e+01
6.709050750732421875e+01
6.682927703857421875e+01
6.656976318359375000e+01
6.631201171875000000e+01
6.605594635009765625e+01
6.580136871337890625e+01
6.554804229736328125e+01
6.529593658447265625e+01
6.504460144042968750e+01
6.479299926757812500e+01
6.454065704345703125e+01
6.428720855712890625e+01
6.403219604492187500e+01
6.377525329589843750e+01
6.351552963256835938e+01
6.325096130371093750e+01
6.298257446289062500e+01
6.271114349365234375e+01
6.243702316284179688e+01
6.215972900390625000e+01
6.188021850585937500e+01
6.159907531738281250e+01
6.131739044189453125e+01
6.103620910644531250e+01
6.075519943237304688e+01
6.047303771972656250e+01
6.018896102905273438e+01
5.990173721313476562e+01
5.961066818237304688e+01
5.931436157226562500e+01
5.901257324218750000e+01
5.870404815673828125e+01
5.839009094238281250e+01
5.807036590576171875e+01
5.774562454223632812e+01
5.741751861572265625e+01
5.708829116821289062e+01
5.675960922241210938e+01
5.643051147460937500e+01
5.610168457031250000e+01
5.577221298217773438e+01
5.544208526611328125e+01
5.511089706420898438e+01
5.477879714965820312e+01
5.444544982910156250e+01
5.411158752441406250e+01
5.377668762207031250e+01
5.344120025634765625e+01
5.310299682617187500e+01
5.276156234741210938e+01
5.241431427001953125e+01
5.206235504150390625e+01
5.170678710937500000e+01
5.134832382202148438e+01
5.098698806762695312e+01
5.062394332885742188e+01
5.026046752929687500e+01
4.989762878417968750e+01
4.953470611572265625e+01
4.917115020751953125e+01
4.880698776245117188e+01
4.844214630126953125e+01
4.807593154907226562e+01
4.770727539062500000e+01
4.733681869506835938e+01
4.696424102783203125e+01
4.658971786499023438e+01
4.621485137939453125e+01
4.583936691284179688e+01
4.546321105957031250e+01
4.508530044555664062e+01
4.470666122436523438e+01
4.432728195190429688e+01
4.394820404052734375e+01
4.357065963745117188e+01
4.319499206542968750e+01
4.282160568237304688e+01
4.244963073730468750e+01
4.208029937744140625e+01
4.171371078491210938e+01
