7.153293609619140625e+01
7.120355987548828125e+01
7.088013458251953125e+01
7.056252288818359375e+01
7.025025177001953125e+01
6.994298553466796875e+01
6.964059448242187500e+01
6.934317779541015625e+01
6.905086517333984375e+01
6.876386260986328125e+01
6.848230743408203125e+01
6.820601654052734375e+01
6.793434906005859375e+01
6.766696929931640625e+01
6.740345764160156250e+01
6.714354705810546875e+01
6.688708496093750000e+01
6.663383483886718750e+01
6.638339233398437500e+01
6.613562011718750000e+01
6.589052581787109375e+01
6.564798736572265625e+01
6.540814971923828125e+01
6.517102050781250000e+01
6.493653869628906250e+01
6.470446777343750000e+01
6.447463989257812500e+01
6.424659729003906250e+01
6.402032470703125000e+01
6.379511642456054688e+01
6.357042312622070312e+01
6.334630966186523438e+01
6.312289810180664062e+01
6.290032196044921875e+01
6.267861175537109375e+01
6.245787811279296875e+01
6.223716735839843750e+01
6.201475906372070312e+01
6.178878784179687500e+01
6.155713653564453125e+01
6.131804656982421875e+01
6.107043457031250000e+01
6.081488418579101562e+01
6.055318450927734375e+01
6.028638458251953125e+01
6.001627349853515625e+01
5.974522399902343750e+01
5.947343063354492188e+01
5.920121002197265625e+01
5.892875289916992188e+01
5.865412902832031250e+01
5.837741088867187500e+01
5.809673690795898438e+01
5.781098556518554688e+01
5.751994705200195312e+01
5.722271728515625000e+01
5.692045974731445312e+01
5.661219787597656250e+01
5.630146789550781250e+01
5.598868560791015625e+01
5.567504119873046875e+01
5.536208724975585938e+01
5.504927444458007812e+01
5.473645019531250000e+01
5.441991806030273438e+01
5.409583663940429688e+01
5.376227188110351562e+01
5.342404937744140625e+01
5.308174896240234375e+01
5.273712539672851562e+01
5.239017868041992188e+01
5.204092407226562500e+01
5.168926620483398438e+01
5.133324432373046875e+01
5.097243881225585938e+01
5.060545349121093750e+01
5.023334884643554688e+01
4.985650634765625000e+01
4.947691726684570312e+01
4.909520339965820312e+01
4.871107864379882812e+01
4.832569122314453125e+01
4.794133758544921875e+01
4.755726623535156250e+01
4.717401123046875000e+01
4.679171752929687500e+01
4.641118621826171875e+01
4.603166198730468750e+01
4.565247726440429688e+01
4.527555465698242188e+01
4.490085983276367188e+01
4.452632904052734375e+01
4.415344238281250000e+01
4.378206634521484375e+01
4.341213989257812500e+01
4.304426193237304688e+01
4.267958068847656250e+01
4.231837844848632812e+01
4.195969772338867188e+01
4.160400390625000000e+01
