6.643587493896484375e+01
6.630651855468750000e+01
6.617693328857421875e+01
6.604706573486328125e+01
6.591674804687500000e+01
6.578582000732421875e+01
6.565417480468750000e+01
6.552167510986328125e+01
6.538810729980468750e+01
6.525315093994140625e+01
6.511672210693359375e+01
6.497867584228515625e+01
6.483858489990234375e+01
6.469648742675781250e+01
6.455245208740234375e+01
6.440647888183593750e+01
6.425840759277343750e+01
6.410834503173828125e+01
6.395644378662109375e+01
6.380281066894531250e+01
6.364769744873046875e+01
6.349132919311523438e+01
6.333374786376953125e+01
6.317490005493164062e+01
6.301489257812500000e+01
6.285349655151367188e+01
6.269070434570312500e+01
6.252646636962890625e+01
6.236061096191406250e+01
6.219296264648437500e+01
6.202338409423828125e+01
6.185186767578125000e+01
6.167846679687500000e+01
6.150296020507812500e+01
6.132578659057617188e+01
6.114658737182617188e+01
6.096307373046875000e+01
6.077576065063476562e+01
6.058358001708984375e+01
6.038577270507812500e+01
6.018216705322265625e+01
5.997340011596679688e+01
5.976099777221679688e+01
5.954648590087890625e+01
5.932958602905273438e+01
5.910854721069335938e+01
5.888116073608398438e+01
5.864536666870117188e+01
5.840138626098632812e+01
5.814964294433593750e+01
5.788970947265625000e+01
5.762071228027343750e+01
5.734387969970703125e+01
5.706172180175781250e+01
5.677459335327148438e+01
5.648202896118164062e+01
5.618562316894531250e+01
5.588571548461914062e+01
5.558070373535156250e+01
5.526858520507812500e+01
5.494843673706054688e+01
5.461986923217773438e+01
5.428326034545898438e+01
5.394178771972656250e+01
5.359560394287109375e+01
5.324631118774414062e+01
5.289465332031250000e+01
5.253858566284179688e+01
5.217963790893554688e+01
5.181776046752929688e+01
5.145333480834960938e+01
5.108403778076171875e+01
5.071123123168945312e+01
5.033616256713867188e+01
4.995927810668945312e+01
4.958051681518554688e+01
4.919919204711914062e+01
4.881585311889648438e+01
4.843065643310546875e+01
4.804824829101562500e+01
4.766827392578125000e+01
4.728832626342773438e+01
4.690965652465820312e+01
4.653021621704101562e+01
4.615087509155273438e+01
4.576979446411132812e+01
4.538983917236328125e+01
4.500734329223632812e+01
4.462314605712890625e+01
4.423748016357421875e+01
4.384930038452148438e+01
4.346083068847656250e+01
4.307295608520507812e+01
4.268748474121093750e+01
4.230029678344726562e+01
4.191123580932617188e+01
4.152534866333007812e+01
4.113857269287109375e+01
4.075215530395507812e+01
4.036857223510742188e+01
