6.372296524047851562e+01
6.382378005981445312e+01
6.391998672485351562e+01
6.401137542724609375e+01
6.409657287597656250e+01
6.417512512207031250e+01
6.424622344970703125e+01
6.430921173095703125e+01
6.436307525634765625e+01
6.440604400634765625e+01
6.443648529052734375e+01
6.445401000976562500e+01
6.445843505859375000e+01
6.445095825195312500e+01
6.443195343017578125e+01
6.440274810791015625e+01
6.436523437500000000e+01
6.432025909423828125e+01
6.426813507080078125e+01
6.420825195312500000e+01
6.413980102539062500e+01
6.406191253662109375e+01
6.397445297241210938e+01
6.387732315063476562e+01
6.377048492431640625e+01
6.365358734130859375e+01
6.352767944335937500e+01
6.339348602294921875e+01
6.325199127197265625e+01
6.310477447509765625e+01
6.295297241210937500e+01
6.279560470581054688e+01
6.263339996337890625e+01
6.246641159057617188e+01
6.229418563842773438e+01
6.211724090576171875e+01
6.193523406982421875e+01
6.174747467041015625e+01
6.155385971069335938e+01
6.135371017456054688e+01
6.114395523071289062e+01
6.092460632324218750e+01
6.069223785400390625e+01
6.044832229614257812e+01
6.019461059570312500e+01
5.993361282348632812e+01
5.967057418823242188e+01
5.940611648559570312e+01
5.914210510253906250e+01
5.887879180908203125e+01
5.861376190185546875e+01
5.834766006469726562e+01
5.807415390014648438e+01
5.778858566284179688e+01
5.749169921875000000e+01
5.718455505371093750e+01
5.687077331542968750e+01
5.654645919799804688e+01
5.621538543701171875e+01
5.587835311889648438e+01
5.553283691406250000e+01
5.517494964599609375e+01
5.481076049804687500e+01
5.444702529907226562e+01
5.408339691162109375e+01
5.371949386596679688e+01
5.335552978515625000e+01
5.299193572998046875e+01
5.262738800048828125e+01
5.226382446289062500e+01
5.189744949340820312e+01
5.152860641479492188e+01
5.115733718872070312e+01
5.078498077392578125e+01
5.040826034545898438e+01
5.003090286254882812e+01
4.965225601196289062e+01
4.926795578002929688e+01
4.888209152221679688e+01
4.849652862548828125e+01
4.810869598388671875e+01
4.772005462646484375e+01
4.733124160766601562e+01
4.694134902954101562e+01
4.654829788208007812e+01
4.615546798706054688e+01
4.576325988769531250e+01
4.537321853637695312e+01
4.498292541503906250e+01
4.459244918823242188e+01
4.420198059082031250e+01
4.381317520141601562e+01
4.342733764648437500e+01
4.304219436645507812e+01
4.265283584594726562e+01
4.226400375366210938e+01
4.187671279907226562e+01
4.149327850341796875e+01
4.110991668701171875e+01
4.072733688354492188e+01
