6.588997650146484375e+01
6.593875885009765625e+01
6.598142242431640625e+01
6.601691436767578125e+01
6.604498291015625000e+01
6.606616210937500000e+01
6.608086395263671875e+01
6.609017944335937500e+01
6.609455871582031250e+01
6.609499359130859375e+01
6.609191131591796875e+01
6.608520507812500000e+01
6.607384490966796875e+01
6.605584716796875000e+01
6.602972412109375000e+01
6.599387359619140625e+01
6.594538879394531250e+01
6.588307952880859375e+01
6.580786895751953125e+01
6.572192382812500000e+01
6.562817382812500000e+01
6.552645111083984375e+01
6.541970825195312500e+01
6.530901336669921875e+01
6.519384002685546875e+01
6.507338714599609375e+01
6.494666290283203125e+01
6.481238555908203125e+01
6.466943359375000000e+01
6.451898193359375000e+01
6.436038208007812500e+01
6.419358825683593750e+01
6.401803588867187500e+01
6.383267974853515625e+01
6.363816070556640625e+01
6.343534851074218750e+01
6.322354888916015625e+01
6.300303649902343750e+01
6.277394866943359375e+01
6.253649902343750000e+01
6.229030609130859375e+01
6.203603744506835938e+01
6.177016067504882812e+01
6.149286651611328125e+01
6.121053695678710938e+01
6.092382431030273438e+01
6.063239669799804688e+01
6.033476257324218750e+01
6.003209686279296875e+01
5.972678756713867188e+01
5.941924285888671875e+01
5.910934829711914062e+01
5.879751205444335938e+01
5.848363494873046875e+01
5.816712188720703125e+01
5.784796905517578125e+01
5.752435302734375000e+01
5.719383621215820312e+01
5.685562515258789062e+01
5.651040649414062500e+01
5.615961074829101562e+01
5.580398559570312500e+01
5.544412994384765625e+01
5.508036041259765625e+01
5.471369934082031250e+01
5.434691238403320312e+01
5.397927474975585938e+01
5.360998153686523438e+01
5.323950576782226562e+01
5.286814117431640625e+01
5.249486923217773438e+01
5.211890029907226562e+01
5.173971176147460938e+01
5.135947036743164062e+01
5.097844696044921875e+01
5.059563446044921875e+01
5.021010589599609375e+01
4.982276916503906250e+01
4.943364334106445312e+01
4.904322433471679688e+01
4.865181732177734375e+01
4.825933074951171875e+01
4.786446380615234375e+01
4.746739196777343750e+01
4.706816864013671875e+01
4.666691207885742188e+01
4.626298522949218750e+01
4.585704803466796875e+01
4.544970321655273438e+01
4.504117584228515625e+01
4.463060379028320312e+01
4.421861648559570312e+01
4.380857849121093750e+01
4.340076065063476562e+01
4.299552536010742188e+01
4.259322357177734375e+01
4.219435501098632812e+01
4.179943466186523438e+01
4.140949249267578125e+01
4.102486038208007812e+01
