6.594079589843750000e+01
6.578001403808593750e+01
6.561926269531250000e+01
6.545851898193359375e+01
6.529778289794921875e+01
6.513706207275390625e+01
6.497634124755859375e+01
6.481563568115234375e+01
6.465493774414062500e+01
6.449423217773437500e+01
6.433354187011718750e+01
6.417283630371093750e+01
6.401215362548828125e+01
6.385146713256835938e+01
6.369078445434570312e+01
6.353010940551757812e+01
6.336943435668945312e+01
6.320875930786132812e+01
6.304809188842773438e+01
6.288742446899414062e+01
6.272676086425781250e+01
6.256610488891601562e+01
6.240544891357421875e+01
6.224477386474609375e+01
6.208403778076171875e+01
6.192321014404296875e+01
6.176212310791015625e+01
6.160052871704101562e+01
6.143812179565429688e+01
6.127414703369140625e+01
6.110684967041015625e+01
6.093517303466796875e+01
6.075842285156250000e+01
6.057645034790039062e+01
6.038861083984375000e+01
6.019428634643554688e+01
5.999462509155273438e+01
5.979043579101562500e+01
5.958245468139648438e+01
5.937163543701171875e+01
5.915911102294921875e+01
5.894579315185546875e+01
5.873334884643554688e+01
5.852205657958984375e+01
5.831191635131835938e+01
5.810189056396484375e+01
5.789037322998046875e+01
5.767754364013671875e+01
5.746269989013671875e+01
5.724599838256835938e+01
5.702420425415039062e+01
5.679330444335937500e+01
5.655410003662109375e+01
5.630690002441406250e+01
5.605203628540039062e+01
5.579003524780273438e+01
5.552346038818359375e+01
5.525376129150390625e+01
5.498110961914062500e+01
5.470499801635742188e+01
5.442813110351562500e+01
5.414836883544921875e+01
5.386444854736328125e+01
5.357803726196289062e+01
5.328533172607421875e+01
5.298412322998046875e+01
5.267346191406250000e+01
5.235292816162109375e+01
5.202268600463867188e+01
5.168267822265625000e+01
5.133333969116210938e+01
5.097850036621093750e+01
5.061959075927734375e+01
5.025932312011718750e+01
4.989188766479492188e+01
4.952302551269531250e+01
4.915020370483398438e+01
4.877504730224609375e+01
4.839841079711914062e+01
4.801879119873046875e+01
4.763501739501953125e+01
4.724993515014648438e+01
4.686425018310546875e+01
4.647924041748046875e+01
4.609531021118164062e+01
4.571119308471679688e+01
4.532804107666015625e+01
4.494638824462890625e+01
4.456663131713867188e+01
4.418542861938476562e+01
4.380466842651367188e+01
4.342373275756835938e+01
4.304226684570312500e+01
4.266291046142578125e+01
4.228181838989257812e+01
4.190053176879882812e+01
4.152158355712890625e+01
4.114498901367187500e+01
4.077254104614257812e+01
4.040237426757812500e+01
