6.730698394775390625e+01
6.718827056884765625e+01
6.707014465332031250e+01
6.695253753662109375e+01
6.683531951904296875e+01
6.671832275390625000e+01
6.660153961181640625e+01
6.648494720458984375e+01
6.636846160888671875e+01
6.625201416015625000e+01
6.613542175292968750e+01
6.601833343505859375e+01
6.590032196044921875e+01
6.578085327148437500e+01
6.565909576416015625e+01
6.553453063964843750e+01
6.540664672851562500e+01
6.527587127685546875e+01
6.514198303222656250e+01
6.500597381591796875e+01
6.486822509765625000e+01
6.472893524169921875e+01
6.458860778808593750e+01
6.444752502441406250e+01
6.430553436279296875e+01
6.416201782226562500e+01
6.401650238037109375e+01
6.386859893798828125e+01
6.371759796142578125e+01
6.356223678588867188e+01
6.340127182006835938e+01
6.323448562622070312e+01
6.306141281127929688e+01
6.288253402709960938e+01
6.269784927368164062e+01
6.250811004638671875e+01
6.231427383422851562e+01
6.211634826660156250e+01
6.191534805297851562e+01
6.171023559570312500e+01
6.150006866455078125e+01
6.128421020507812500e+01
6.106065368652343750e+01
6.083173751831054688e+01
6.059709930419921875e+01
6.036037826538085938e+01
6.012289810180664062e+01
5.988104248046875000e+01
5.963157272338867188e+01
5.937444686889648438e+01
5.910880661010742188e+01
5.883382415771484375e+01
5.855048751831054688e+01
5.825841140747070312e+01
5.795904159545898438e+01
5.765683746337890625e+01
5.734980010986328125e+01
5.703882217407226562e+01
5.672406005859375000e+01
5.640715408325195312e+01
5.608964920043945312e+01
5.577057266235351562e+01
5.545101165771484375e+01
5.512737274169921875e+01
5.480086135864257812e+01
5.447225952148437500e+01
5.413784790039062500e+01
5.379832458496093750e+01
5.345187377929687500e+01
5.309932327270507812e+01
5.274127197265625000e+01
5.237767410278320312e+01
5.200934982299804688e+01
5.163707733154296875e+01
5.126199722290039062e+01
5.088656234741210938e+01
5.050958633422851562e+01
5.012994384765625000e+01
4.974828720092773438e+01
4.936402511596679688e+01
4.897670745849609375e+01
4.858725357055664062e+01
4.819392395019531250e+01
4.779694747924804688e+01
4.739567565917968750e+01
4.698974227905273438e+01
4.658084106445312500e+01
4.616830062866210938e+01
4.575170516967773438e+01
4.533193588256835938e+01
4.490974426269531250e+01
4.448698425292968750e+01
4.406586837768554688e+01
4.364835357666015625e+01
4.323312759399414062e+01
4.282009887695312500e+01
4.241013717651367188e+01
4.200242233276367188e+01
4.159722900390625000e+01
4.119484710693359375e+01
