5.167125701904296875e+01
5.183930969238281250e+01
5.200801849365234375e+01
5.217736053466796875e+01
5.234734344482421875e+01
5.251796722412109375e+01
5.268922042846679688e+01
5.286109924316406250e+01
5.303361511230468750e+01
5.320675659179687500e+01
5.338051223754882812e+01
5.355488967895507812e+01
5.372987365722656250e+01
5.390548324584960938e+01
5.408169555664062500e+01
5.425850677490234375e+01
5.443592834472656250e+01
5.461395645141601562e+01
5.479257965087890625e+01
5.497180175781250000e+01
5.515159988403320312e+01
5.533198928833007812e+01
5.551295471191406250e+01
5.569447708129882812e+01
5.587657165527343750e+01
5.605922317504882812e+01
5.624244308471679688e+01
5.642623519897460938e+01
5.661057281494140625e+01
5.679545593261718750e+01
5.698088836669921875e+01
5.716685485839843750e+01
5.735335922241210938e+01
5.754040527343750000e+01
5.772797393798828125e+01
5.791607666015625000e+01
5.810470581054687500e+01
5.829384994506835938e+01
5.848352813720703125e+01
5.867370605468750000e+01
5.886438751220703125e+01
5.905555725097656250e+01
5.924723434448242188e+01
5.943940734863281250e+01
5.963205718994140625e+01
5.982519531250000000e+01
6.001879882812500000e+01
6.021287918090820312e+01
6.040742111206054688e+01
6.060243225097656250e+01
6.079789352416992188e+01
6.099381637573242188e+01
6.119017791748046875e+01
6.138701248168945312e+01
6.158427810668945312e+01
6.178199005126953125e+01
6.198013305664062500e+01
6.217868804931640625e+01
6.237766647338867188e+01
6.257705688476562500e+01
6.277687072753906250e+01
6.297708892822265625e+01
6.317771530151367188e+01
6.337875366210937500e+01
6.358018875122070312e+01
6.378202056884765625e+01
6.398423767089843750e+01
6.418685150146484375e+01
6.438983917236328125e+01
6.459321594238281250e+01
6.479696655273437500e+01
6.500108337402343750e+01
6.520557403564453125e+01
6.541042327880859375e+01
6.561563110351562500e+01
6.582118988037109375e+01
6.602711486816406250e+01
6.623339080810546875e+01
6.644001007080078125e+01
6.664698028564453125e+01
6.685427093505859375e+01
6.706189727783203125e+01
6.726985168457031250e+01
6.747812652587890625e+01
6.768672180175781250e+01
6.789562988281250000e+01
6.810485839843750000e+01
6.831439208984375000e+01
6.852422332763671875e+01
6.873435211181640625e+01
6.894478607177734375e+01
6.915550994873046875e+01
6.936652374267578125e+01
6.957781982421875000e+01
6.978941345214843750e+01
7.000127410888671875e+01
7.021343994140625000e+01
7.042586517333984375e+01
7.063856506347656250e+01
7.085154724121093750e+01
