3.757767105102539062e+01
3.779061508178710938e+01
3.800403976440429688e+01
3.821791839599609375e+01
3.843225479125976562e+01
3.864703750610351562e+01
3.886225509643554688e+01
3.907790374755859375e+01
3.929397583007812500e+01
3.951046752929687500e+01
3.972735214233398438e+01
3.994464492797851562e+01
4.016232299804687500e+01
4.038038253784179688e+01
4.059882736206054688e+01
4.081764984130859375e+01
4.103683471679687500e+01
4.125638198852539062e+01
4.147627639770507812e+01
4.169652938842773438e+01
4.191712188720703125e+01
4.213805389404296875e+01
4.235931777954101562e+01
4.258089447021484375e+01
4.280279922485351562e+01
4.302501296997070312e+01
4.324753189086914062e+01
4.347034454345703125e+01
4.369345855712890625e+01
4.391686630249023438e+01
4.414056015014648438e+01
4.436454010009765625e+01
4.458879852294921875e+01
4.481332397460937500e+01
4.503812789916992188e+01
4.526318740844726562e+01
4.548851394653320312e+01
4.571409606933593750e+01
4.593993377685546875e+01
4.616602706909179688e+01
4.639236068725585938e+01
4.661894607543945312e+01
4.684576797485351562e+01
4.707282638549804688e+01
4.730012130737304688e+01
4.752764511108398438e+01
4.775540161132812500e+01
4.798336791992187500e+01
4.821155929565429688e+01
4.843997955322265625e+01
4.866860580444335938e+01
4.889745712280273438e+01
4.912649917602539062e+01
4.935576629638671875e+01
4.958523178100585938e+01
4.981491088867187500e+01
5.004479980468750000e+01
5.027487945556640625e+01
5.050515365600585938e+01
5.073562240600585938e+01
5.096628189086914062e+01
5.119713211059570312e+01
5.142817306518554688e+01
5.165939331054687500e+01
5.189080047607421875e+01
5.212239456176757812e+01
5.235416793823242188e+01
5.258611679077148438e+01
5.281824874877929688e+01
5.305056762695312500e+01
5.328305053710937500e+01
5.351570129394531250e+01
5.374853515625000000e+01
5.398153305053710938e+01
5.421471023559570312e+01
5.444804382324218750e+01
5.468153762817382812e+01
5.491519927978515625e+01
5.514902877807617188e+01
5.538302230834960938e+01
5.561717224121093750e+01
5.585148239135742188e+01
5.608596038818359375e+01
5.632058715820312500e+01
5.655537796020507812e+01
5.679030990600585938e+01
5.702540588378906250e+01
5.726065444946289062e+01
5.749604415893554688e+01
5.773159408569335938e+01
5.796728897094726562e+01
5.820314407348632812e+01
5.843914413452148438e+01
5.867528915405273438e+01
5.891159057617187500e+01
5.914803314208984375e+01
5.938463211059570312e+01
5.962137603759765625e+01
5.985826492309570312e+01
6.009530639648437500e+01
