4.397821426391601562e+00
4.402246475219726562e+00
4.406698703765869141e+00
4.411177635192871094e+00
4.415684223175048828e+00
4.420215129852294922e+00
4.424773693084716797e+00
4.429358959197998047e+00
4.433971881866455078e+00
4.438611984252929688e+00
4.443278312683105469e+00
4.447971343994140625e+00
4.452691078186035156e+00
4.457438945770263672e+00
4.462211608886718750e+00
4.467010974884033203e+00
4.471837520599365234e+00
4.476690769195556641e+00
4.481572151184082031e+00
4.486479759216308594e+00
4.491415023803710938e+00
4.496376037597656250e+00
4.501365184783935547e+00
4.506381988525390625e+00
4.511425495147705078e+00
4.516495227813720703e+00
4.521592140197753906e+00
4.526715755462646484e+00
4.531866550445556641e+00
4.537043571472167969e+00
4.542247295379638672e+00
4.547478199005126953e+00
4.552734851837158203e+00
4.558018684387207031e+00
4.563329219818115234e+00
4.568666458129882812e+00
4.574031352996826172e+00
4.579421997070312500e+00
4.584840297698974609e+00
4.590284824371337891e+00
4.595755577087402344e+00
4.601253032684326172e+00
4.606777191162109375e+00
4.612327098846435547e+00
4.617903709411621094e+00
4.623506069183349609e+00
4.629135608673095703e+00
4.634789943695068359e+00
4.640470981597900391e+00
4.646178245544433594e+00
4.651911735534667969e+00
4.657672405242919922e+00
4.663457870483398438e+00
4.669269561767578125e+00
4.675107479095458984e+00
4.680970191955566406e+00
4.686859130859375000e+00
4.692773818969726562e+00
4.698714733123779297e+00
4.704680442810058594e+00
4.710672378540039062e+00
4.716690063476562500e+00
4.722733974456787109e+00
4.728802204132080078e+00
4.734896659851074219e+00
4.741016864776611328e+00
4.747162342071533203e+00
4.753334522247314453e+00
4.759531974792480469e+00
4.765754699707031250e+00
4.772002696990966797e+00
4.778275489807128906e+00
4.784574985504150391e+00
4.790899276733398438e+00
4.797249794006347656e+00
4.803625106811523438e+00
4.810025691986083984e+00
4.816451549530029297e+00
4.822901725769042969e+00
4.829376220703125000e+00
4.835875988006591797e+00
4.842400074005126953e+00
4.848949432373046875e+00
4.855523586273193359e+00
4.862122535705566406e+00
4.868745803833007812e+00
4.875394344329833984e+00
4.882068634033203125e+00
4.888766288757324219e+00
4.895488739013671875e+00
4.902235507965087891e+00
4.909006118774414062e+00
4.915802001953125000e+00
4.922622203826904297e+00
4.929467201232910156e+00
4.936337471008300781e+00
4.943232059478759766e+00
4.950150489807128906e+00
4.957093238830566406e+00
4.964059829711914062e+00
