4.583314895629882812e+01
4.593523025512695312e+01
4.603761291503906250e+01
4.614030838012695312e+01
4.624330902099609375e+01
4.634661483764648438e+01
4.645022583007812500e+01
4.655413436889648438e+01
4.665834426879882812e+01
4.676286697387695312e+01
4.686768722534179688e+01
4.697280502319335938e+01
4.707821655273437500e+01
4.718392944335937500e+01
4.728993225097656250e+01
4.739624404907226562e+01
4.750284576416015625e+01
4.760973358154296875e+01
4.771692657470703125e+01
4.782440567016601562e+01
4.793217849731445312e+01
4.804022216796875000e+01
4.814855575561523438e+01
4.825717926025390625e+01
4.836608505249023438e+01
4.847526550292968750e+01
4.858473205566406250e+01
4.869447708129882812e+01
4.880450439453125000e+01
4.891479492187500000e+01
4.902534866333007812e+01
4.913617324829101562e+01
4.924725723266601562e+01
4.935860443115234375e+01
4.947021484375000000e+01
4.958207702636718750e+01
4.969421005249023438e+01
4.980659484863281250e+01
4.991923522949218750e+01
5.003212738037109375e+01
5.014528274536132812e+01
5.025867080688476562e+01
5.037231063842773438e+01
5.048620605468750000e+01
5.060033416748046875e+01
5.071469879150390625e+01
5.082930374145507812e+01
5.094415664672851562e+01
5.105923843383789062e+01
5.117454910278320312e+01
5.129009628295898438e+01
5.140587234497070312e+01
5.152187347412109375e+01
5.163809585571289062e+01
5.175453948974609375e+01
5.187120437622070312e+01
5.198809051513671875e+01
5.210519027709960938e+01
5.222251129150390625e+01
5.234003829956054688e+01
5.245778274536132812e+01
5.257573699951171875e+01
5.269390487670898438e+01
5.281228256225585938e+01
5.293086242675781250e+01
5.304964447021484375e+01
5.316862869262695312e+01
5.328780364990234375e+01
5.340719604492187500e+01
5.352678298950195312e+01
5.364657211303710938e+01
5.376655578613281250e+01
5.388673400878906250e+01
5.400710678100585938e+01
5.412766647338867188e+01
5.424840927124023438e+01
5.436934280395507812e+01
5.449046707153320312e+01
5.461178970336914062e+01
5.473328781127929688e+01
5.485496520996093750e+01
5.497683334350585938e+01
5.509887695312500000e+01
5.522110366821289062e+01
5.534351730346679688e+01
5.546610641479492188e+01
5.558887863159179688e+01
5.571180725097656250e+01
5.583492279052734375e+01
5.595820617675781250e+01
5.608166503906250000e+01
5.620529937744140625e+01
5.632911300659179688e+01
5.645309448242187500e+01
5.657725524902343750e+01
5.670158386230468750e+01
5.682607650756835938e+01
5.695073699951171875e+01
5.707557296752929688e+01
5.720056533813476562e+01
