2.124433326721191406e+01
2.128536605834960938e+01
2.132651329040527344e+01
2.136777114868164062e+01
2.140913963317871094e+01
2.145062446594238281e+01
2.149221992492675781e+01
2.153392791748046875e+01
2.157574462890625000e+01
2.161767578125000000e+01
2.165970611572265625e+01
2.170185089111328125e+01
2.174410438537597656e+01
2.178646469116210938e+01
2.182893180847167969e+01
2.187150764465332031e+01
2.191418838500976562e+01
2.195697975158691406e+01
2.199987602233886719e+01
2.204287719726562500e+01
2.208598518371582031e+01
2.212919425964355469e+01
2.217250633239746094e+01
2.221592140197753906e+01
2.225943374633789062e+01
2.230304718017578125e+01
2.234675788879394531e+01
2.239056968688964844e+01
2.243448066711425781e+01
2.247849082946777344e+01
2.252260017395019531e+01
2.256680107116699219e+01
2.261109924316406250e+01
2.265549087524414062e+01
2.269997978210449219e+01
2.274456596374511719e+01
2.278924560546875000e+01
2.283401298522949219e+01
2.287887763977050781e+01
2.292383575439453125e+01
2.296888542175292969e+01
2.301402282714843750e+01
2.305925178527832031e+01
2.310456657409667969e+01
2.314997673034667969e+01
2.319547271728515625e+01
2.324105644226074219e+01
2.328673171997070312e+01
2.333249092102050781e+01
2.337833976745605469e+01
2.342427444458007812e+01
2.347029685974121094e+01
2.351640319824218750e+01
2.356259536743164062e+01
2.360887145996093750e+01
2.365522766113281250e+01
2.370166587829589844e+01
2.374819374084472656e+01
2.379480552673339844e+01
2.384149742126464844e+01
2.388827133178710938e+01
2.393512535095214844e+01
2.398206138610839844e+01
2.402907752990722656e+01
2.407617568969726562e+01
2.412335014343261719e+01
2.417060279846191406e+01
2.421793937683105469e+01
2.426535034179687500e+01
2.431283378601074219e+01
2.436039733886718750e+01
2.440803909301757812e+01
2.445575332641601562e+01
2.450354385375976562e+01
2.455141067504882812e+01
2.459935188293457031e+01
2.464737129211425781e+01
2.469546127319335938e+01
2.474363136291503906e+01
2.479187202453613281e+01
2.484018325805664062e+01
2.488857269287109375e+01
2.493703269958496094e+01
2.498556137084960938e+01
2.503416633605957031e+01
2.508283615112304688e+01
2.513158035278320312e+01
2.518039131164550781e+01
2.522927284240722656e+01
2.527822303771972656e+01
2.532724380493164062e+01
2.537632751464843750e+01
2.542548370361328125e+01
2.547470474243164062e+01
2.552400016784667969e+01
2.557335853576660156e+01
2.562277984619140625e+01
2.567226982116699219e+01
2.572182273864746094e+01
2.577144813537597656e+01
