3.991100692749023438e+01
4.010327911376953125e+01
4.029573440551757812e+01
4.048837661743164062e+01
4.068122482299804688e+01
4.087426376342773438e+01
4.106750106811523438e+01
4.126094436645507812e+01
4.145458221435546875e+01
4.164842987060546875e+01
4.184247589111328125e+01
4.203673553466796875e+01
4.223119735717773438e+01
4.242587280273437500e+01
4.262075805664062500e+01
4.281585693359375000e+01
4.301116180419921875e+01
4.320667648315429688e+01
4.340240097045898438e+01
4.359833145141601562e+01
4.379447555541992188e+01
4.399082946777343750e+01
4.418739318847656250e+01
4.438417434692382812e+01
4.458115386962890625e+01
4.477836227416992188e+01
4.497576904296875000e+01
4.517340087890625000e+01
4.537124633789062500e+01
4.556929397583007812e+01
4.576756286621093750e+01
4.596604537963867188e+01
4.616474914550781250e+01
4.636366271972656250e+01
4.656279754638671875e+01
4.676214599609375000e+01
4.696171188354492188e+01
4.716149902343750000e+01
4.736150741577148438e+01
4.756173324584960938e+01
4.776218795776367188e+01
4.796285629272460938e+01
4.816375732421875000e+01
4.836487197875976562e+01
4.856621170043945312e+01
4.876777648925781250e+01
4.896956253051757812e+01
4.917157363891601562e+01
4.937380599975585938e+01
4.957625961303710938e+01
4.977893829345703125e+01
4.998183822631835938e+01
5.018496704101562500e+01
5.038831710815429688e+01
5.059189605712890625e+01
5.079568862915039062e+01
5.099971008300781250e+01
5.120394897460937500e+01
5.140840148925781250e+01
5.161307144165039062e+01
5.181795501708984375e+01
5.202304458618164062e+01
5.222835540771484375e+01
5.243386840820312500e+01
5.263958740234375000e+01
5.284552383422851562e+01
5.305165481567382812e+01
5.325798416137695312e+01
5.346451187133789062e+01
5.367122650146484375e+01
5.387814331054687500e+01
5.408525466918945312e+01
5.429254913330078125e+01
5.450003433227539062e+01
5.470770645141601562e+01
5.491555404663085938e+01
5.512358856201171875e+01
5.533179473876953125e+01
5.554018783569335938e+01
5.574874496459960938e+01
5.595747375488281250e+01
5.616636657714843750e+01
5.637543487548828125e+01
5.658465576171875000e+01
5.679404067993164062e+01
5.700357818603515625e+01
5.721328353881835938e+01
5.742312622070312500e+01
5.763312149047851562e+01
5.784326171875000000e+01
5.805355453491210938e+01
5.826399612426757812e+01
5.847457885742187500e+01
5.868528747558593750e+01
5.889614868164062500e+01
5.910714340209960938e+01
5.931827926635742188e+01
5.952954483032226562e+01
5.974093246459960938e+01
5.995245742797851562e+01
