3.173537826538085938e+01
3.199635505676269531e+01
3.225754547119140625e+01
3.251894378662109375e+01
3.278054428100585938e+01
3.304235076904296875e+01
3.330435180664062500e+01
3.356654739379882812e+01
3.382893753051757812e+01
3.409150695800781250e+01
3.435425949096679688e+01
3.461718750000000000e+01
3.488029479980468750e+01
3.514356613159179688e+01
3.540700531005859375e+01
3.567060852050781250e+01
3.593437194824218750e+01
3.619828796386718750e+01
3.646235656738281250e+01
3.672657394409179688e+01
3.699093627929687500e+01
3.725543975830078125e+01
3.752007675170898438e+01
3.778485107421875000e+01
3.804975509643554688e+01
3.831479263305664062e+01
3.857995605468750000e+01
3.884524536132812500e+01
3.911064910888671875e+01
3.937617492675781250e+01
3.964181518554687500e+01
3.990757369995117188e+01
4.017343521118164062e+01
4.043941116333007812e+01
4.070549392700195312e+01
4.097167587280273438e+01
4.123796081542968750e+01
4.150434875488281250e+01
4.177083587646484375e+01
4.203741836547851562e+01
4.230410003662109375e+01
4.257087326049804688e+01
4.283773422241210938e+01
4.310469055175781250e+01
4.337173461914062500e+01
4.363886642456054688e+01
4.390608215332031250e+01
4.417338943481445312e+01
4.444077682495117188e+01
4.470825576782226562e+01
4.497580718994140625e+01
4.524344635009765625e+01
4.551116561889648438e+01
4.577896881103515625e+01
4.604684829711914062e+01
4.631481552124023438e+01
4.658285522460937500e+01
4.685096740722656250e+01
4.711916732788085938e+01
4.738742828369140625e+01
4.765577316284179688e+01
4.792418289184570312e+01
4.819267272949218750e+01
4.846123504638671875e+01
4.872986221313476562e+01
4.899856185913085938e+01
4.926733398437500000e+01
4.953617858886718750e+01
4.980508422851562500e+01
5.007406234741210938e+01
5.034310531616210938e+01
5.061222076416015625e+01
5.088140106201171875e+01
5.115065002441406250e+01
5.141996002197265625e+01
5.168933868408203125e+01
5.195877075195312500e+01
5.222827911376953125e+01
5.249783706665039062e+01
5.276745986938476562e+01
5.303714370727539062e+01
5.330688476562500000e+01
5.357668304443359375e+01
5.384653854370117188e+01
5.411645126342773438e+01
5.438640975952148438e+01
5.465644454956054688e+01
5.492652130126953125e+01
5.519665527343750000e+01
5.546684265136718750e+01
5.573708343505859375e+01
5.600737762451171875e+01
5.627772140502929688e+01
5.654811477661132812e+01
5.681856536865234375e+01
5.708906173706054688e+01
5.735961151123046875e+01
5.763019943237304688e+01
5.790084457397460938e+01
5.817153167724609375e+01
