9.549334526062011719e+00
9.556938171386718750e+00
9.564582824707031250e+00
9.572270393371582031e+00
9.579999923706054688e+00
9.587770462036132812e+00
9.595584869384765625e+00
9.603439331054687500e+00
9.611335754394531250e+00
9.619272232055664062e+00
9.627249717712402344e+00
9.635268211364746094e+00
9.643327713012695312e+00
9.651426315307617188e+00
9.659567832946777344e+00
9.667747497558593750e+00
9.675969123840332031e+00
9.684231758117675781e+00
9.692534446716308594e+00
9.700876235961914062e+00
9.709258079528808594e+00
9.717680931091308594e+00
9.726142883300781250e+00
9.734643936157226562e+00
9.743185043334960938e+00
9.751763343811035156e+00
9.760379791259765625e+00
9.769036293029785156e+00
9.777730941772460938e+00
9.786462783813476562e+00
9.795232772827148438e+00
9.804041862487792969e+00
9.812888145446777344e+00
9.821773529052734375e+00
9.830697059631347656e+00
9.839657783508300781e+00
9.848656654357910156e+00
9.857691764831542969e+00
9.866765022277832031e+00
9.875875473022460938e+00
9.885021209716796875e+00
9.894204139709472656e+00
9.903423309326171875e+00
9.912679672241210938e+00
9.921971321105957031e+00
9.931300163269042969e+00
9.940664291381835938e+00
9.950065612792968750e+00
9.959503173828125000e+00
9.968974113464355469e+00
9.978482246398925781e+00
9.988024711608886719e+00
9.997602462768554688e+00
1.000721645355224609e+01
1.001686573028564453e+01
1.002655029296875000e+01
1.003626823425292969e+01
1.004602146148681641e+01
1.005580997467041016e+01
1.006562995910644531e+01
1.007548427581787109e+01
1.008537197113037109e+01
1.009529399871826172e+01
1.010524845123291016e+01
1.011523818969726562e+01
1.012525939941406250e+01
1.013531589508056641e+01
1.014540386199951172e+01
1.015552425384521484e+01
1.016567802429199219e+01
1.017586421966552734e+01
1.018608379364013672e+01
1.019633579254150391e+01
1.020661830902099609e+01
1.021693229675292969e+01
1.022727870941162109e+01
1.023765659332275391e+01
1.024806690216064453e+01
1.025850963592529297e+01
1.026898384094238281e+01
1.027949047088623047e+01
1.029002666473388672e+01
1.030059623718261719e+01
1.031119537353515625e+01
1.032182598114013672e+01
1.033248901367187500e+01
1.034318065643310547e+01
1.035390377044677734e+01
1.036465835571289062e+01
1.037544155120849609e+01
1.038625526428222656e+01
1.039709854125976562e+01
1.040797233581542969e+01
1.041887474060058594e+01
1.042980575561523438e+01
1.044076442718505859e+01
1.045175266265869141e+01
1.046277046203613281e+01
1.047381782531738281e+01
1.048489475250244141e+01
