4.780419921875000000e+01
4.797201538085937500e+01
4.813998794555664062e+01
4.830810546875000000e+01
4.847636795043945312e+01
4.864476776123046875e+01
4.881331253051757812e+01
4.898198699951171875e+01
4.915080642700195312e+01
4.931975936889648438e+01
4.948885726928710938e+01
4.965807723999023438e+01
4.982744598388671875e+01
4.999694061279296875e+01
5.016655731201171875e+01
5.033631134033203125e+01
5.050619506835937500e+01
5.067619323730468750e+01
5.084632110595703125e+01
5.101656723022460938e+01
5.118693923950195312e+01
5.135742187500000000e+01
5.152802658081054688e+01
5.169874954223632812e+01
5.186959075927734375e+01
5.204053878784179688e+01
5.221161270141601562e+01
5.238279342651367188e+01
5.255408859252929688e+01
5.272549057006835938e+01
5.289699935913085938e+01
5.306862258911132812e+01
5.324036026000976562e+01
5.341219329833984375e+01
5.358413314819335938e+01
5.375617599487304688e+01
5.392832183837890625e+01
5.410056686401367188e+01
5.427291107177734375e+01
5.444534301757812500e+01
5.461788940429687500e+01
5.479052352905273438e+01
5.496325683593750000e+01
5.513607788085937500e+01
5.530898284912109375e+01
5.548199844360351562e+01
5.565509414672851562e+01
5.582828521728515625e+01
5.600155639648437500e+01
5.617491531372070312e+01
5.634836196899414062e+01
5.652188873291015625e+01
5.669551086425781250e+01
5.686920928955078125e+01
5.704298782348632812e+01
5.721685028076171875e+01
5.739078903198242188e+01
5.756480407714843750e+01
5.773890686035156250e+01
5.791307830810546875e+01
5.808733367919921875e+01
5.826166152954101562e+01
5.843606185913085938e+01
5.861053848266601562e+01
5.878508758544921875e+01
5.895971679687500000e+01
5.913441848754882812e+01
5.930918884277343750e+01
5.948402404785156250e+01
5.965892791748046875e+01
5.983390045166015625e+01
6.000894546508789062e+01
6.018404388427734375e+01
6.035921478271484375e+01
6.053444290161132812e+01
6.070974349975585938e+01
6.088510131835937500e+01
6.106051635742187500e+01
6.123600006103515625e+01
6.141154479980468750e+01
6.158714294433593750e+01
6.176279830932617188e+01
6.193852233886718750e+01
6.211429977416992188e+01
6.229012298583984375e+01
6.246601486206054688e+01
6.264196777343750000e+01
6.281795501708984375e+01
6.299401092529296875e+01
6.317011260986328125e+01
6.334627151489257812e+01
6.352247238159179688e+01
6.369872665405273438e+01
6.387503433227539062e+01
6.405139160156250000e+01
6.422779083251953125e+01
6.440423583984375000e+01
6.458072662353515625e+01
6.475726318359375000e+01
6.493385314941406250e+01
