3.545517349243164062e+01
3.569682312011718750e+01
3.593882751464843750e+01
3.618118667602539062e+01
3.642388916015625000e+01
3.666693496704101562e+01
3.691031265258789062e+01
3.715403747558593750e+01
3.739809799194335938e+01
3.764250183105468750e+01
3.788723754882812500e+01
3.813230514526367188e+01
3.837770462036132812e+01
3.862341690063476562e+01
3.886945724487304688e+01
3.911579895019531250e+01
3.936246109008789062e+01
3.960942840576171875e+01
3.985670089721679688e+01
4.010425949096679688e+01
4.035212326049804688e+01
4.060028457641601562e+01
4.084873199462890625e+01
4.109747695922851562e+01
4.134650039672851562e+01
4.159579849243164062e+01
4.184539031982421875e+01
4.209524536132812500e+01
4.234536743164062500e+01
4.259575653076171875e+01
4.284641265869140625e+01
4.309732055664062500e+01
4.334849548339843750e+01
4.359991836547851562e+01
4.385158920288085938e+01
4.410351562500000000e+01
4.435569000244140625e+01
4.460811233520507812e+01
4.486077880859375000e+01
4.511368179321289062e+01
4.536682891845703125e+01
4.562021255493164062e+01
4.587383270263671875e+01
4.612770462036132812e+01
4.638180160522460938e+01
4.663613510131835938e+01
4.689069366455078125e+01
4.714550018310546875e+01
4.740052795410156250e+01
4.765579605102539062e+01
4.791129302978515625e+01
4.816703414916992188e+01
4.842300033569335938e+01
4.867920684814453125e+01
4.893564605712890625e+01
4.919231796264648438e+01
4.944922256469726562e+01
4.970635986328125000e+01
4.996373748779296875e+01
5.022134399414062500e+01
5.047918701171875000e+01
5.073726654052734375e+01
5.099556732177734375e+01
5.125410079956054688e+01
5.151286697387695312e+01
5.177185440063476562e+01
5.203106689453125000e+01
5.229050064086914062e+01
5.255015945434570312e+01
5.281003952026367188e+01
5.307013320922851562e+01
5.333044433593750000e+01
5.359097290039062500e+01
5.385169982910156250e+01
5.411264419555664062e+01
5.437378311157226562e+01
5.463511657714843750e+01
5.489665603637695312e+01
5.515837097167968750e+01
5.542027664184570312e+01
5.568236160278320312e+01
5.594462203979492188e+01
5.620706558227539062e+01
5.646967697143554688e+01
5.673244476318359375e+01
5.699537658691406250e+01
5.725847625732421875e+01
5.752173233032226562e+01
5.778513336181640625e+01
5.804868316650390625e+01
5.831237792968750000e+01
5.857621002197265625e+01
5.884017944335937500e+01
5.910428237915039062e+01
5.936851119995117188e+01
5.963286209106445312e+01
5.989734268188476562e+01
6.016193389892578125e+01
6.042664337158203125e+01
6.069146728515625000e+01
