3.591770935058593750e+01
3.612747955322265625e+01
3.633794021606445312e+01
3.654907608032226562e+01
3.676088333129882812e+01
3.697335433959960938e+01
3.718647766113281250e+01
3.740024566650390625e+01
3.761465072631835938e+01
3.782966613769531250e+01
3.804527664184570312e+01
3.826148986816406250e+01
3.847826766967773438e+01
3.869563293457031250e+01
3.891356277465820312e+01
3.913204574584960938e+01
3.935108184814453125e+01
3.957065582275390625e+01
3.979075622558593750e+01
4.001137542724609375e+01
4.023249816894531250e+01
4.045412063598632812e+01
4.067623519897460938e+01
4.089882278442382812e+01
4.112188720703125000e+01
4.134541320800781250e+01
4.156939697265625000e+01
4.179382705688476562e+01
4.201868820190429688e+01
4.224397659301757812e+01
4.246968078613281250e+01
4.269579315185546875e+01
4.292230987548828125e+01
4.314921951293945312e+01
4.337652206420898438e+01
4.360420608520507812e+01
4.383226394653320312e+01
4.406068801879882812e+01
4.428947830200195312e+01
4.451861572265625000e+01
4.474808502197265625e+01
4.497789001464843750e+01
4.520801544189453125e+01
4.543848800659179688e+01
4.566927337646484375e+01
4.590036010742187500e+01
4.613175582885742188e+01
4.636344528198242188e+01
4.659542083740234375e+01
4.682768249511718750e+01
4.706022644042968750e+01
4.729304504394531250e+01
4.752613449096679688e+01
4.775948715209960938e+01
4.799311065673828125e+01
4.822699356079101562e+01
4.846112823486328125e+01
4.869551086425781250e+01
4.893014526367187500e+01
4.916500091552734375e+01
4.940009307861328125e+01
4.963541793823242188e+01
4.987096023559570312e+01
5.010671615600585938e+01
5.034268188476562500e+01
5.057887649536132812e+01
5.081527709960937500e+01
5.105186843872070312e+01
5.128867340087890625e+01
5.152566528320312500e+01
5.176285934448242188e+01
5.200024414062500000e+01
5.223780059814453125e+01
5.247554397583007812e+01
5.271346664428710938e+01
5.295156097412109375e+01
5.318982315063476562e+01
5.342825698852539062e+01
5.366685485839843750e+01
5.390561676025390625e+01
5.414454269409179688e+01
5.438362121582031250e+01
5.462285614013671875e+01
5.486224365234375000e+01
5.510178375244140625e+01
5.534146118164062500e+01
5.558127593994140625e+01
5.582124328613281250e+01
5.606134414672851562e+01
5.630157852172851562e+01
5.654195022583007812e+01
5.678245162963867188e+01
5.702309036254882812e+01
5.726385116577148438e+01
5.750473403930664062e+01
5.774574279785156250e+01
5.798687744140625000e+01
5.822811508178710938e+01
5.846947860717773438e+01
5.871095657348632812e+01
