5.329146194458007812e+01
5.341835021972656250e+01
5.354542922973632812e+01
5.367267608642578125e+01
5.380009841918945312e+01
5.392769622802734375e+01
5.405546569824218750e+01
5.418341064453125000e+01
5.431152343750000000e+01
5.443981552124023438e+01
5.456828308105468750e+01
5.469691848754882812e+01
5.482572174072265625e+01
5.495468902587890625e+01
5.508382034301757812e+01
5.521312332153320312e+01
5.534259033203125000e+01
5.547220993041992188e+01
5.560198974609375000e+01
5.573194503784179688e+01
5.586204528808593750e+01
5.599230957031250000e+01
5.612273406982421875e+01
5.625330734252929688e+01
5.638403320312500000e+01
5.651491546630859375e+01
5.664595413208007812e+01
5.677713394165039062e+01
5.690846633911132812e+01
5.703994369506835938e+01
5.717157745361328125e+01
5.730334854125976562e+01
5.743527603149414062e+01
5.756734466552734375e+01
5.769955444335937500e+01
5.783192062377929688e+01
5.796441650390625000e+01
5.809704971313476562e+01
5.822983169555664062e+01
5.836274337768554688e+01
5.849580001831054688e+01
5.862899398803710938e+01
5.876232910156250000e+01
5.889579391479492188e+01
5.902941131591796875e+01
5.916316604614257812e+01
5.929704284667968750e+01
5.943106842041015625e+01
5.956522369384765625e+01
5.969951248168945312e+01
5.983392715454101562e+01
5.996847915649414062e+01
6.010316085815429688e+01
6.023796844482421875e+01
6.037290954589843750e+01
6.050798416137695312e+01
6.064318847656250000e+01
6.077852249145507812e+01
6.091397857666015625e+01
6.104955673217773438e+01
6.118526840209960938e+01
6.132109451293945312e+01
6.145705413818359375e+01
6.159313201904296875e+01
6.172933197021484375e+01
6.186565017700195312e+01
6.200209426879882812e+01
6.213866043090820312e+01
6.227535629272460938e+01
6.241215515136718750e+01
6.254907608032226562e+01
6.268611526489257812e+01
6.282327270507812500e+01
6.296054458618164062e+01
6.309793472290039062e+01
6.323543167114257812e+01
6.337305068969726562e+01
6.351077651977539062e+01
6.364861679077148438e+01
6.378656768798828125e+01
6.392462158203125000e+01
6.406278228759765625e+01
6.420105743408203125e+01
6.433944702148437500e+01
6.447793579101562500e+01
6.461653900146484375e+01
6.475524139404296875e+01
6.489406585693359375e+01
6.503298187255859375e+01
6.517201232910156250e+01
6.531114959716796875e+01
6.545038604736328125e+01
6.558972930908203125e+01
6.572917938232421875e+01
6.586872863769531250e+01
6.600837707519531250e+01
6.614813232421875000e+01
6.628798675537109375e+01
6.642793273925781250e+01
6.656798553466796875e+01
