6.557653045654296875e+01
6.561121368408203125e+01
6.564595031738281250e+01
6.568074798583984375e+01
6.571559143066406250e+01
6.575048828125000000e+01
6.578545379638671875e+01
6.582046508789062500e+01
6.585552978515625000e+01
6.589066314697265625e+01
6.592583465576171875e+01
6.596107482910156250e+01
6.599635314941406250e+01
6.603170013427734375e+01
6.606710052490234375e+01
6.610255432128906250e+01
6.613805389404296875e+01
6.617361450195312500e+01
6.620922088623046875e+01
6.624488067626953125e+01
6.628057861328125000e+01
6.631634521484375000e+01
6.635215759277343750e+01
6.638800811767578125e+01
6.642392730712890625e+01
6.645989227294921875e+01
6.649590301513671875e+01
6.653195190429687500e+01
6.656806945800781250e+01
6.660423278808593750e+01
6.664045715332031250e+01
6.667671966552734375e+01
6.671303558349609375e+01
6.674938964843750000e+01
6.678581237792968750e+01
6.682227325439453125e+01
6.685877990722656250e+01
6.689534759521484375e+01
6.693195343017578125e+01
6.696861267089843750e+01
6.700531005859375000e+01
6.704206085205078125e+01
6.707885742187500000e+01
6.711569976806640625e+01
6.715259552001953125e+01
6.718952941894531250e+01
6.722651672363281250e+01
6.726355743408203125e+01
6.730063629150390625e+01
6.733776092529296875e+01
6.737492370605468750e+01
6.741214752197265625e+01
6.744940948486328125e+01
6.748670959472656250e+01
6.752406311035156250e+01
6.756147003173828125e+01
6.759890747070312500e+01
6.763639068603515625e+01
6.767391967773437500e+01
6.771148681640625000e+01
6.774910736083984375e+01
6.778676605224609375e+01
6.782447052001953125e+01
6.786221313476562500e+01
6.790000915527343750e+01
6.793783569335937500e+01
6.797570800781250000e+01
6.801361846923828125e+01
6.805157470703125000e+01
6.808957672119140625e+01
6.812760925292968750e+01
6.816568756103515625e+01
6.820381927490234375e+01
6.824198150634765625e+01
6.828018188476562500e+01
6.831842803955078125e+01
6.835671234130859375e+01
6.839503479003906250e+01
6.843340301513671875e+01
6.847180175781250000e+01
6.851024627685546875e+01
6.854872131347656250e+01
6.858724212646484375e+01
6.862580108642578125e+01
6.866439819335937500e+01
6.870303344726562500e+01
6.874169921875000000e+01
6.878042602539062500e+01
6.881917572021484375e+01
6.885796356201171875e+01
6.889678955078125000e+01
6.893565368652343750e+01
6.897456359863281250e+01
6.901349639892578125e+01
6.905247497558593750e+01
6.909149169921875000e+01
6.913054656982421875e+01
6.916962432861328125e+01
6.920875549316406250e+01
6.924792480468750000e+01
