1.958704566955566406e+01
1.962487411499023438e+01
1.966278266906738281e+01
1.970077705383300781e+01
1.973885154724121094e+01
1.977700614929199219e+01
1.981524085998535156e+01
1.985355758666992188e+01
1.989195632934570312e+01
1.993043518066406250e+01
1.996899986267089844e+01
2.000765037536621094e+01
2.004637718200683594e+01
2.008518218994140625e+01
2.012407493591308594e+01
2.016304588317871094e+01
2.020210075378417969e+01
2.024123001098632812e+01
2.028044509887695312e+01
2.031973838806152344e+01
2.035911178588867188e+01
2.039856529235839844e+01
2.043809700012207031e+01
2.047770881652832031e+01
2.051740264892578125e+01
2.055717277526855469e+01
2.059702301025390625e+01
2.063695335388183594e+01
2.067696571350097656e+01
2.071705436706542969e+01
2.075722312927246094e+01
2.079747009277343750e+01
2.083779144287109375e+01
2.087819290161132812e+01
2.091866874694824219e+01
2.095922279357910156e+01
2.099985313415527344e+01
2.104056167602539062e+01
2.108134651184082031e+01
2.112221336364746094e+01
2.116315460205078125e+01
2.120417213439941406e+01
2.124526596069335938e+01
2.128643417358398438e+01
2.132767868041992188e+01
2.136899757385253906e+01
2.141039085388183594e+01
2.145186042785644531e+01
2.149340629577636719e+01
2.153501892089843750e+01
2.157671165466308594e+01
2.161847686767578125e+01
2.166032218933105469e+01
2.170223808288574219e+01
2.174422836303710938e+01
2.178629302978515625e+01
2.182843017578125000e+01
2.187064361572265625e+01
2.191293144226074219e+01
2.195529174804687500e+01
2.199772453308105469e+01
2.204022598266601562e+01
2.208280372619628906e+01
2.212544631958007812e+01
2.216816329956054688e+01
2.221095085144042969e+01
2.225380897521972656e+01
2.229673385620117188e+01
2.233973121643066406e+01
2.238280296325683594e+01
2.242594146728515625e+01
2.246915054321289062e+01
2.251242637634277344e+01
2.255576896667480469e+01
2.259917831420898438e+01
2.264266204833984375e+01
2.268620491027832031e+01
2.272982215881347656e+01
2.277350807189941406e+01
2.281725883483886719e+01
2.286108016967773438e+01
2.290496444702148438e+01
2.294891166687011719e+01
2.299293136596679688e+01
2.303701400756835938e+01
2.308115768432617188e+01
2.312537193298339844e+01
2.316964912414550781e+01
2.321399116516113281e+01
2.325839805603027344e+01
2.330286598205566406e+01
2.334740066528320312e+01
2.339200019836425781e+01
2.343666076660156250e+01
2.348138427734375000e+01
2.352617263793945312e+01
2.357102584838867188e+01
2.361593246459960938e+01
2.366091156005859375e+01
2.370594787597656250e+01
