4.252176284790039062e+01
4.268320083618164062e+01
4.284486389160156250e+01
4.300674438476562500e+01
4.316884231567382812e+01
4.333114624023437500e+01
4.349366760253906250e+01
4.365638732910156250e+01
4.381931686401367188e+01
4.398243713378906250e+01
4.414575576782226562e+01
4.430927276611328125e+01
4.447298431396484375e+01
4.463689041137695312e+01
4.480097961425781250e+01
4.496524810791015625e+01
4.512970733642578125e+01
4.529433822631835938e+01
4.545914459228515625e+01
4.562412261962890625e+01
4.578926849365234375e+01
4.595457839965820312e+01
4.612004852294921875e+01
4.628567886352539062e+01
4.645147323608398438e+01
4.661742401123046875e+01
4.678352737426757812e+01
4.694977951049804688e+01
4.711618423461914062e+01
4.728272247314453125e+01
4.744940948486328125e+01
4.761623382568359375e+01
4.778318786621093750e+01
4.795027923583984375e+01
4.811750411987304688e+01
4.828485488891601562e+01
4.845233154296875000e+01
4.861993789672851562e+01
4.878766632080078125e+01
4.895551300048828125e+01
4.912347412109375000e+01
4.929153823852539062e+01
4.945971679687500000e+01
4.962800979614257812e+01
4.979641723632812500e+01
4.996492385864257812e+01
5.013353347778320312e+01
5.030224609375000000e+01
5.047106170654296875e+01
5.063997650146484375e+01
5.080899047851562500e+01
5.097811126708984375e+01
5.114731216430664062e+01
5.131660461425781250e+01
5.148599624633789062e+01
5.165547943115234375e+01
5.182505035400390625e+01
5.199470138549804688e+01
5.216444396972656250e+01
5.233426666259765625e+01
5.250417709350585938e+01
5.267416763305664062e+01
5.284422683715820312e+01
5.301437377929687500e+01
5.318458938598632812e+01
5.335488891601562500e+01
5.352526855468750000e+01
5.369570922851562500e+01
5.386622619628906250e+01
5.403681564331054688e+01
5.420747756958007812e+01
5.437820434570312500e+01
5.454901123046875000e+01
5.471987152099609375e+01
5.489080047607421875e+01
5.506179809570312500e+01
5.523286056518554688e+01
5.540398788452148438e+01
5.557517623901367188e+01
5.574642944335937500e+01
5.591773223876953125e+01
5.608909988403320312e+01
5.626052856445312500e+01
5.643201065063476562e+01
5.660354995727539062e+01
5.677514266967773438e+01
5.694679260253906250e+01
5.711849975585937500e+01
5.729025650024414062e+01
5.746206665039062500e+01
5.763393402099609375e+01
5.780585098266601562e+01
5.797781753540039062e+01
5.814983367919921875e+01
5.832189941406250000e+01
5.849402236938476562e+01
5.866618347167968750e+01
5.883839035034179688e+01
5.901064300537109375e+01
5.918294906616210938e+01
