3.603475570678710938e+01
3.610014343261718750e+01
3.616567993164062500e+01
3.623137283325195312e+01
3.629721069335937500e+01
3.636320114135742188e+01
3.642933654785156250e+01
3.649562072753906250e+01
3.656204605102539062e+01
3.662861633300781250e+01
3.669532775878906250e+01
3.676217651367187500e+01
3.682917785644531250e+01
3.689632415771484375e+01
3.696361541748046875e+01
3.703104782104492188e+01
3.709862518310546875e+01
3.716633987426757812e+01
3.723419952392578125e+01
3.730220031738281250e+01
3.737033462524414062e+01
3.743862152099609375e+01
3.750704574584960938e+01
3.757561492919921875e+01
3.764432907104492188e+01
3.771318817138671875e+01
3.778218460083007812e+01
3.785131835937500000e+01
3.792060089111328125e+01
3.799001693725585938e+01
3.805958175659179688e+01
3.812929153442382812e+01
3.819913482666015625e+01
3.826912307739257812e+01
3.833926010131835938e+01
3.840953445434570312e+01
3.847994613647460938e+01
3.855049896240234375e+01
3.862118911743164062e+01
3.869202041625976562e+01
3.876299285888671875e+01
3.883409881591796875e+01
3.890534973144531250e+01
3.897673797607421875e+01
3.904826736450195312e+01
3.911993408203125000e+01
3.919173431396484375e+01
3.926367950439453125e+01
3.933576202392578125e+01
3.940798950195312500e+01
3.948034667968750000e+01
3.955283737182617188e+01
3.962547302246093750e+01
3.969824600219726562e+01
3.977115249633789062e+01
3.984419631958007812e+01
3.991737365722656250e+01
3.999069976806640625e+01
4.006415939331054688e+01
4.013776016235351562e+01
4.021150207519531250e+01
4.028538513183593750e+01
4.035940170288085938e+01
4.043355560302734375e+01
4.050785064697265625e+01
4.058227920532226562e+01
4.065684509277343750e+01
4.073154449462890625e+01
4.080639266967773438e+01
4.088137054443359375e+01
4.095648193359375000e+01
4.103172683715820312e+01
4.110711288452148438e+01
4.118262863159179688e+01
4.125827789306640625e+01
4.133406829833984375e+01
4.140998458862304688e+01
4.148604202270507812e+01
4.156223297119140625e+01
4.163854980468750000e+01
4.171500396728515625e+01
4.179159545898437500e+01
4.186832427978515625e+01
4.194519042968750000e+01
4.202217864990234375e+01
4.209930038452148438e+01
4.217655181884765625e+01
4.225393676757812500e+01
4.233145141601562500e+01
4.240909576416015625e+01
4.248686218261718750e+01
4.256476211547851562e+01
4.264278793334960938e+01
4.272094345092773438e+01
4.279922866821289062e+01
4.287764739990234375e+01
4.295619583129882812e+01
4.303486633300781250e+01
4.311367034912109375e+01
4.319260025024414062e+01
