3.092599105834960938e+01
3.121251296997070312e+01
3.149921035766601562e+01
3.178608322143554688e+01
3.207313156127929688e+01
3.236035537719726562e+01
3.264775085449218750e+01
3.293531799316406250e+01
3.322305679321289062e+01
3.351095581054687500e+01
3.379902267456054688e+01
3.408724975585937500e+01
3.437562942504882812e+01
3.466417312622070312e+01
3.495287322998046875e+01
3.524172973632812500e+01
3.553075027465820312e+01
3.581991577148437500e+01
3.610924530029296875e+01
3.639871215820312500e+01
3.668833160400390625e+01
3.697810745239257812e+01
3.726802825927734375e+01
3.755809402465820312e+01
3.784830474853515625e+01
3.813866806030273438e+01
3.842917633056640625e+01
3.871983337402343750e+01
3.901063156127929688e+01
3.930157852172851562e+01
3.959266281127929688e+01
3.988389205932617188e+01
4.017526626586914062e+01
4.046677780151367188e+01
4.075842666625976562e+01
4.105022430419921875e+01
4.134216308593750000e+01
4.163424301147460938e+01
4.192646789550781250e+01
4.221882247924804688e+01
4.251131820678710938e+01
4.280394363403320312e+01
4.309671401977539062e+01
4.338962173461914062e+01
4.368266677856445312e+01
4.397583770751953125e+01
4.426914596557617188e+01
4.456259536743164062e+01
4.485617065429687500e+01
4.514988708496093750e+01
4.544373703002929688e+01
4.573772048950195312e+01
4.603184127807617188e+01
4.632609558105468750e+01
4.662047958374023438e+01
4.691498947143554688e+01
4.720963287353515625e+01
4.750440979003906250e+01
4.779931640625000000e+01
4.809434890747070312e+01
4.838951110839843750e+01
4.868479537963867188e+01
4.898020553588867188e+01
4.927573776245117188e+01
4.957141113281250000e+01
4.986718750000000000e+01
5.016310119628906250e+01
5.045912170410156250e+01
5.075525665283203125e+01
5.105152130126953125e+01
5.134790039062500000e+01
5.164439392089843750e+01
5.194100189208984375e+01
5.223772048950195312e+01
5.253454971313476562e+01
5.283149337768554688e+01
5.312854385375976562e+01
5.342570114135742188e+01
5.372297286987304688e+01
5.402034378051757812e+01
5.431782150268554688e+01
5.461540985107421875e+01
5.491310119628906250e+01
5.521088790893554688e+01
5.550877380371093750e+01
5.580675506591796875e+01
5.610483169555664062e+01
5.640301132202148438e+01
5.670127868652343750e+01
5.699963378906250000e+01
5.729808807373046875e+01
5.759663391113281250e+01
5.789526748657226562e+01
5.819397354125976562e+01
5.849276733398437500e+01
5.879164886474609375e+01
5.909061050415039062e+01
5.938964462280273438e+01
5.968876647949218750e+01
5.998795700073242188e+01
