5.657680511474609375e+01
5.667726516723632812e+01
5.677786636352539062e+01
5.687861251831054688e+01
5.697949600219726562e+01
5.708051681518554688e+01
5.718167877197265625e+01
5.728296279907226562e+01
5.738438415527343750e+01
5.748593902587890625e+01
5.758763504028320312e+01
5.768945693969726562e+01
5.779141616821289062e+01
5.789350509643554688e+01
5.799572372436523438e+01
5.809807205200195312e+01
5.820055389404296875e+01
5.830315399169921875e+01
5.840587615966796875e+01
5.850873184204101562e+01
5.861170959472656250e+01
5.871481704711914062e+01
5.881803894042968750e+01
5.892137908935546875e+01
5.902483749389648438e+01
5.912842178344726562e+01
5.923212051391601562e+01
5.933593750000000000e+01
5.943987274169921875e+01
5.954392242431640625e+01
5.964809036254882812e+01
5.975236511230468750e+01
5.985675430297851562e+01
5.996126174926757812e+01
6.006587600708007812e+01
6.017060470581054688e+01
6.027543258666992188e+01
6.038037872314453125e+01
6.048542404174804688e+01
6.059058761596679688e+01
6.069585037231445312e+01
6.080122375488281250e+01
6.090670013427734375e+01
6.101228332519531250e+01
6.111796569824218750e+01
6.122375488281250000e+01
6.132965087890625000e+01
6.143564605712890625e+01
6.154174423217773438e+01
6.164793777465820312e+01
6.175422668457031250e+01
6.186062622070312500e+01
6.196711730957031250e+01
6.207371139526367188e+01
6.218040084838867188e+01
6.228718185424804688e+01
6.239406585693359375e+01
6.250104522705078125e+01
6.260812377929687500e+01
6.271529006958007812e+01
6.282255554199218750e+01
6.292991256713867188e+01
6.303735733032226562e+01
6.314488983154296875e+01
6.325251770019531250e+01
6.336023330688476562e+01
6.346804809570312500e+01
6.357594299316406250e+01
6.368394470214843750e+01
6.379202270507812500e+01
6.390018844604492188e+01
6.400844573974609375e+01
6.411679077148437500e+01
6.422523498535156250e+01
6.433374786376953125e+01
6.444235992431640625e+01
6.455105590820312500e+01
6.465983581542968750e+01
6.476869964599609375e+01
6.487765502929687500e+01
6.498668670654296875e+01
6.509580230712890625e+01
6.520500183105468750e+01
6.531428527832031250e+01
6.542364501953125000e+01
6.553309631347656250e+01
6.564263916015625000e+01
6.575225830078125000e+01
6.586195373535156250e+01
6.597172546386718750e+01
6.608158111572265625e+01
6.619152069091796875e+01
6.630152893066406250e+01
6.641162109375000000e+01
6.652178955078125000e+01
6.663203430175781250e+01
6.674234771728515625e+01
6.685274505615234375e+01
6.696321868896484375e+01
6.707376861572265625e+01
