3.650477218627929688e+01
3.673443222045898438e+01
3.696428298950195312e+01
3.719433212280273438e+01
3.742457199096679688e+01
3.765499496459960938e+01
3.788561248779296875e+01
3.811642074584960938e+01
3.834741210937500000e+01
3.857857894897460938e+01
3.880992889404296875e+01
3.904144668579101562e+01
3.927313995361328125e+01
3.950501251220703125e+01
3.973705673217773438e+01
3.996927261352539062e+01
4.020165634155273438e+01
4.043420410156250000e+01
4.066692733764648438e+01
4.089981842041015625e+01
4.113286209106445312e+01
4.136607360839843750e+01
4.159943771362304688e+01
4.183296203613281250e+01
4.206665039062500000e+01
4.230048751831054688e+01
4.253448486328125000e+01
4.276863479614257812e+01
4.300294113159179688e+01
4.323739624023437500e+01
4.347199630737304688e+01
4.370674514770507812e+01
4.394164276123046875e+01
4.417668533325195312e+01
4.441186523437500000e+01
4.464719390869140625e+01
4.488266754150390625e+01
4.511828231811523438e+01
4.535403823852539062e+01
4.558992767333984375e+01
4.582596588134765625e+01
4.606213760375976562e+01
4.629844284057617188e+01
4.653488159179687500e+01
4.677146530151367188e+01
4.700818252563476562e+01
4.724502944946289062e+01
4.748200988769531250e+01
4.771912765502929688e+01
4.795637130737304688e+01
4.819373703002929688e+01
4.843123245239257812e+01
4.866886520385742188e+01
4.890662765502929688e+01
4.914450073242187500e+01
4.938251113891601562e+01
4.962064361572265625e+01
4.985889816284179688e+01
5.009727859497070312e+01
5.033578491210937500e+01
5.057440185546875000e+01
5.081314849853515625e+01
5.105202102661132812e+01
5.129100036621093750e+01
5.153010177612304688e+01
5.176932144165039062e+01
5.200867080688476562e+01
5.224813461303710938e+01
5.248771286010742188e+01
5.272740936279296875e+01
5.296722412109375000e+01
5.320715713500976562e+01
5.344720077514648438e+01
5.368735504150390625e+01
5.392762756347656250e+01
5.416801834106445312e+01
5.440851211547851562e+01
5.464912033081054688e+01
5.488984298706054688e+01
5.513068389892578125e+01
5.537163162231445312e+01
5.561268997192382812e+01
5.585384368896484375e+01
5.609511184692382812e+01
5.633649063110351562e+01
5.657797241210937500e+01
5.681956481933593750e+01
5.706125640869140625e+01
5.730306625366210938e+01
5.754497909545898438e+01
5.778699493408203125e+01
5.802910995483398438e+01
5.827133178710937500e+01
5.851366043090820312e+01
5.875609588623046875e+01
5.899862289428710938e+01
5.924124526977539062e+01
5.948397827148437500e+01
5.972680664062500000e+01
5.996972656250000000e+01
