2.220613098144531250e+01
2.232259750366210938e+01
2.243959617614746094e+01
2.255713653564453125e+01
2.267521476745605469e+01
2.279383659362792969e+01
2.291299247741699219e+01
2.303268051147460938e+01
2.315290260314941406e+01
2.327366065979003906e+01
2.339495277404785156e+01
2.351678085327148438e+01
2.363914108276367188e+01
2.376202201843261719e+01
2.388543128967285156e+01
2.400936126708984375e+01
2.413381195068359375e+01
2.425877761840820312e+01
2.438426399230957031e+01
2.451025199890136719e+01
2.463674736022949219e+01
2.476374435424804688e+01
2.489124488830566406e+01
2.501923942565917969e+01
2.514772796630859375e+01
2.527669906616210938e+01
2.540615463256835938e+01
2.553608894348144531e+01
2.566648674011230469e+01
2.579735183715820312e+01
2.592868423461914062e+01
2.606047821044921875e+01
2.619272994995117188e+01
2.632542800903320312e+01
2.645856666564941406e+01
2.659214210510253906e+01
2.672615623474121094e+01
2.686059188842773438e+01
2.699544906616210938e+01
2.713072776794433594e+01
2.726641654968261719e+01
2.740251159667968750e+01
2.753900527954101562e+01
2.767588806152343750e+01
2.781316184997558594e+01
2.795080757141113281e+01
2.808883094787597656e+01
2.822722816467285156e+01
2.836598396301269531e+01
2.850509643554687500e+01
2.864455795288085938e+01
2.878436660766601562e+01
2.892451667785644531e+01
2.906499481201171875e+01
2.920579147338867188e+01
2.934690475463867188e+01
2.948833656311035156e+01
2.963006973266601562e+01
2.977210617065429688e+01
2.991443824768066406e+01
3.005706024169921875e+01
3.019997215270996094e+01
3.034316635131835938e+01
3.048663330078125000e+01
3.063037490844726562e+01
3.077437782287597656e+01
3.091863632202148438e+01
3.106315040588378906e+01
3.120791625976562500e+01
3.135293006896972656e+01
3.149819183349609375e+01
3.164369392395019531e+01
3.178942871093750000e+01
3.193539810180664062e+01
3.208159255981445312e+01
3.222801208496093750e+01
3.237464904785156250e+01
3.252149963378906250e+01
3.266856765747070312e+01
3.281584548950195312e+01
3.296332931518554688e+01
3.311101531982421875e+01
3.325890731811523438e+01
3.340699005126953125e+01
3.355527114868164062e+01
3.370374298095703125e+01
3.385240173339843750e+01
3.400125122070312500e+01
3.415028762817382812e+01
3.429950714111328125e+01
3.444890594482421875e+01
3.459848785400390625e+01
3.474823760986328125e+01
3.489816284179687500e+01
3.504825973510742188e+01
3.519852066040039062e+01
3.534895324707031250e+01
3.549953842163085938e+01
3.565028381347656250e+01
3.580118942260742188e+01
