2.384139916230330414e+01
2.433079829138874928e+01
2.480740134771890126e+01
2.527131363659315255e+01
2.572278024141978747e+01
2.616218173787967771e+01
2.659002804692012134e+01
2.700695047909426805e+01
2.741369205237509021e+01
2.781109619456730186e+01
2.820009396927522261e+01
2.858168999051734716e+01
2.895694721498561464e+01
2.932697082213487860e+01
2.969289141030960621e+01
3.005584775155952926e+01
3.041696935832960946e+01
3.077735912155464604e+01
3.113807628165530161e+01
3.150011999139567465e+01
3.186441372250763848e+01
3.223179075645884950e+01
3.260298098390276067e+01
3.297859921742338685e+01
3.335913519849950859e+01
3.374494545256514044e+01
3.413624711608606788e+01
3.453311382726387535e+01
3.493547373787379229e+01
3.534310966848809699e+01
3.575566139356776318e+01
3.617263000730191891e+01
3.659338428629452977e+01
3.701716893190501168e+01
3.744311454387051441e+01
3.787024914836491973e+01
3.829751107841890700e+01
3.872376298312154574e+01
3.914780672464343070e+01
3.956839890918956826e+01
3.998426678974754367e+01
4.039412427507893710e+01
4.079668778085991221e+01
4.119069166516720770e+01
4.157490300147215834e+01
4.194813545772905172e+01
4.230926206968861436e+01
4.265722671984120495e+01
4.299105415991800783e+01
4.330985844412786889e+01
4.361284967168139559e+01
4.389933897005651886e+01
4.416874168421542635e+01
4.442057877095830776e+01
4.465447643111490095e+01
4.487016404471165743e+01
4.506747050496385754e+01
4.524631907538331177e+01
4.540672091990841608e+01
4.554876747830554962e+01
4.567262187774522886e+01
4.577850958611814036e+01
4.586670852305804402e+01
4.593753885064499087e+01
4.599135266729110327e+01
4.602852382537935938e+01
4.604943808594464372e+01
4.605448381223072118e+01
4.604404338860568657e+01
4.601848553239835127e+01
4.597815864414729248e+01
4.592338531698301551e+01
4.585445809891340474e+01
4.577163657320451051e+01
4.567514579240216932e+01
4.556517607145516990e+01
4.544188411543460404e+01
4.530539542812874032e+01
4.515580791987839859e+01
4.499319660696809819e+01
4.481761927120791711e+01
4.462912292748990950e+01
4.442775092950021332e+01
4.421355052973537880e+01
4.398658069980717045e+01
4.374692001089622551e+01
4.349467437226911670e+01
4.322998442803269370e+01
4.295303241871697253e+01
4.266404832473931208e+01
4.236331512308348834e+01
4.205117300636701572e+01
4.172802243449900317e+01
4.139432591294838915e+01
4.105060841777084590e+01
4.069745641546362691e+01
4.033551545488446521e+01
3.996548633829358010e+01
3.958811990846364637e+01
3.920421051816531843e+01
