2.261210350067197083e+01
2.312466456803897330e+01
2.362516434405263510e+01
2.411341711188710590e+01
2.458938175005864224e+01
2.505316178189499254e+01
2.550500347652286592e+01
2.594529197855789349e+01
2.637454547416268724e+01
2.679340743247564660e+01
2.720263699307076166e+01
2.760309760150075320e+01
2.799574402552992680e+01
2.838160791378266623e+01
2.876178208564062899e+01
2.913740376576111046e+01
2.950963699803591211e+01
2.987965449169030663e+01
3.024861916611265755e+01
3.061766567055864385e+01
3.098788215981407745e+01
3.136029260703686106e+01
3.173583993023158811e+01
3.211537019913531310e+01
3.249961817480083681e+01
3.288919441504327068e+01
3.328457415544579590e+01
3.368608814818068709e+01
3.409391560994154702e+01
3.450807939633975963e+01
3.492844348379240671e+01
3.535471280186291665e+01
3.578643541992624932e+01
3.622300705261172027e+01
3.666367780949221356e+01
3.710756107664808923e+01
3.755364438177760888e+01
3.800080206111437064e+01
3.844780951620624165e+01
3.889335882217579865e+01
3.933607542692780612e+01
3.977453566333036150e+01
4.020728478399348660e+01
4.063285522114903614e+01
4.104978477242695334e+01
4.145663441705458041e+01
4.185200547609701260e+01
4.223455584462912071e+01
4.260301504288919716e+01
4.295619785714627881e+01
4.329301636873665871e+01
4.361249020095903717e+01
4.391375484764076731e+01
4.419606798355236066e+01
4.445881369472719769e+01
4.470150460543322879e+01
4.492378191727822667e+01
4.512541341398650729e+01
4.530628952203363013e+01
4.546641755187273048e+01
4.560591427629488237e+01
4.572499703093538415e+01
4.582397354655520161e+01
4.590323074304107109e+01
4.596322273072603082e+01
4.600445827536232457e+01
4.602748798871395763e+01
4.603289150720405587e+01
4.602126491638352235e+01
4.599320866930889196e+01
4.594931623244647056e+01
4.589016367379149841e+01
4.581630038487625001e+01
4.572824110174457957e+01
4.562645936031761096e+01
4.551138248947840736e+01
4.538338821130152212e+01
4.524280288283667062e+01
4.508990137840884671e+01
4.492490857624500222e+01
4.474800237905904510e+01
4.455931816572165616e+01
4.435895454093708423e+01
4.414698022255564780e+01
4.392344188230750746e+01
4.368837273582395397e+01
4.344180166220998274e+01
4.318376262246421504e+01
4.291430413991921000e+01
4.263349860472581554e+01
4.234145116824949895e+01
4.203830800200388040e+01
4.172426370924918615e+01
4.139956769534846615e+01
4.106452932504160458e+01
4.071952172052505858e+01
4.036498408308077046e+01
4.000142245239247529e+01
3.962940885099448707e+01
3.924957879580412623e+01
