2.376185062036002194e+01
2.426488214471872951e+01
2.475536377373452268e+01
2.523325437001943428e+01
2.569865278722137703e+01
2.615179599680365641e+01
2.659305538996799001e+01
2.702293126695442638e+01
2.744204555400874668e+01
2.785113281642604477e+01
2.825102966376451619e+01
2.864266267006341593e+01
2.902703495718289872e+01
2.940521161273879969e+01
2.977830413505280660e+01
3.014745411566514122e+01
3.051381638487821846e+01
3.087854185719146827e+01
3.124276032108625145e+01
3.160756342123477225e+01
3.197398808071388387e+01
3.234300060616333639e+01
3.271548171007576400e+01
3.309221267165479219e+01
3.347386284112661770e+01
3.386097867230186154e+01
3.425397444490290866e+01
3.465312481209234363e+01
3.505855928022155155e+01
3.547025869756525651e+01
3.588805379726045430e+01
3.631162580738579493e+01
3.674050910868605513e+01
3.717409588844007118e+01
3.761164270796570719e+01
3.805227887179815127e+01
3.849501645919340831e+01
3.893876185376456078e+01
3.938232858518788504e+01
3.982445127838160914e+01
4.026380049065767963e+01
4.069899820631157183e+01
4.112863375110017472e+01
4.155127988612147050e+01
4.196550884178441976e+01
4.236990805772676083e+01
4.276309540358006700e+01
4.314373366815517841e+01
4.351054412065621335e+01
4.386231896656946105e+01
4.419793254254164339e+01
4.451635111840622727e+01
4.481664120009264707e+01
4.509797625396071652e+01
4.535964180064695483e+01
4.560103885429047210e+01
4.582168571052863371e+01
4.602121811343302937e+01
4.619938785714980156e+01
4.635605990197812076e+01
4.649120810660537018e+01
4.660490969784954274e+01
4.669733861628478166e+01
4.676875789027838692e+01
4.681951120209327399e+01
4.685001381767796858e+01
4.686074305651755623e+01
4.685222847945021840e+01
4.682504197072693586e+01
4.677978788590220915e+01
4.671709342955584532e+01
4.663759941657779962e+01
4.654195155801776451e+01
4.643079239763099508e+01
4.630475400852316170e+01
4.616445154107599791e+01
4.601047769396591747e+01
4.584339815995264189e+01
4.566374807757971865e+01
4.547202949939052274e+01
4.526870986707007205e+01
4.505422146445192055e+01
4.482896180091510274e+01
4.459329486064412151e+01
4.434755313784475561e+01
4.409204036453265729e+01
4.382703482617203861e+01
4.355279315140752772e+01
4.326955445554225577e+01
4.297754471335326798e+01
4.267698123534981391e+01
4.236807712265549242e+01
4.205104557929803377e+01
4.172610396669706034e+01
4.139347749344089067e+01
4.105340244382066572e+01
4.070612886085602611e+01
4.035192261341222064e+01
3.999106679222270344e+01
3.962386239584540704e+01
