2.306916693283652720e+01
2.352591419178551746e+01
2.397271815633781245e+01
2.440980513858208312e+01
2.483751453138351195e+01
2.525629421346135572e+01
2.566669450189416324e+01
2.606936070081244239e+01
2.646502431672682931e+01
2.685449303211063210e+01
2.723863954913345253e+01
2.761838943445668804e+01
2.799470811339436338e+01
2.836858717717246137e+01
2.874103018018396583e+01
2.911303811474623515e+01
2.948559475870172264e+01
2.985965209605513593e+01
3.023611601258718551e+01
3.061583246692642035e+01
3.099957433288560082e+01
3.138802910099116161e+01
3.178178761616091563e+01
3.218133401455335729e+01
3.258703700593292751e+01
3.299914262872538018e+01
3.341776858358580427e+01
3.384290022811271825e+01
3.427438829071039095e+01
3.471194833593158791e+01
3.515516198737515907e+01
3.560347988780706174e+01
3.605622635007605936e+01
3.651260562705829216e+01
3.697170970472901530e+01
3.743252749992100092e+01
3.789395532380430609e+01
3.835480845392520877e+01
3.881383364210530118e+01
3.926972237286381784e+01
3.972112467749347076e+01
4.016666330264569496e+01
4.060494802933118308e+01
4.103458993865879023e+01
4.145421542437339468e+01
4.186247975921846631e+01
4.225808003218708109e+01
4.263976728663344318e+01
4.300635770473688524e+01
4.335674270164842170e+01
4.368989781246051507e+01
4.400489027657229713e+01
4.430088524666791017e+01
4.457715057299274264e+01
4.483306013747206720e+01
4.506809573607053920e+01
4.528184753120336126e+01
4.547401311861408146e+01
4.564439527452186951e+01
4.579289846869172464e+01
4.591952424705241498e+01
4.602436560330626492e+01
4.610760047241471682e+01
4.616948448967452379e+01
4.621034316721657831e+01
4.623056364502371451e+01
4.623058617595108188e+01
4.621089550373612553e+01
4.617201228964829340e+01
4.611448473736781040e+01
4.603888055701870741e+01
4.594577939823136603e+01
4.583576586886694315e+01
4.570942324090897557e+01
4.556732792825814471e+01
4.541004480312798819e+01
4.523812339873853716e+01
4.505209502641414332e+01
4.485247081537560376e+01
4.463974066384828632e+01
4.441437307093638509e+01
4.417681580043343814e+01
4.392749731063300800e+01
4.366682886866460223e+01
4.339520725412240409e+01
4.311301794510605134e+01
4.282063867042720773e+01
4.251844320485607653e+01
4.220680528002087328e+01
4.188610248200289732e+01
4.155672000784166187e+01
4.121905415704855358e+01
4.087351544076081922e+01
4.052053120021863464e+01
4.016054763766307900e+01
3.979403117628704933e+01
3.942146908128151495e+01
3.904336929099356723e+01
3.866025942540961324e+01
3.827268495824348804e+01
