2.382992507882923050e+01
2.437094245454385089e+01
2.489920193608725185e+01
2.541434195545505403e+01
2.591612829454435740e+01
2.640445494712620800e+01
2.687934341002771532e+01
2.734094038991851860e+01
2.778951393596003427e+01
2.822544803279421899e+01
2.864923571249029166e+01
2.906147076768424853e+01
2.946283817078486322e+01
2.985410332534976874e+01
3.023610029512644459e+01
3.060971917342330073e+01
3.097589277006566988e+01
3.133558280488985304e+01
3.168976580529429654e+01
3.203941891058683211e+01
3.238550578762926335e+01
3.272896286051608428e+01
3.307068605174464437e+01
3.341151822362735402e+01
3.375223749670735884e+01
3.409354660690077310e+01
3.443606344526706664e+01
3.478031290406669029e+01
3.512672013047524189e+01
3.547560526542408610e+01
3.582717972000013162e+01
3.618154401613217885e+01
3.653868719242782959e+01
3.689848775049313900e+01
3.726071609234777071e+01
3.762503837611529178e+01
3.799102169543889573e+01
3.835814046844652836e+01
3.872578390490582478e+01
3.909326440575316752e+01
3.945982673767223758e+01
3.982465781701071705e+01
4.018689693213141112e+01
4.054564623134223922e+01
4.089998130478008420e+01
4.124896169294490988e+01
4.159164116182237336e+01
4.192707759446766858e+01
4.225434236130339372e+01
4.257252904587995346e+01
4.288076141912447525e+01
4.317820057280344770e+01
4.346405114164816297e+01
4.373756656296198031e+01
4.399805334215469799e+01
4.424487431213739796e+01
4.447745089352054748e+01
4.469526438072615804e+01
4.489785629615263218e+01
4.508482787013289794e+01
4.525583871836787608e+01
4.541060480058928306e+01
4.554889575425556103e+01
4.567053170499114145e+01
4.577537966117196788e+01
4.586334960350716017e+01
4.593439038166177113e+01
4.598848552898456177e+01
4.602564910328639769e+01
4.604592165650978330e+01
4.604936642915043166e+01
4.603606585662230088e+01
4.600611846456808962e+01
4.595963621863420201e+01
4.589674238164850806e+01
4.581756991771738541e+01
4.572226046871558935e+01
4.561096391423871665e+01
4.548383851156593494e+01
4.534105159779168304e+01
4.518278082227813996e+01
4.500921586419289611e+01
4.482056057736787125e+01
4.461703549326946927e+01
4.439888060272011217e+01
4.416635832833998165e+01
4.391975659268911869e+01
4.365939188191045872e+01
4.338561220145185615e+01
4.309879981928042270e+01
4.279937369296192173e+01
4.248779148010481777e+01
4.216455103696561224e+01
4.183019131744024577e+01
4.148529259415224857e+01
4.113047593477914177e+01
4.076640187996859765e+01
4.039376828399704777e+01
4.001330729547535725e+01
3.962578147263216977e+01
