2.364725751824819966e+01
2.414815594257107634e+01
2.463572491722150559e+01
2.510977201065974640e+01
2.557024827144241641e+01
2.601724955229826008e+01
2.645101607694547496e+01
2.687193019898109014e+01
2.728051232708642360e+01
2.767741501711557106e+01
2.806341525894698208e+01
2.843940501384531672e+01
2.880638008602520372e+01
2.916542743963237427e+01
2.951771109896449374e+01
2.986445679492538474e+01
3.020693554395818481e+01
3.054644636654517598e+01
3.088429837036127523e+01
3.122179243790717251e+01
3.156020276958282267e+01
3.190075854039218228e+01
3.224462593156762580e+01
3.259289079722181981e+01
3.294654222059394044e+01
3.330645720457089709e+01
3.367338672702771873e+01
3.404794337331487242e+01
3.443059073619765087e+01
3.482163474805239645e+01
3.522121708156240771e+01
3.562931072401766386e+01
3.604571779712807000e+01
3.647006965960596858e+01
3.690182929426720193e+01
3.734029594567904553e+01
3.778461193910506921e+01
3.823377157729194664e+01
3.868663197915458341e+01
3.914192569422274914e+01
3.959827489938357559e+01
4.005420696048676632e+01
4.050817112119266739e+01
4.095855606543082672e+01
4.140370808823817583e+01
4.184194960279662467e+01
4.227159770925469928e+01
4.269098255343971715e+01
4.309846521073683334e+01
4.349245484208317691e+01
4.387142488491932113e+01
4.423392806173681180e+01
4.457861001213826313e+01
4.490422138062232449e+01
4.520962822108141665e+01
4.549382060970372521e+01
4.575591938999062336e+01
4.599518100632499795e+01
4.621100041534369751e+01
4.640291209665372207e+01
4.657058921559696074e+01
4.671384102026376439e+01
4.683260858224323897e+01
4.692695901521963719e+01
4.699707832708266864e+01
4.704326307934976370e+01
4.706591104215967647e+01
4.706551104367966332e+01
4.704263221936549400e+01
4.699791286910198806e+01
4.693204912885683910e+01
4.684578365824548030e+01
4.673989453651599746e+01
4.661518454716801330e+01
4.647247101607565867e+01
4.631257634992113026e+01
4.613631940142837351e+01
4.594450776573255268e+01
4.573793108874386348e+01
4.551735544403970124e+01
4.528351881016757829e+01
4.503712765575468069e+01
4.477885461599362316e+01
4.450933722136623061e+01
4.422917761832457728e+01
4.393894320244938001e+01
4.363916806772129320e+01
4.333035516124467534e+01
4.301297902131722850e+01
4.268748896830404504e+01
4.235431261247445178e+01
4.201385954084487651e+01
4.166652504611273145e+01
4.131269376490409684e+01
4.095274309962115922e+01
4.058704630799266511e+01
4.021597515671867029e+01
3.983990205007218321e+01
3.945920156062617679e+01
3.907425130702269200e+01
