2.284811146115174907e+01
2.330161182589219493e+01
2.374036531248952997e+01
2.416427844663205349e+01
2.457341863172099394e+01
2.496801472436256830e+01
2.534845557562416118e+01
2.571528650603170618e+01
2.606920371317695029e+01
2.641104664254059387e+01
2.674178838416010962e+01
2.706252418949003058e+01
2.737445823364081932e+01
2.767888877755035892e+01
2.797719191197711908e+01
2.827080408997074201e+01
2.856120367617989686e+01
2.884989175956150120e+01
2.913837249037469590e+01
2.942813321248242886e+01
2.972062466770639233e+01
3.001724155014655437e+01
3.031930368493624073e+01
3.062803809787995846e+01
3.094456222994763550e+01
3.126986853387920107e+01
3.160481066948049644e+01
3.195009148993408488e+01
3.230625298403814583e+01
3.267366830922725995e+01
3.305253601804528785e+01
3.344287654703353496e+01
3.384453100235381129e+01
3.425716224150654909e+01
3.468025821584819113e+01
3.511313750485416563e+01
3.555495694079620250e+01
3.600472119224296819e+01
3.646129414705212923e+01
3.692341191073165874e+01
3.738969721459652362e+01
3.785867501033995097e+01
3.832878901371243074e+01
3.879841895013241526e+01
3.926589824931082973e+01
3.972953193439057173e+01
4.018761445360793516e+01
4.063844720895298224e+01
4.108035554655106836e+01
4.151170498724116698e+01
4.193091649280581379e+01
4.233648058313343654e+01
4.272697014190619313e+01
4.310105177276349764e+01
4.345749559386514704e+01
4.379518338591271487e+01
4.411311503651202770e+01
4.441041325182743549e+01
4.468632653432414514e+01
4.494023045258355609e+01
4.517162725529885137e+01
4.538014390619617444e+01
4.556552863945140786e+01
4.572764615581844794e+01
4.586647159789295358e+01
4.598208345842541434e+01
4.607465558819191642e+01
4.614444847943922667e+01
4.619180000725145163e+01
4.621711581426135496e+01
4.622085952393675257e+01
4.620354296424189045e+01
4.616571657690033703e+01
4.610796017788126022e+01
4.603087422230120751e+01
4.593507171188112892e+01
4.582117086571683728e+01
4.568978865570684178e+01
4.554153528689674602e+01
4.537700968062097218e+01
4.519679599506622480e+01
4.500146119418364776e+01
4.479155365217883400e+01
4.456760275757905276e+01
4.433011945857145975e+01
4.407959767035992371e+01
4.381651644615836716e+01
4.354134279650668304e+01
4.325453502724352006e+01
4.295654645502627034e+01
4.264782935101074912e+01
4.232883895842710587e+01
4.200003742843380650e+01
4.166189752089749021e+01
4.131490592260735895e+01
4.095956604482780961e+01
4.059640017484468899e+01
4.022595087203858810e+01
3.984878151771339105e+01
3.946547594901755929e+01
