2.450106440374108985e+01
2.504829398926844775e+01
2.558273768857800690e+01
2.610425190097026515e+01
2.661282976829555125e+01
2.710859852995148600e+01
2.759181501879814746e+01
2.806285933513477104e+01
2.852222676646699639e+01
2.897051805098966071e+01
2.940842811192659312e+01
2.983673341751395824e+01
3.025627814691998552e+01
3.066795936520829002e+01
3.107271143007689673e+01
3.147148986907351897e+01
3.186525497791959438e+01
3.225495539815011625e+01
3.264151193525525940e+01
3.302580187675647494e+01
3.340864406310812740e+01
3.379078495304133867e+01
3.417288590910579416e+01
3.455551190896887448e+01
3.493912186383793284e+01
3.532406069762260614e+01
3.571055330964768615e+01
3.609870051046842576e+01
3.648847698524858885e+01
3.687973130294615487e+01
3.727218795292024822e+01
3.766545135426321167e+01
3.805901174790595576e+01
3.845225284806246435e+01
3.884446109854710727e+01
3.923483635155146487e+01
3.962250376217978953e+01
4.000652667189734046e+01
4.038592023845563972e+01
4.075966555913240086e+01
4.112672402845465314e+01
4.148605167106907032e+01
4.183661319505714005e+01
4.217739552063802932e+01
4.250742055363699734e+01
4.282575699195751895e+01
4.313153097618963017e+01
4.342393542185776312e+01
4.370223790010680176e+01
4.396578696518436402e+01
4.421401686020821842e+01
4.444645056670845662e+01
4.466270119756202917e+01
4.486247176647869139e+01
4.504555339944932513e+01
4.521182208385351231e+01
4.536123407864643298e+01
4.549382013363255339e+01
4.560967868682551085e+01
4.570896822588137098e+01
4.579189901229513282e+01
4.585872437523687495e+01
4.590973178550190426e+01
4.594523391902860254e+01
4.596555991391369389e+01
4.597104701500807522e+01
4.596203278630018474e+01
4.593884805373657798e+01
4.590181072034798859e+01
4.585122057202682555e+01
4.578735516659519078e+01
4.571046687149861043e+01
4.562078108717243197e+01
4.551849566447785378e+01
4.540378149620552506e+01
4.527678423512445249e+01
4.513762706496201105e+01
4.498641442659510403e+01
4.482323658010181333e+01
4.464817486458320417e+01
4.446130750219048622e+01
4.426271578087840908e+01
4.405249044224347443e+01
4.383073809655258657e+01
4.359758748674867235e+01
4.335319542682576355e+01
4.309775224736253563e+01
4.283148659202024788e+01
4.255466942317763568e+01
4.226761711227082685e+01
4.197069351044954288e+01
4.166431091741559811e+01
4.134892989030974775e+01
4.102505785975099428e+01
4.069324654608940506e+01
4.035408819507692613e+01
4.000821067795497044e+01
3.965627152589421200e+01
3.929895099228367172e+01
3.893694425810722493e+01
