2.280847940558163955e+01
2.329001548638506236e+01
2.375712653475717673e+01
2.420971379678158186e+01
2.464783985702056057e+01
2.507172857062778704e+01
2.548176292269769050e+01
2.587848078811709129e+01
2.626256859641485164e+01
2.663485293828569667e+01
2.699629018304403161e+01
2.734795420867203930e+01
2.769102237777126518e+01
2.802675992301691821e+01
2.835650293406491684e+01
2.868164016370646863e+01
2.900359389387467957e+01
2.932380012139037717e+01
2.964368833866709707e+01
2.996466119560648167e+01
3.028807433531581594e+01
3.061521669787272160e+01
3.094729158301479544e+01
3.128539875434123729e+01
3.163051785442853614e+01
3.198349338237364492e+01
3.234502146292488334e+01
3.271563860991395245e+01
3.309571265657927341e+01
3.348543599209243382e+01
3.388482120773574024e+01
3.429369921836236301e+01
3.471171988567181188e+01
3.513835513015524015e+01
3.557290447902149566e+01
3.601450295872448493e+01
3.646213120357052873e+01
3.691462761697206219e+01
3.737070238985244686e+01
3.782895315208043741e+01
3.828788200812197573e+01
3.874591368778300193e+01
3.920141452732042353e+01
3.965271198558243526e+01
4.009811439436351321e+01
4.053593064188470407e+01
4.096448949320746635e+01
4.138215826132223896e+01
4.178736055739991428e+01
4.217859286794349316e+01
4.255443972993035828e+01
4.291358730204033378e+01
4.325483516017453667e+01
4.357710617813339837e+01
4.387945438889141059e+01
4.416107075776607616e+01
4.442128683525122312e+01
4.465957629371204973e+01
4.487555438788114515e+01
4.506897541350689096e+01
4.523972827100354976e+01
4.538783027098018152e+01
4.551341934557977709e+01
4.561674485320969552e+01
4.569815718410389849e+01
4.575809638994780926e+01
4.579708007226847855e+01
4.581569077133264756e+01
4.581456309981380315e+01
4.579437086352884734e+01
4.575581440518158161e+01
4.569960839647701789e+01
4.562647028942434702e+01
4.553710961943755819e+01
4.543221833136725962e+01
4.531246227526142434e+01
4.517847399195063929e+01
4.503084688000384261e+01
4.487013080573772328e+01
4.469682918736352661e+01
4.451139755359926653e+01
4.431424354673006860e+01
4.410572831074409805e+01
4.388616917735926393e+01
4.365584353698491071e+01
4.341499375845584296e+01
4.316383300112231325e+01
4.290255174600271459e+01
4.263132485949174821e+01
4.235031899383512410e+01
4.205970012340090136e+01
4.175964101478962220e+01
4.145032843206108453e+01
4.113196988573082535e+01
4.080479974558061684e+01
4.046908455247776715e+01
4.012512738303628623e+01
3.977327114267848174e+01
3.941390068704529170e+01
3.904744369824867078e+01
