2.426707442721648533e+01
2.478028812871712461e+01
2.527931137589919786e+01
2.576407578346651306e+01
2.623466117252176844e+01
2.669129302852601526e+01
2.713433802907349701e+01
2.756429767299070832e+01
2.798180007264283375e+01
2.838759000136615285e+01
2.878251731707671723e+01
2.916752391076976636e+01
2.954362935428643411e+01
2.991191544485432274e+01
3.027350986404528044e+01
3.062956918548736240e+01
3.098126147856799051e+01
3.132974876416076526e+01
3.167616958287244699e+01
3.202162193630740461e+01
3.236714685731874397e+01
3.271371285619576241e+01
3.306220147635293216e+01
3.341339417554146962e+01
3.376796072720458852e+01
3.412644931171006846e+01
3.448927843927825876e+01
3.485673081597364842e+01
3.522894923173474524e+01
3.560593451565429035e+01
3.598754556925605641e+01
3.637350145396924717e+01
3.676338547504764875e+01
3.715665117144573060e+01
3.755263009026963061e+01
3.795054119593758202e+01
3.834950173864140055e+01
3.874853938456097069e+01
3.914660539193732092e+01
3.954258860287698951e+01
3.993533001086719025e+01
4.032363765856911897e+01
4.070630161957723203e+01
4.108210882144346954e+01
4.144985747524108177e+01
4.180837088905580146e+01
4.215651045877051217e+01
4.249318764895410538e+01
4.281737479918199085e+01
4.312811461617877029e+01
4.342452823930080541e+01
4.370582179546568824e+01
4.397129138913996371e+01
4.422032650282173449e+01
4.445241181301725675e+01
4.466712745545426344e+01
4.486414780067033092e+01
4.504323882665288892e+01
4.520425419845239645e+01
4.534713018525272332e+01
4.547187956290692057e+01
4.557858466420760379e+01
4.566738974992139788e+01
4.573849288079384223e+01
4.579213747423960967e+01
4.582860372932806570e+01
4.584820010001645585e+01
4.585125498955022039e+01
4.583810882874941228e+01
4.580910668780157380e+01
4.576459155551007285e+01
4.570489840205033971e+01
4.563034912157821310e+01
4.554124842989804023e+01
4.543788077029928019e+01
4.532050825802689076e+01
4.518936967110881398e+01
4.504468047285455157e+01
4.488663382967937565e+01
4.471540256738389729e+01
4.453114199000317797e+01
4.433399346815157571e+01
4.412408868872439882e+01
4.390155444511953675e+01
4.366651783701288991e+01
4.341911174130342488e+01
4.315948041125009382e+01
4.288778505908643979e+01
4.260420927852788964e+01
4.230896416752359812e+01
4.200229301824589356e+01
4.168447545051540004e+01
4.135583087641734323e+01
4.101672119757706980e+01
4.066755265211818937e+01
4.030877674547559053e+01
3.994089021761111979e+01
3.956443401846844665e+01
3.917999128333401870e+01
3.878818431978049830e+01
