2.359391638231319277e+01
2.400289272204789626e+01
2.439667387214213790e+01
2.477549294453862672e+01
2.513972998109369783e+01
2.548990830260930451e+01
2.582668914389218884e+01
2.615086461213796198e+01
2.646334903005100259e+01
2.676516874873784246e+01
2.705745053814190015e+01
2.734140868422931092e+01
2.761833094189771742e+01
2.788956351032479475e+01
2.815649521285619272e+01
2.842054107629270021e+01
2.868312551432090984e+01
2.894566532666408420e+01
2.920955272917378309e+01
2.947613863046997551e+01
2.974671636784816542e+01
3.002250610905735684e+01
3.030464011731482543e+01
3.059414906472530404e+01
3.089194956432089612e+01
3.119883307350653112e+01
3.151545630207827742e+01
3.184233323652221870e+01
3.217982886937053877e+01
3.252815469837594975e+01
3.288736603556746019e+01
3.325736114128192611e+01
3.363788217342055020e+01
3.402851791786510205e+01
3.442870824255967932e+01
3.483775019559017494e+01
3.525480564697311081e+01
3.567891035509628495e+01
3.610898432206872855e+01
3.654384328783439173e+01
3.698221120094866166e+01
3.742273349450217523e+01
3.786399098888265513e+01
3.830451423889941509e+01
3.874279814124113130e+01
3.917731661924117503e+01
3.960653720536760147e+01
4.002893534764202599e+01
4.044300827412939725e+01
4.084728825958556797e+01
4.124035515007176400e+01
4.162084801466194506e+01
4.198747580802547219e+01
4.233902694346818407e+01
4.267437769269430703e+01
4.299249934589983724e+01
4.329246408358078213e+01
4.357344952941356553e+01
4.383474197152216334e+01
4.407573825716017524e+01
4.429594638312067900e+01
4.449498482082129414e+01
4.467258063082577024e+01
4.482856643637133232e+01
4.496287633910421278e+01
4.507554087252646013e+01
4.516668109949358723e+01
4.523650196931617984e+01
4.528528505752373690e+01
4.531338081702151754e+01
4.532120047313390643e+01
4.530920769682579419e+01
4.527791019017143981e+01
4.522785131589419194e+01
4.515960189853050366e+01
4.507375231852761743e+01
4.497090501242419691e+01
4.485166748229514155e+01
4.471664590600705935e+01
4.456643942667776059e+01
4.440163518528541431e+01
4.422280414484303890e+01
4.403049773821058466e+01
4.382524535474620109e+01
4.360755266389556084e+01
4.337790075681729007e+01
4.313674607056930199e+01
4.288452104356126426e+01
4.262163543626149931e+01
4.234847823782432386e+01
4.206542006769876707e+01
4.177281597164242299e+01
4.147100850413907125e+01
4.116033098420118108e+01
4.084111080905734070e+01
4.051367271039176643e+01
4.017834184063045200e+01
3.983544658224553103e+01
3.948532098106695543e+01
3.912830671502324265e+01
