2.528934633561794243e+01
2.571814668833561868e+01
2.612965241938760741e+01
2.652399232650570582e+01
2.690145512155857332e+01
2.726248747857286858e+01
2.760769023315596726e+01
2.793781273605254967e+01
2.825374538962830329e+01
2.855651042245763449e+01
2.884725098346433825e+01
2.912721866277149729e+01
2.939775957108912863e+01
2.966029913266742568e+01
2.991632576811372246e+01
3.016737366231262385e+01
3.041500482891009582e+01
3.066079069599049944e+01
3.090629344740030149e+01
3.115304736042202904e+01
3.140254038301623041e+01
3.165619619251924277e+01
3.191535697249489090e+01
3.218126713543054507e+01
3.245505820626167548e+01
3.273773506550482182e+01
3.303016373133105077e+01
3.333306083755289251e+01
3.364698493961250847e+01
3.397232975367661822e+01
3.430931940535383973e+01
3.465800573484425229e+01
3.501826767505796312e+01
3.538981268892047183e+01
3.577218022227141603e+01
3.616474709997381609e+01
3.656673476558806613e+01
3.697721823969949639e+01
3.739513664913646807e+01
3.781930515925125036e+01
3.824842812447049312e+01
3.868111325869703165e+01
3.911588661704116987e+01
3.955120817387398091e+01
3.998548777936419185e+01
4.041710127743814951e+01
4.084440657238062755e+01
4.126575943889253750e+01
4.167952888110905008e+01
4.208411185956410350e+01
4.247794722102526066e+01
4.285952868416418937e+01
4.322741675373980996e+01
4.358024945697314934e+01
4.391675181763084623e+01
4.423574400559284214e+01
4.453614812195270645e+01
4.481699360156925138e+01
4.507742123610469775e+01
4.531668584059008964e+01
4.553415760517113853e+01
4.572932219062673198e+01
4.590177964131904531e+01
4.605124220226110765e+01
4.617753113784102226e+01
4.628057265837134793e+01
4.636039306699258589e+01
4.641711324358383450e+01
4.645094258426325240e+01
4.646217251491012235e+01
4.645116969501467707e+01
4.641836902423032285e+01
4.636426655843367683e+01
4.628941243508470649e+01
4.619440389943576264e+01
4.607987851386163669e+01
4.594650762251885112e+01
4.579499013287406939e+01
4.562604666462189584e+01
4.544041410530772396e+01
4.523884060082767178e+01
4.502208099803278429e+01
4.479089274613762228e+01
4.454603225365337948e+01
4.428825168829293091e+01
4.401829619886011358e+01
4.373690153063730435e+01
4.344479199933498137e+01
4.314267878333568973e+01
4.283125848980930073e+01
4.251121194734560760e+01
4.218320317607139458e+01
4.184787848578026370e+01
4.150586565342159417e+01
4.115777313330224274e+01
4.080418925653764717e+01
4.044568138054412998e+01
4.008279495462392816e+01
3.971605247384680126e+01
3.934595230034342705e+01
