2.399280961832196013e+01
2.446223878665585971e+01
2.491898392333746060e+01
2.536309963886736796e+01
2.579477732962472203e+01
2.621434320084952319e+01
2.662225451810979493e+01
2.701909408736753093e+01
2.740556299086891556e+01
2.778247163375374740e+01
2.815072918401637025e+01
2.851133151576585334e+01
2.886534779211208956e+01
2.921390584893015685e+01
2.955817656373639934e+01
2.989935741445037820e+01
3.023865545047683767e+01
3.057726991290625307e+01
3.091637475133831359e+01
3.125710129159573825e+01
3.160052131116943741e+01
3.194763077747644786e+01
3.229933449784656574e+01
3.265643191958366032e+01
3.301960430358097653e+01
3.338940347598426683e+01
3.376624233955950416e+01
3.415038730008659940e+01
3.454195273369498409e+01
3.494089758905821697e+01
3.534702418435364990e+01
3.575997922344124902e+01
3.617925701948880146e+01
3.660420487791147082e+01
3.703403055469847516e+01
3.746781167162294679e+01
3.790450693714322483e+01
3.834296899162924888e+01
3.878195866846645856e+01
3.922016043913431815e+01
3.965619879098945688e+01
4.008865527158103959e+01
4.051608592319909263e+01
4.093703882619794143e+01
4.135007146956561996e+01
4.175376767223179542e+01
4.214675378862671806e+01
4.252771394683990280e+01
4.289540408708325003e+01
4.324866459168160304e+01
4.358643132501198636e+01
4.390774493218964381e+01
4.421175827824090021e+01
4.449774194438382580e+01
4.476508773416616549e+01
4.501331017890079522e+01
4.524204606836997300e+01
4.545105206844500856e+01
4.564020052139852623e+01
4.580947355663634113e+01
4.595895566871711679e+01
4.608882494535161101e+01
4.619934315006666026e+01
4.629084488201991121e+01
4.636372604872371284e+01
4.641843189597801000e+01
4.645544484299020382e+01
4.647527236945229134e+01
4.647843519531642187e+01
4.646545598333938187e+01
4.643684877938333955e+01
4.639310938633526149e+01
4.633470684473633128e+01
4.626207616728697047e+01
4.617561244586880775e+01
4.607566641917036065e+01
4.596254155706812838e+01
4.583649268523623022e+01
4.569772614068297401e+01
4.554640141672356179e+01
4.538263422490151555e+01
4.520650087218850643e+01
4.501804382500035473e+01
4.481727830765129283e+01
4.460419976232024908e+01
4.437879198077586551e+01
4.414103570531602116e+01
4.389091748786421476e+01
4.362843859203681518e+01
4.335362372333017333e+01
4.306652937731774244e+01
4.276725160478325449e+01
4.245593300581369078e+01
4.213276878178355389e+01
4.179801169447031839e+01
4.145197580486175326e+01
4.109503889004234622e+01
4.072764346434556870e+01
4.035029636018268206e+01
3.996356685398404096e+01
