2.216223917828572354e+01
2.272591518854343917e+01
2.327814857302474749e+01
2.381846078449148152e+01
2.434651505948595229e+01
2.486211962593836589e+01
2.536522902451607564e+01
2.585594347486870959e+01
2.633450624670523865e+01
2.680129902610303105e+01
2.725683529908548053e+01
2.770175180677896876e+01
2.813679815878597879e+01
2.856282472320438615e+01
2.898076894236054102e+01
2.939164025221561261e+01
2.979650380994869252e+01
3.019646325786104057e+01
3.059264277196268011e+01
3.098616865992412173e+01
3.137815078510111988e+01
3.176966410074630076e+01
3.216173058105336935e+01
3.255530183319739024e+01
3.295124266697678905e+01
3.335031588607340325e+01
3.375316854747873663e+01
3.416031991353595032e+01
3.457215129465272696e+01
3.498889795051076845e+01
3.541064318403287814e+01
3.583731472608532442e+01
3.626868347054477226e+01
3.670436457965732302e+01
3.714382093932371731e+01
3.758636890380316231e+01
3.803118623015092226e+01
3.847732206520739595e+01
3.892370881291684270e+01
3.936917567782985117e+01
3.981246365247680785e+01
4.025224169245097983e+01
4.068712380397042949e+01
4.111568675477987256e+01
4.153648811077100333e+01
4.194808429781721770e+01
4.234904839105617924e+01
4.273798734216568818e+01
4.311355836887717885e+01
4.347448424973665482e+01
4.381956729060596700e+01
4.414770175705127997e+01
4.445788459805554993e+01
4.474922432074605894e+01
4.502094791234333115e+01
4.527240574356941494e+01
4.550307442652584911e+01
4.571255763876762046e+01
4.590058496319851145e+01
4.606700882972733524e+01
4.621179967864098614e+01
4.633503949671287359e+01
4.643691390457225765e+01
4.651770299730871017e+01
4.657777115923735778e+01
4.661755608789506766e+01
4.663755727144424412e+01
4.663832416760899235e+01
4.662044433107386254e+01
4.658453173000926739e+01
4.653121548128692098e+01
4.646112921829136155e+01
4.637490128544025225e+01
4.627314593004921051e+01
4.615645563559144904e+01
4.602539471129070847e+01
4.588049422201941496e+01
4.572224831032333725e+01
4.555111192976197998e+01
4.536749997634451148e+01
4.517178777332732409e+01
4.496431283470521123e+01
4.474537780495509054e+01
4.451525444758484440e+01
4.427418853325809778e+01
4.402240546017200273e+01
4.376011642526566447e+01
4.348752495501458526e+01
4.320483359916131860e+01
4.291225058982056595e+01
4.260999627193623240e+01
4.229830911894836021e+01
4.197745115951612860e+01
4.164771265694446356e+01
4.130941590220691495e+01
4.096291800367456659e+01
4.060861258136370111e+01
4.024693030013762751e+01
3.987833820424289399e+01
3.950333784422651462e+01
