2.405406603615987748e+01
2.452384474047268981e+01
2.497920800090127358e+01
2.542022341976712951e+01
2.584711275000004349e+01
2.626024940363299010e+01
2.666015394264593752e+01
2.704748756433064827e+01
2.742304362495225334e+01
2.778773727736083288e+01
2.814259332979397854e+01
2.848873246380409441e+01
2.882735597846347630e+01
2.915972925515222514e+01
2.948716416176550226e+01
2.981100063656158738e+01
3.013258770963126310e+01
3.045326423368600999e+01
3.077433960518485989e+01
3.109707476148123106e+01
3.142266373947506253e+01
3.175221607612413877e+01
3.208674032108437046e+01
3.242712891682845822e+01
3.277414468201768472e+01
3.312840910997697819e+01
3.349039266621888800e+01
3.386040723755547788e+01
3.423860085096272599e+01
3.462495474362809489e+01
3.501928282718634478e+01
3.542123354972221705e+01
3.583029411942852960e+01
3.624579701458727499e+01
3.666692866653136207e+01
3.709274016615425040e+01
3.752215981105477738e+01
3.795400728016685576e+01
3.838700919629631869e+01
3.881981581488427935e+01
3.925101855994039823e+01
3.967916811577219960e+01
4.010279277610938919e+01
4.052041675059480497e+01
4.093057813241939868e+01
4.133184624001467000e+01
4.172283806000625361e+01
4.210223353776902400e+01
4.246878948553938216e+01
4.282135190565681881e+01
4.315886655758038870e+01
4.348038763125691020e+01
4.378508442553718538e+01
4.407224596795819593e+01
4.434128355059910120e+01
4.459173119517027573e+01
4.482324409824043698e+01
4.503559514389080221e+01
4.522866960538258496e+01
4.540245818903857611e+01
4.555704860187272232e+01
4.569261584906462303e+01
4.580941148770919824e+01
4.590775207905780064e+01
4.598800709241694307e+01
4.605058651982601248e+01
4.609592846153572054e+01
4.612448693815055378e+01
4.613672017622992172e+01
4.613307960034909172e+01
4.611399974641737032e+01
4.607988928880462964e+01
4.603112334800214711e+01
4.596803721664795006e+01
4.589092161036428053e+01
4.580001951659856019e+01
4.569552468018333258e+01
4.557758172931517038e+01
4.544628791076787877e+01
4.530169636909668185e+01
4.514382087200917937e+01
4.497264185361454025e+01
4.478811361951136405e+01
4.459017253318024387e+01
4.437874598238391854e+01
4.415376190766806275e+01
4.391515866291889836e+01
4.366289497052548541e+01
4.339695973115797756e+01
4.311738145058000526e+01
4.282423705321537000e+01
4.251765986425756694e+01
4.219784655872166468e+01
4.186506289665781111e+01
4.151964808838711463e+01
4.116201766158318520e+01
4.079266473276790350e+01
4.041215961868994810e+01
4.002114775746792219e+01
3.962034594459674253e+01
