2.333249647993932641e+01
2.385080303438733651e+01
2.435669268749457572e+01
2.485009018094531541e+01
2.533106780172008499e+01
2.579984390562827556e+01
2.625677945604114782e+01
2.670237257711429990e+01
2.713725115176638525e+01
2.756216352614358200e+01
2.797796741369653972e+01
2.838561712275399884e+01
2.878614926101646532e+01
2.918066709813650306e+01
2.957032379294199131e+01
2.995630471436739128e+01
3.033980910428912381e+01
3.072203134579189765e+01
3.110414211152959751e+01
3.148726967350250305e+01
3.187248165752198759e+01
3.226076752273391435e+01
3.265302203879286935e+01
3.305003002065760853e+01
3.345245256367062581e+01
3.386081499982381615e+01
3.427549677024234143e+01
3.469672337933853612e+01
3.512456056332210608e+01
3.555891077033704306e+01
3.599951201208525475e+01
3.644593910804523063e+01
3.689760730401584254e+01
3.735377820744199795e+01
3.781356794352859652e+01
3.827595739926044871e+01
3.873980438779979352e+01
3.920385753399905582e+01
3.966677165353801371e+01
4.012712437401722809e+01
4.058343372667259530e+01
4.103417642258504117e+01
4.147780651764072957e+01
4.191277416620731344e+01
4.233754416462465997e+01
4.275061399211769952e+01
4.315053106849433817e+01
4.353590896475098049e+01
4.390544232413220982e+01
4.425792027685412933e+01
4.459223816109416560e+01
4.490740739538792070e+01
4.520256338261801687e+01
4.547697136265473006e+01
4.573003016866948656e+01
4.596127388049131923e+01
4.617037140633757275e+01
4.635712406112394035e+01
4.652146124463361332e+01
4.666343435544036566e+01
4.678320910603462579e+01
4.688105643054968397e+01
4.695734219835971857e+01
4.701251596424001633e+01
4.704709899845039445e+01
4.706167184783466695e+01
4.705686168170461769e+01
4.703332967393458119e+01
4.699175866539399493e+01
4.693284133883197029e+01
4.685726912184991733e+01
4.676572201307560306e+01
4.665885950250726211e+01
4.653731272977473310e+01
4.640167799434161111e+01
4.625251170007436485e+01
4.609032678380337700e+01
4.591559064416239266e+01
4.572872455382245249e+01
4.553010450589695068e+01
4.532006341446442832e+01
4.509889456043997313e+01
4.486685614801371713e+01
4.462417681409112902e+01
4.437106191405066369e+01
4.410770039205989690e+01
4.383427203346752776e+01
4.355095489057123359e+01
4.325793267150518062e+01
4.295540188506063828e+01
4.264357854187948504e+01
4.232270422445331803e+01
4.199305135444164705e+01
4.165492750563335278e+01
4.130867863397966033e+01
4.095469112200179751e+01
4.059339256298682130e+01
4.022525124008345188e+01
3.985077428608713745e+01
3.947050454067027658e+01
