2.503205301714625719e+01
2.543780995217855079e+01
2.583121669467331216e+01
2.621259245365348534e+01
2.658236355366046411e+01
2.694105895770974257e+01
2.728930463993190259e+01
2.762781685445187918e+01
2.795739436198820371e+01
2.827890968999575705e+01
2.859329951569506534e+01
2.890155427379590591e+01
2.920470710192380537e+01
2.950382224649721508e+01
2.979998305990574536e+01
3.009427972616545688e+01
3.038779685664909280e+01
3.068160109993078777e+01
3.097672891018640584e+01
3.127417461694757961e+01
3.157487893532328371e+01
3.187971805015167348e+01
3.218949340000525439e+01
3.250492227766654452e+01
3.282662935278910510e+01
3.315513921011888954e+01
3.349086998309805807e+01
3.383412814812285063e+01
3.418510452942160782e+01
3.454387154870231313e+01
3.491038173765947761e+01
3.528446751536545634e+01
3.566584221675889665e+01
3.605410234312859075e+01
3.644873099088101043e+01
3.684910240120112945e+01
3.725448756063781275e+01
3.766406077133547114e+01
3.807690709972061427e+01
3.849203060404196464e+01
3.890836323433138233e+01
3.932477429314074158e+01
3.974008034183990645e+01
4.015305543531724197e+01
4.056244156757172448e+01
4.096695921186185529e+01
4.136531784170229287e+01
4.175622632297096715e+01
4.213840307259773965e+01
4.251058588561042484e+01
4.287154133960603986e+01
4.322007369381478981e+01
4.355503320872885809e+01
4.387532382160051725e+01
4.417991012285365571e+01
4.446782358845194238e+01
4.473816803339387604e+01
4.499012426164408396e+01
4.522295389782923536e+01
4.543600239583276590e+01
4.562870122889926705e+01
4.580056927492924501e+01
4.595121341921010583e+01
4.608032840482055548e+01
4.618769596829402246e+01
4.627318330475998920e+01
4.633674091265786643e+01
4.637839987317192225e+01
4.639826862373440264e+01
4.639652928824499156e+01
4.637343362902623056e+01
4.632929868696562181e+01
4.626450217674861420e+01
4.617947770359290871e+01
4.607470986642122313e+01
4.595072931001168826e+01
4.580810778534743832e+01
4.564745327321269741e+01
4.546940522110671168e+01
4.527462993784536138e+01
4.506381618389055177e+01
4.483767098859254219e+01
4.459691571827876544e+01
4.434228241161065398e+01
4.407451039099009193e+01
4.379434315122534827e+01
4.350252551927135869e+01
4.319980107186117380e+01
4.288690979136863035e+01
4.256458593447678851e+01
4.223355608329546129e+01
4.189453734463766210e+01
4.154823566032804649e+01
4.119534418977719525e+01
4.083654172569110585e+01
4.047249110472377964e+01
4.010383757713901076e+01
3.973120710309892445e+01
3.935520454797513423e+01
3.897641175499477129e+01
