2.423618672736518675e+01
2.465196492606940382e+01
2.505308552296377300e+01
2.543966032609884564e+01
2.581193964735592417e+01
2.617031056738427353e+01
2.651529354860075571e+01
2.684753739339047485e+01
2.716781256853046145e+01
2.747700294124492970e+01
2.777609599677951735e+01
2.806617163152699490e+01
2.834838963911836629e+01
2.862397602907263661e+01
2.889420833814856593e+01
2.916040011305711488e+01
2.942388475928151692e+01
2.968599896407773997e+01
2.994806591196775969e+01
3.021137851795440810e+01
3.047718290706267652e+01
3.074666236852774759e+01
3.102092200892212759e+01
3.130097432075154984e+01
3.158772587161682210e+01
3.188196530408854557e+01
3.218435281816907434e+01
3.249541128692042236e+01
3.281551913184554792e+01
3.314490505832310419e+01
3.348364472326456109e+01
3.383165937766742104e+01
3.418871649640249188e+01
3.455443237692917080e+01
3.492827665824364658e+01
3.530957868175298131e+01
3.569753558750518607e+01
3.609122201276808539e+01
3.648960123584681980e+01
3.689153758667951877e+01
3.729580992754510049e+01
3.770112599247957519e+01
3.810613736298167709e+01
3.850945485047844130e+01
3.890966405293776376e+01
3.930534085396678989e+01
3.969506663770232535e+01
4.007744300162995188e+01
4.045110576199482466e+01
4.081473806238614799e+01
4.116708241509532229e+01
4.150695152654066789e+01
4.183323778200885101e+01
4.214492129069326154e+01
4.244107641901296546e+01
4.272087676794753719e+01
4.298359857808314644e+01
4.322862257371885164e+01
4.345543428419463083e+01
4.366362290608877572e+01
4.385287879363576735e+01
4.402298968620625175e+01
4.417383580060789683e+01
4.430538393199160652e+01
4.441768072003204537e+01
4.451084524660407737e+01
4.458506113728952869e+01
4.464056834165916143e+01
4.467765476641578459e+01
4.469664793124200486e+01
4.469790680971858166e+01
4.468181400719298324e+01
4.464876841424252518e+01
4.459917845871952125e+01
4.453345606165000703e+01
4.445201138287605147e+01
4.435524842171310667e+01
4.424356151647448598e+01
4.411733276495061773e+01
4.397693036626215957e+01
4.382270786338399660e+01
4.365500424546676328e+01
4.347414485028706110e+01
4.328044299006232620e+01
4.307420220883683015e+01
4.285571906691910016e+01
4.262528633768855002e+01
4.238319649463431915e+01
4.212974536188440311e+01
4.186523579975672504e+01
4.158998129804098909e+01
4.130430935372000789e+01
4.100856451655170787e+01
4.070311099518704623e+01
4.038833472807834113e+01
4.006464483705030943e+01
3.973247439679305870e+01
3.939228047031186009e+01
3.904454337820349963e+01
3.868976518812011989e+01
