2.207238222152451002e+01
2.258030516281117883e+01
2.307741193759991916e+01
2.356350844183719673e+01
2.403852385423636662e+01
2.450251017590492353e+01
2.495564018985390220e+01
2.539820383866918974e+01
2.583060304254051687e+01
2.625334500400549231e+01
2.666703406975788582e+01
2.707236224325560769e+01
2.747009846421476809e+01
2.786107679197118259e+01
2.824618364872353382e+01
2.862634429546200820e+01
2.900250872758972776e+01
2.937563718855697914e+01
2.974668550799593447e+01
3.011659047566629965e+01
3.048625546386002938e+01
3.085653650869748432e+01
3.122822905495529966e+01
3.160205555977625735e+01
3.197865413793672928e+01
3.235856841548665841e+01
3.274223873979079968e+01
3.312999487260061215e+01
3.352205026913926389e+01
3.391849802071523357e+01
3.431930851153089890e+01
3.472432881261545390e+01
3.513328380768567882e+01
3.554577901773505744e+01
3.596130506378488434e+01
3.637924368100497219e+01
3.679887517279788511e+01
3.721938717090723969e+01
3.763988454754680646e+01
3.805940030833477294e+01
3.847690728075549060e+01
3.889133040220801263e+01
3.930155940461813913e+01
3.970646168920096386e+01
4.010489518530204833e+01
4.049572099129005665e+01
4.087781560310653362e+01
4.125008254714605016e+01
4.161146324838399835e+01
4.196094698180888116e+01
4.229757977488827692e+01
4.262047215060893990e+01
4.292880562414496382e+01
4.322183789095187478e+01
4.349890666957830376e+01
4.375943218822565228e+01
4.400291832957234561e+01
4.422895247312785472e+01
4.443720409790641668e+01
4.462742223008905285e+01
4.479943184013666269e+01
4.495312931119102728e+01
4.508847711521904955e+01
4.520549784496571277e+01
4.530426775819630336e+01
4.538490999577221885e+01
4.544758763677997848e+01
4.549249675220030298e+01
4.551985961353708632e+01
4.552991820457596361e+01
4.552292817318289053e+01
4.549915334606120609e+01
4.545886091296691234e+01
4.540231736840015486e+01
4.532978527862550067e+01
4.524152092050371721e+01
4.513777281643346839e+01
4.501878116724800805e+01
4.488477816260076736e+01
4.473598912672950689e+01
4.457263443693651794e+01
4.439493213312281483e+01
4.420310111965697786e+01
4.399736484612379428e+01
4.377795534138858358e+01
4.354511746620777757e+01
4.329911324350567270e+01
4.304022612256932945e+01
4.276876503385646089e+01
4.248506809486246283e+01
4.218950583448881986e+01
4.188248381345563587e+01
4.156444453129355310e+01
4.123586852608155340e+01
4.089727459101872853e+01
4.054921905177629782e+01
4.019229406992739229e+01
3.982712496015225412e+01
3.945436653188411213e+01
3.907469848908902321e+01
