2.372315120853977177e+01
2.420904179804481515e+01
2.468156257744808002e+01
2.514081971385940051e+01
2.558707011942656351e+01
2.602071789085442788e+01
2.644230875814274384e+01
2.685252257840155110e+01
2.725216394177329704e+01
2.764215098735726173e+01
2.802350255702239323e+01
2.839732384353509076e+01
2.876479071596981285e+01
2.912713292936584608e+01
2.948561644656154712e+01
2.984152511762183480e+01
3.019614197588692406e+01
3.055073041909879095e+01
3.090651554904976805e+01
3.126466594359637696e+01
3.162627613061245313e+01
3.199235002453675847e+01
3.236378557271563494e+01
3.274136084094776322e+01
3.312572174579585749e+01
3.351737161571431045e+01
3.391666273428801048e+01
3.432378998741533138e+01
3.473878670265185065e+01
3.516152273378422422e+01
3.559170480767227929e+01
3.602887911414186561e+01
3.647243608390238734e+01
3.692161726476947337e+01
3.737552417351524525e+01
3.783312897006473463e+01
3.829328677304521023e+01
3.875474941137230900e+01
3.921618038604471934e+01
3.967617079995595475e+01
4.013325600158084683e+01
4.058593268102044505e+01
4.103267615417374259e+01
4.147195757272372418e+01
4.190226080408595521e+01
4.232209873626803898e+01
4.273002877745665273e+01
4.312466733873836233e+01
4.350470311025321735e+01
4.386890896581225974e+01
4.421615235805457900e+01
4.454540409504026144e+01
4.485574541918878566e+01
4.514637334010300407e+01
4.541660420348779326e+01
4.566587550851010491e+01
4.589374601501468476e+01
4.609989420950092409e+01
4.628411522421775715e+01
4.644631632673362986e+01
4.658651111752807594e+01
4.670481259025613952e+01
4.680142522310881503e+01
4.687663627999415183e+01
4.693080650700779444e+01
4.696436041281005203e+01
4.697777632116650892e+01
4.697157638010681069e+01
4.694631670512757893e+01
4.690257782380208340e+01
4.684095557635565399e+01
4.676205261153518933e+01
4.666647059977727707e+01
4.655480326667262858e+01
4.642763032939239309e+01
4.628551239753235080e+01
4.612898687812747056e+01
4.595856490283197360e+01
4.577472927382255818e+01
4.557793340428292339e+01
4.536860120970770538e+01
4.514712788807440091e+01
4.491388151047613775e+01
4.466920532935355936e+01
4.441342069924357361e+01
4.414683049515777924e+01
4.386972290645812222e+01
4.358237547950253798e+01
4.328505928042912387e+01
4.297804305023973370e+01
4.266159722776778551e+01
4.233599772207908529e+01
4.200152932420947138e+01
4.165848865870509599e+01
4.130718658796778442e+01
4.094794999666074631e+01
4.058112289910550174e+01
4.020706682937503729e+01
3.982616049132452218e+01
3.943879866374813759e+01
