7.480339813232421875e+01
7.445687866210937500e+01
7.411036682128906250e+01
7.376387023925781250e+01
7.341734313964843750e+01
7.307083129882812500e+01
7.272431182861328125e+01
7.237780761718750000e+01
7.203128051757812500e+01
7.168476867675781250e+01
7.133827209472656250e+01
7.099174499511718750e+01
7.064523315429687500e+01
7.029873657226562500e+01
6.995222473144531250e+01
6.960568237304687500e+01
6.925917053222656250e+01
6.891265869140625000e+01
6.856617736816406250e+01
6.821965789794921875e+01
6.787312316894531250e+01
6.752663421630859375e+01
6.718011474609375000e+01
6.683358001708984375e+01
6.648708343505859375e+01
6.614057922363281250e+01
6.579406738281250000e+01
6.544754028320312500e+01
6.510103607177734375e+01
6.475452423095703125e+01
6.440798950195312500e+01
6.406148529052734375e+01
6.371495819091796875e+01
6.336848449707031250e+01
6.302194976806640625e+01
6.267543029785156250e+01
6.232891845703125000e+01
6.198240661621093750e+01
6.163589477539062500e+01
6.128936004638671875e+01
6.094287109375000000e+01
6.059635925292968750e+01
6.024984741210937500e+01
5.990335845947265625e+01
5.955680847167968750e+01
5.921031951904296875e+01
5.886380767822265625e+01
5.851728820800781250e+01
5.817078399658203125e+01
5.782424926757812500e+01
5.747776794433593750e+01
5.713123321533203125e+01
5.678474426269531250e+01
5.643820190429687500e+01
5.609170532226562500e+01
5.574520111083984375e+01
5.539868164062500000e+01
5.505220031738281250e+01
5.470566558837890625e+01
5.435916900634765625e+01
5.401261138916015625e+01
5.366610717773437500e+01
5.331961059570312500e+01
5.297310638427734375e+01
5.262657165527343750e+01
5.228008270263671875e+01
5.193355560302734375e+01
5.158708190917968750e+01
5.124050903320312500e+01
5.089404296875000000e+01
5.054750061035156250e+01
5.020101928710937500e+01
4.985447692871093750e+01
4.950796508789062500e+01
4.916145324707031250e+01
4.881494140625000000e+01
4.846842956542968750e+01
4.812190246582031250e+01
4.777539062500000000e+01
4.742887878417968750e+01
4.708239746093750000e+01
4.673587036132812500e+01
4.638934326171875000e+01
4.604283142089843750e+01
4.569631958007812500e+01
4.534977722167968750e+01
4.500334167480468750e+01
4.465678405761718750e+01
4.431025695800781250e+01
4.396374511718750000e+01
4.361729431152343750e+01
4.327073669433593750e+01
4.292422485351562500e+01
4.257772827148437500e+01
4.223118591308593750e+01
4.188467407226562500e+01
4.153817749023437500e+01
4.119165039062500000e+01
4.084512329101562500e+01
4.049864196777343750e+01
