7.453482818603515625e+01
7.420762634277343750e+01
7.388041687011718750e+01
7.355324554443359375e+01
7.322603607177734375e+01
7.289887237548828125e+01
7.257165527343750000e+01
7.224447631835937500e+01
7.191728973388671875e+01
7.159006500244140625e+01
7.126290893554687500e+01
7.091225433349609375e+01
7.055209350585937500e+01
7.019192504882812500e+01
6.983177185058593750e+01
6.947164916992187500e+01
6.911148071289062500e+01
6.875134277343750000e+01
6.839119720458984375e+01
6.803103637695312500e+01
6.767086029052734375e+01
6.731071472167968750e+01
6.695056915283203125e+01
6.659041595458984375e+01
6.623027038574218750e+01
6.587010955810546875e+01
6.550994110107421875e+01
6.514980316162109375e+01
6.478963470458984375e+01
6.442946624755859375e+01
6.406933593750000000e+01
6.370918273925781250e+01
6.334899902343750000e+01
6.298884582519531250e+01
6.262870788574218750e+01
6.226855468750000000e+01
6.190838623046875000e+01
6.154798889160156250e+01
6.118624877929687500e+01
6.082440185546875000e+01
6.046272277832031250e+01
6.010089111328125000e+01
5.973913574218750000e+01
5.937734985351562500e+01
5.901557922363281250e+01
5.865382385253906250e+01
5.829203796386718750e+01
5.793026733398437500e+01
5.756845092773437500e+01
5.720672607421875000e+01
5.684498596191406250e+01
5.648312377929687500e+01
5.612138366699218750e+01
5.575962829589843750e+01
5.539787292480468750e+01
5.503610229492187500e+01
5.467428588867187500e+01
5.431256103515625000e+01
5.395082092285156250e+01
5.358894348144531250e+01
5.322721862792968750e+01
5.286547851562500000e+01
5.250367736816406250e+01
5.214193725585937500e+01
5.178010559082031250e+01
5.141836547851562500e+01
5.105659484863281250e+01
5.069486999511718750e+01
5.033306884765625000e+01
4.997128295898437500e+01
4.960954284667968750e+01
4.924774169921875000e+01
4.888598632812500000e+01
4.852424621582031250e+01
4.816241455078125000e+01
4.780075073242187500e+01
4.743890380859375000e+01
4.707713317871093750e+01
4.671537780761718750e+01
4.635357666015625000e+01
4.599182128906250000e+01
4.563003540039062500e+01
4.526826477050781250e+01
4.490652465820312500e+01
4.454475402832031250e+01
4.418295288085937500e+01
4.382118225097656250e+01
4.345941162109375000e+01
4.309759521484375000e+01
4.273585510253906250e+01
4.237408447265625000e+01
4.201229858398437500e+01
4.165052795410156250e+01
4.128881835937500000e+01
4.092257690429687500e+01
4.055363845825195312e+01
4.018471145629882812e+01
3.981591033935546875e+01
3.944697189331054688e+01
3.907812118530273438e+01
