7.225920867919921875e+01
7.192373657226562500e+01
7.158825683593750000e+01
7.125278472900390625e+01
7.091731262207031250e+01
7.058184051513671875e+01
7.024636840820312500e+01
6.991088867187500000e+01
6.957541656494140625e+01
6.923994445800781250e+01
6.890445709228515625e+01
6.856898498535156250e+01
6.823351287841796875e+01
6.789804077148437500e+01
6.756256103515625000e+01
6.722708129882812500e+01
6.689160919189453125e+01
6.655614471435546875e+01
6.622066497802734375e+01
6.588518524169921875e+01
6.554971313476562500e+01
6.521423339843750000e+01
6.487876129150390625e+01
6.454329681396484375e+01
6.420780944824218750e+01
6.387234115600585938e+01
6.353686904907226562e+01
6.320138549804687500e+01
6.286591720581054688e+01
6.253044128417968750e+01
6.219496917724609375e+01
6.185950469970703125e+01
6.152401733398437500e+01
6.118854522705078125e+01
6.085308074951171875e+01
6.051760101318359375e+01
6.018212127685546875e+01
5.984664535522460938e+01
5.951117324829101562e+01
5.917568969726562500e+01
5.884022521972656250e+01
5.850475311279296875e+01
5.816927337646484375e+01
5.783380889892578125e+01
5.749831390380859375e+01
5.716284942626953125e+01
5.682736968994140625e+01
5.649189758300781250e+01
5.615642547607421875e+01
5.582094573974609375e+01
5.548547363281250000e+01
5.515000152587890625e+01
5.481453323364257812e+01
5.447904968261718750e+01
5.414357376098632812e+01
5.380809020996093750e+01
5.347262573242187500e+01
5.313716506958007812e+01
5.280168914794921875e+01
5.246620941162109375e+01
5.213072967529296875e+01
5.179524993896484375e+01
5.145977020263671875e+01
5.112429809570312500e+01
5.078883743286132812e+01
5.045334625244140625e+01
5.011788940429687500e+01
4.978240203857421875e+01
4.944692993164062500e+01
4.911146163940429688e+01
4.877598571777343750e+01
4.844050598144531250e+01
4.810503387451171875e+01
4.776956176757812500e+01
4.743408584594726562e+01
4.709860992431640625e+01
4.676314926147460938e+01
4.642765426635742188e+01
4.609219360351562500e+01
4.575672149658203125e+01
4.542124176025390625e+01
4.508576202392578125e+01
4.475028228759765625e+01
4.441481018066406250e+01
4.407934570312500000e+01
4.374386215209960938e+01
4.340839385986328125e+01
4.307290649414062500e+01
4.273744583129882812e+01
4.240196228027343750e+01
4.206650543212890625e+01
4.173102188110351562e+01
4.139553833007812500e+01
4.106006240844726562e+01
4.072460556030273438e+01
4.038912582397460938e+01
4.005364990234375000e+01
3.971817779541015625e+01
3.938269042968750000e+01
3.904720687866210938e+01
