7.533873748779296875e+01
7.496276092529296875e+01
7.458678436279296875e+01
7.421080780029296875e+01
7.383483886718750000e+01
7.345886230468750000e+01
7.308288574218750000e+01
7.270690155029296875e+01
7.233094024658203125e+01
7.195496368408203125e+01
7.157897949218750000e+01
7.120300292968750000e+01
7.082703399658203125e+01
7.045106506347656250e+01
7.007507324218750000e+01
6.969911193847656250e+01
6.932314300537109375e+01
6.894715881347656250e+01
6.857118225097656250e+01
6.819521331787109375e+01
6.781922912597656250e+01
6.744326019287109375e+01
6.706728363037109375e+01
6.669130706787109375e+01
6.631533813476562500e+01
6.593935394287109375e+01
6.556336975097656250e+01
6.518740844726562500e+01
6.481144714355468750e+01
6.443545532226562500e+01
6.405947875976562500e+01
6.368350601196289062e+01
6.330753326416015625e+01
6.293155670166015625e+01
6.255558013916015625e+01
6.217960357666015625e+01
6.180362701416015625e+01
6.142765045166015625e+01
6.105167770385742188e+01
6.067570114135742188e+01
6.029972839355468750e+01
5.992375946044921875e+01
5.954778671264648438e+01
5.917180252075195312e+01
5.879583740234375000e+01
5.841985321044921875e+01
5.804388427734375000e+01
5.766789245605468750e+01
5.729192733764648438e+01
5.691595458984375000e+01
5.653998565673828125e+01
5.616401290893554688e+01
5.578802871704101562e+01
5.541205215454101562e+01
5.503608703613281250e+01
5.466011047363281250e+01
5.428413391113281250e+01
5.390815353393554688e+01
5.353217697143554688e+01
5.315621185302734375e+01
5.278024291992187500e+01
5.240425109863281250e+01
5.202827835083007812e+01
5.165231704711914062e+01
5.127634048461914062e+01
5.090035629272460938e+01
5.052437210083007812e+01
5.014841461181640625e+01
4.977243041992187500e+01
4.939645004272460938e+01
4.902047729492187500e+01
4.864450073242187500e+01
4.826853561401367188e+01
4.789254760742187500e+01
4.751657867431640625e+01
4.714060974121093750e+01
4.676463317871093750e+01
4.638865661621093750e+01
4.601267623901367188e+01
4.563670730590820312e+01
4.526073455810546875e+01
4.488475036621093750e+01
4.450877761840820312e+01
4.413279724121093750e+01
4.375683593750000000e+01
4.338085174560546875e+01
4.300487136840820312e+01
4.262891006469726562e+01
4.225292587280273438e+01
4.187694931030273438e+01
4.150098419189453125e+01
4.112500762939453125e+01
4.074903106689453125e+01
4.037305068969726562e+01
3.999708175659179688e+01
3.962110519409179688e+01
3.924512481689453125e+01
3.886915588378906250e+01
3.849317932128906250e+01
3.811721038818359375e+01
