7.379376983642578125e+01
7.346009826660156250e+01
7.312641143798828125e+01
7.279273223876953125e+01
7.245904541015625000e+01
7.212536621093750000e+01
7.179168701171875000e+01
7.145800781250000000e+01
7.112431335449218750e+01
7.079064178466796875e+01
7.045696258544921875e+01
7.012328338623046875e+01
6.978959655761718750e+01
6.945591735839843750e+01
6.912223815917968750e+01
6.879338073730468750e+01
6.847195434570312500e+01
6.815055084228515625e+01
6.782912445068359375e+01
6.750774383544921875e+01
6.718630981445312500e+01
6.686489868164062500e+01
6.654349517822265625e+01
6.622207641601562500e+01
6.590066528320312500e+01
6.557926177978515625e+01
6.525783538818359375e+01
6.493642425537109375e+01
6.461500549316406250e+01
6.429360961914062500e+01
6.397219467163085938e+01
6.365078353881835938e+01
6.332936859130859375e+01
6.300794982910156250e+01
6.268654632568359375e+01
6.236513137817382812e+01
6.204372787475585938e+01
6.172231292724609375e+01
6.140090179443359375e+01
6.107948303222656250e+01
6.075807189941406250e+01
6.043666076660156250e+01
6.011524581909179688e+01
5.979383087158203125e+01
5.947241210937500000e+01
5.915099716186523438e+01
5.882961273193359375e+01
5.850819778442382812e+01
5.818676757812500000e+01
5.786536026000976562e+01
5.754393768310546875e+01
5.722254943847656250e+01
5.690112686157226562e+01
5.657971954345703125e+01
5.625828552246093750e+01
5.593688964843750000e+01
5.561547088623046875e+01
5.529407501220703125e+01
5.497266387939453125e+01
5.465122604370117188e+01
5.432983016967773438e+01
5.400842666625976562e+01
5.368701171875000000e+01
5.336560058593750000e+01
5.304418182373046875e+01
5.272277069091796875e+01
5.240134811401367188e+01
5.207994842529296875e+01
5.175854492187500000e+01
5.143712234497070312e+01
5.111570739746093750e+01
5.079429626464843750e+01
5.047290039062500000e+01
5.015147399902343750e+01
4.983005905151367188e+01
4.950864028930664062e+01
4.918722534179687500e+01
4.886582565307617188e+01
4.854441070556640625e+01
4.822300720214843750e+01
4.790158081054687500e+01
4.758017730712890625e+01
4.725876235961914062e+01
4.693734741210937500e+01
4.661594390869140625e+01
4.629451751708984375e+01
4.597312164306640625e+01
4.565167999267578125e+01
4.533029174804687500e+01
4.500888442993164062e+01
4.468746948242187500e+01
4.436605834960937500e+01
4.404463195800781250e+01
4.372322082519531250e+01
4.340182113647460938e+01
4.308041000366210938e+01
4.275898742675781250e+01
4.243757247924804688e+01
4.211619186401367188e+01
4.179477691650390625e+01
