7.400570678710937500e+01
7.363937377929687500e+01
7.327304077148437500e+01
7.290671539306640625e+01
7.254035949707031250e+01
7.217404174804687500e+01
7.180770874023437500e+01
7.144136047363281250e+01
7.107502746582031250e+01
7.070869445800781250e+01
7.034235382080078125e+01
6.997602844238281250e+01
6.960969543457031250e+01
6.924335479736328125e+01
6.887701416015625000e+01
6.851067352294921875e+01
6.814434051513671875e+01
6.777803039550781250e+01
6.741167449951171875e+01
6.704534912109375000e+01
6.667901611328125000e+01
6.631266784667968750e+01
6.594635009765625000e+01
6.558001708984375000e+01
6.521367645263671875e+01
6.484733581542968750e+01
6.448100280761718750e+01
6.411466979980468750e+01
6.374833679199218750e+01
6.338200378417968750e+01
6.301565933227539062e+01
6.264933395385742188e+01
6.228298950195312500e+01
6.191666412353515625e+01
6.155032348632812500e+01
6.118397140502929688e+01
6.081765747070312500e+01
6.045133209228515625e+01
6.008498001098632812e+01
5.971863555908203125e+01
5.935231399536132812e+01
5.898599624633789062e+01
5.861964797973632812e+01
5.825329589843750000e+01
5.788697433471679688e+01
5.752062988281250000e+01
5.715431213378906250e+01
5.678797912597656250e+01
5.642163848876953125e+01
5.605529785156250000e+01
5.568896484375000000e+01
5.532262420654296875e+01
5.495629501342773438e+01
5.458998107910156250e+01
5.422362518310546875e+01
5.385728454589843750e+01
5.349096679687500000e+01
5.312462615966796875e+01
5.275827789306640625e+01
5.239194488525390625e+01
5.202562713623046875e+01
5.165927886962890625e+01
5.129294586181640625e+01
5.092660140991210938e+01
5.056027221679687500e+01
5.019393920898437500e+01
4.982762908935546875e+01
4.946127319335937500e+01
4.909494018554687500e+01
4.872861480712890625e+01
4.836229705810546875e+01
4.799592590332031250e+01
4.762960052490234375e+01
4.726329040527343750e+01
4.689694213867187500e+01
4.653059387207031250e+01
4.616428375244140625e+01
4.579792022705078125e+01
4.543160247802734375e+01
4.506526947021484375e+01
4.469892883300781250e+01
4.433259582519531250e+01
4.396625518798828125e+01
4.359992218017578125e+01
4.323357391357421875e+01
4.286724853515625000e+01
4.250093078613281250e+01
4.213455963134765625e+01
4.176823425292968750e+01
4.140192413330078125e+01
4.103558349609375000e+01
4.066925811767578125e+01
4.030287933349609375e+01
3.993656921386718750e+01
3.957025909423828125e+01
3.920390319824218750e+01
3.883757019042968750e+01
3.847124481201171875e+01
3.810489654541015625e+01
3.773857879638671875e+01
