7.589620208740234375e+01
7.539067077636718750e+01
7.488513183593750000e+01
7.440368652343750000e+01
7.406571960449218750e+01
7.372776794433593750e+01
7.338981628417968750e+01
7.305185699462890625e+01
7.271391296386718750e+01
7.237594604492187500e+01
7.203799438476562500e+01
7.170002746582031250e+01
7.136207580566406250e+01
7.102412414550781250e+01
7.068615722656250000e+01
7.034821319580078125e+01
7.001026153564453125e+01
6.967229461669921875e+01
6.933435058593750000e+01
6.899638366699218750e+01
6.865843200683593750e+01
6.832048797607421875e+01
6.798252868652343750e+01
6.764456176757812500e+01
6.730661010742187500e+01
6.696863555908203125e+01
6.663069152832031250e+01
6.629275512695312500e+01
6.595478820800781250e+01
6.561682891845703125e+01
6.527888488769531250e+01
6.494091796875000000e+01
6.460297393798828125e+01
6.426499938964843750e+01
6.392706298828125000e+01
6.358910369873046875e+01
6.325113677978515625e+01
6.291319274902343750e+01
6.257524490356445312e+01
6.223727416992187500e+01
6.189931488037109375e+01
6.156136322021484375e+01
6.122340774536132812e+01
6.088546752929687500e+01
6.054749679565429688e+01
6.020954895019531250e+01
5.987157821655273438e+01
5.953363037109375000e+01
5.919566345214843750e+01
5.885771179199218750e+01
5.851974487304687500e+01
5.818180084228515625e+01
5.784385681152343750e+01
5.750589752197265625e+01
5.716794586181640625e+01
5.682998657226562500e+01
5.649201965332031250e+01
5.615404510498046875e+01
5.581610870361328125e+01
5.547815322875976562e+01
5.514019775390625000e+01
5.480224609375000000e+01
5.446430206298828125e+01
5.412633514404296875e+01
5.378839874267578125e+01
5.345041656494140625e+01
5.311248016357421875e+01
5.277451705932617188e+01
5.243656539916992188e+01
5.209859848022460938e+01
5.176064682006835938e+01
5.142268753051757812e+01
5.108473968505859375e+01
5.074677276611328125e+01
5.040880203247070312e+01
5.007085800170898438e+01
4.973290252685546875e+01
4.939495086669921875e+01
4.905699539184570312e+01
4.871903610229492188e+01
4.838106155395507812e+01
4.804313278198242188e+01
4.770513153076171875e+01
4.736722946166992188e+01
4.702924346923828125e+01
4.669129943847656250e+01
4.635336303710937500e+01
4.601538085937500000e+01
4.567742538452148438e+01
4.533945465087890625e+01
4.500152206420898438e+01
4.466358566284179688e+01
4.432559967041015625e+01
4.398765945434570312e+01
4.364968490600585938e+01
4.331171798706054688e+01
4.297380828857421875e+01
4.263584899902343750e+01
4.229787063598632812e+01
4.195991516113281250e+01
