7.513339233398437500e+01
7.479807281494140625e+01
7.446276092529296875e+01
7.412744140625000000e+01
7.379212951660156250e+01
7.345680999755859375e+01
7.312149810791015625e+01
7.278617858886718750e+01
7.245086669921875000e+01
7.211555480957031250e+01
7.178024291992187500e+01
7.144492340087890625e+01
7.110960388183593750e+01
7.077428436279296875e+01
7.043842315673828125e+01
7.010090637207031250e+01
6.976337432861328125e+01
6.942585754394531250e+01
6.908832550048828125e+01
6.875080871582031250e+01
6.841327667236328125e+01
6.807575988769531250e+01
6.773822784423828125e+01
6.740071105957031250e+01
6.706317901611328125e+01
6.672566223144531250e+01
6.638814544677734375e+01
6.605061340332031250e+01
6.571308898925781250e+01
6.537556457519531250e+01
6.503804016113281250e+01
6.470051574707031250e+01
6.436299896240234375e+01
6.402547454833984375e+01
6.368794250488281250e+01
6.335042190551757812e+01
6.301290130615234375e+01
6.267537307739257812e+01
6.233785247802734375e+01
6.200032806396484375e+01
6.166279602050781250e+01
6.132528686523437500e+01
6.098776245117187500e+01
6.065022659301757812e+01
6.031271362304687500e+01
5.997517776489257812e+01
5.963766098022460938e+01
5.930013275146484375e+01
5.896261215209960938e+01
5.862509155273437500e+01
5.828756713867187500e+01
5.795004272460937500e+01
5.761251449584960938e+01
5.727499389648437500e+01
5.693746185302734375e+01
5.659994888305664062e+01
5.626240921020507812e+01
5.592490005493164062e+01
5.558736801147460938e+01
5.524983978271484375e+01
5.491231918334960938e+01
5.457477569580078125e+01
5.423727416992187500e+01
5.389975738525390625e+01
5.356221771240234375e+01
5.322468948364257812e+01
5.288718414306640625e+01
5.254964447021484375e+01
5.221212768554687500e+01
5.187460327148437500e+01
5.153707885742187500e+01
5.119956207275390625e+01
5.086203384399414062e+01
5.052450561523437500e+01
5.018698120117187500e+01
4.984946441650390625e+01
4.951192474365234375e+01
4.917440795898437500e+01
4.883688735961914062e+01
4.849937057495117188e+01
4.816184234619140625e+01
4.782431411743164062e+01
4.748679351806640625e+01
4.714925765991210938e+01
4.681172943115234375e+01
4.647421264648437500e+01
4.613669204711914062e+01
4.579916381835937500e+01
4.546163940429687500e+01
4.512412643432617188e+01
4.478659820556640625e+01
4.444906616210937500e+01
4.411154937744140625e+01
4.377402496337890625e+01
4.343651199340820312e+01
4.309896850585937500e+01
4.276147079467773438e+01
4.242393875122070312e+01
4.208640670776367188e+01
4.174887847900390625e+01
