6.677333068847656250e+01
6.649994659423828125e+01
6.622656250000000000e+01
6.595317840576171875e+01
6.567980194091796875e+01
6.540641021728515625e+01
6.513302612304687500e+01
6.485964965820312500e+01
6.458625793457031250e+01
6.431287384033203125e+01
6.403949737548828125e+01
6.376610183715820312e+01
6.349272155761718750e+01
6.321934127807617188e+01
6.294595718383789062e+01
6.267257308959960938e+01
6.239918518066406250e+01
6.212580871582031250e+01
6.185242462158203125e+01
6.157903671264648438e+01
6.130565261840820312e+01
6.103227233886718750e+01
6.075888442993164062e+01
6.048550415039062500e+01
6.021211242675781250e+01
5.993873214721679688e+01
5.966535186767578125e+01
5.939196777343750000e+01
5.911858749389648438e+01
5.884519577026367188e+01
5.857181930541992188e+01
5.829843521118164062e+01
5.802504348754882812e+01
5.775166702270507812e+01
5.747827911376953125e+01
5.720489501953125000e+01
5.693268203735351562e+01
5.667584991455078125e+01
5.641901779174804688e+01
5.616218185424804688e+01
5.590534973144531250e+01
5.564851760864257812e+01
5.539167785644531250e+01
5.513484191894531250e+01
5.487800979614257812e+01
5.462117385864257812e+01
5.436433792114257812e+01
5.410750579833984375e+01
5.385066604614257812e+01
5.359383392333984375e+01
5.333700180053710938e+01
5.308016967773437500e+01
5.282333374023437500e+01
5.256650161743164062e+01
5.230966567993164062e+01
5.205281829833984375e+01
5.179599761962890625e+01
5.153915786743164062e+01
5.128232574462890625e+01
5.102549362182617188e+01
5.076865386962890625e+01
5.051182937622070312e+01
5.025498962402343750e+01
4.999816131591796875e+01
4.974132156372070312e+01
4.948447799682617188e+01
4.922765350341796875e+01
4.897081756591796875e+01
4.871398544311523438e+01
4.845714569091796875e+01
4.820030593872070312e+01
4.794347763061523438e+01
4.768664550781250000e+01
4.742982101440429688e+01
4.717296981811523438e+01
4.691614532470703125e+01
4.665930938720703125e+01
4.640247344970703125e+01
4.614564132690429688e+01
4.588880920410156250e+01
4.563197326660156250e+01
4.537513732910156250e+01
4.511830520629882812e+01
4.486147308349609375e+01
4.460463333129882812e+01
4.434779357910156250e+01
4.409095764160156250e+01
4.383412933349609375e+01
4.357728958129882812e+01
4.332046127319335938e+01
4.306362533569335938e+01
4.280678939819335938e+01
4.254996109008789062e+01
4.229312133789062500e+01
4.203629684448242188e+01
4.177945327758789062e+01
4.152261352539062500e+01
4.126578903198242188e+01
4.100895309448242188e+01
4.075212097167968750e+01
