7.404740905761718750e+01
7.368709564208984375e+01
7.332680511474609375e+01
7.296649169921875000e+01
7.260617828369140625e+01
7.224587249755859375e+01
7.188557434082031250e+01
7.152525329589843750e+01
7.116494750976562500e+01
7.080464172363281250e+01
7.044435119628906250e+01
7.008403015136718750e+01
6.972372436523437500e+01
6.936341857910156250e+01
6.900311279296875000e+01
6.864280700683593750e+01
6.828249359130859375e+01
6.792218017578125000e+01
6.756189727783203125e+01
6.720159912109375000e+01
6.684126281738281250e+01
6.648096466064453125e+01
6.612068176269531250e+01
6.576036071777343750e+01
6.540005493164062500e+01
6.503976440429687500e+01
6.467945861816406250e+01
6.431912231445312500e+01
6.395882034301757812e+01
6.359852981567382812e+01
6.323822784423828125e+01
6.287789154052734375e+01
6.251757812500000000e+01
6.215728378295898438e+01
6.179698181152343750e+01
6.143666839599609375e+01
6.107638931274414062e+01
6.071606063842773438e+01
6.035575103759765625e+01
5.999544525146484375e+01
5.963514709472656250e+01
5.927483749389648438e+01
5.891453933715820312e+01
5.855423355102539062e+01
5.819392395019531250e+01
5.783362197875976562e+01
5.747331237792968750e+01
5.711299514770507812e+01
5.675270080566406250e+01
5.639239501953125000e+01
5.603208923339843750e+01
5.567177581787109375e+01
5.531146240234375000e+01
5.495114135742187500e+01
5.459086608886718750e+01
5.423053741455078125e+01
5.387024688720703125e+01
5.350996398925781250e+01
5.314962768554687500e+01
5.278932189941406250e+01
5.242902374267578125e+01
5.206872558593750000e+01
5.170841217041015625e+01
5.134809112548828125e+01
5.098779678344726562e+01
5.062749862670898438e+01
5.026717758178710938e+01
4.990686798095703125e+01
4.954656982421875000e+01
4.918624877929687500e+01
4.882595825195312500e+01
4.846562957763671875e+01
4.810533905029296875e+01
4.774502563476562500e+01
4.738472366333007812e+01
4.702442550659179688e+01
4.666411972045898438e+01
4.630378341674804688e+01
4.594350814819335938e+01
4.558319473266601562e+01
4.522289657592773438e+01
4.486256790161132812e+01
4.450227737426757812e+01
4.414197158813476562e+01
4.378168869018554688e+01
4.342136764526367188e+01
4.306106567382812500e+01
4.270075225830078125e+01
4.234044647216796875e+01
4.198014831542968750e+01
4.161983489990234375e+01
4.125952911376953125e+01
4.089921569824218750e+01
4.053890991210937500e+01
4.017859649658203125e+01
3.981829833984375000e+01
3.945803070068359375e+01
3.909768295288085938e+01
3.873736190795898438e+01
3.837709426879882812e+01
