7.244251251220703125e+01
7.210604095458984375e+01
7.176956939697265625e+01
7.143310546875000000e+01
7.109663391113281250e+01
7.076016998291015625e+01
7.042369079589843750e+01
7.008721923828125000e+01
6.975074768066406250e+01
6.941428375244140625e+01
6.907781982421875000e+01
6.874134063720703125e+01
6.840487670898437500e+01
6.806839752197265625e+01
6.773193359375000000e+01
6.739546203613281250e+01
6.705899810791015625e+01
6.672252655029296875e+01
6.638604736328125000e+01
6.604958343505859375e+01
6.571311187744140625e+01
6.537664031982421875e+01
6.504017639160156250e+01
6.470370483398437500e+01
6.436723327636718750e+01
6.403076171875000000e+01
6.369429779052734375e+01
6.335782623291015625e+01
6.302135467529296875e+01
6.268487930297851562e+01
6.234841537475585938e+01
6.201194000244140625e+01
6.167547607421875000e+01
6.133900833129882812e+01
6.100252914428710938e+01
6.066606521606445312e+01
6.032958984375000000e+01
5.999312591552734375e+01
5.965665435791015625e+01
5.932018280029296875e+01
5.898371887207031250e+01
5.864724731445312500e+01
5.831077575683593750e+01
5.797430038452148438e+01
5.763784027099609375e+01
5.730136871337890625e+01
5.696488952636718750e+01
5.662842178344726562e+01
5.629195404052734375e+01
5.595548248291015625e+01
5.561901855468750000e+01
5.528254318237304688e+01
5.494607543945312500e+01
5.460960388183593750e+01
5.427313232421875000e+01
5.393666076660156250e+01
5.360019302368164062e+01
5.326372528076171875e+01
5.292724609375000000e+01
5.259078979492187500e+01
5.225431823730468750e+01
5.191784667968750000e+01
5.158137893676757812e+01
5.124489593505859375e+01
5.090843582153320312e+01
5.057196807861328125e+01
5.023549270629882812e+01
4.989902496337890625e+01
4.956255340576171875e+01
4.922608566284179688e+01
4.888961410522460938e+01
4.855313873291015625e+01
4.821667480468750000e+01
4.788020324707031250e+01
4.754373550415039062e+01
4.720726394653320312e+01
4.687079620361328125e+01
4.653432464599609375e+01
4.619785308837890625e+01
4.586138153076171875e+01
4.552491760253906250e+01
4.518843841552734375e+01
4.485197448730468750e+01
4.451550292968750000e+01
4.417903137207031250e+01
4.384256744384765625e+01
4.350608825683593750e+01
4.316962432861328125e+01
4.283315658569335938e+01
4.249668121337890625e+01
4.216020965576171875e+01
4.182373809814453125e+01
4.148727416992187500e+01
4.115079879760742188e+01
4.081433486938476562e+01
4.047785949707031250e+01
4.014138793945312500e+01
3.980492401123046875e+01
3.946845626831054688e+01
3.913198089599609375e+01
