7.514656066894531250e+01
7.475836181640625000e+01
7.439770507812500000e+01
7.405769348144531250e+01
7.371771240234375000e+01
7.337773132324218750e+01
7.303775024414062500e+01
7.269776153564453125e+01
7.235778808593750000e+01
7.201779174804687500e+01
7.167781066894531250e+01
7.133782958984375000e+01
7.099782562255859375e+01
7.065786743164062500e+01
7.031788635253906250e+01
6.997790527343750000e+01
6.963790893554687500e+01
6.929791259765625000e+01
6.895795440673828125e+01
6.861794281005859375e+01
6.827796173095703125e+01
6.793799591064453125e+01
6.759800720214843750e+01
6.725803375244140625e+01
6.691802215576171875e+01
6.657803344726562500e+01
6.623809051513671875e+01
6.589805603027343750e+01
6.555807495117187500e+01
6.521813201904296875e+01
6.487812805175781250e+01
6.453813934326171875e+01
6.419813537597656250e+01
6.385815429687500000e+01
6.351818847656250000e+01
6.317819976806640625e+01
6.283821105957031250e+01
6.249823760986328125e+01
6.215824890136718750e+01
6.181825256347656250e+01
6.147827911376953125e+01
6.113829803466796875e+01
6.079831695556640625e+01
6.045831298828125000e+01
6.011833190917968750e+01
5.977838134765625000e+01
5.943839263916015625e+01
5.910660552978515625e+01
5.882481384277343750e+01
5.854302215576171875e+01
5.826129150390625000e+01
5.797949218750000000e+01
5.769776153564453125e+01
5.741596984863281250e+01
5.713422393798828125e+01
5.685242462158203125e+01
5.657070159912109375e+01
5.628892517089843750e+01
5.600714874267578125e+01
5.572539520263671875e+01
5.544361877441406250e+01
5.516184997558593750e+01
5.488005065917968750e+01
5.459829711914062500e+01
5.431652832031250000e+01
5.403474426269531250e+01
5.375302124023437500e+01
5.347122192382812500e+01
5.318946075439453125e+01
5.290770721435546875e+01
5.262594604492187500e+01
5.234418487548828125e+01
5.206240844726562500e+01
5.178067016601562500e+01
5.149882507324218750e+01
5.121707153320312500e+01
5.093534851074218750e+01
5.065357971191406250e+01
5.037179565429687500e+01
5.009002685546875000e+01
4.980827331542968750e+01
4.952651214599609375e+01
4.924472045898437500e+01
4.896295928955078125e+01
4.868120574951171875e+01
4.839941406250000000e+01
4.811763763427734375e+01
4.783590698242187500e+01
4.755412292480468750e+01
4.727238464355468750e+01
4.699061584472656250e+01
4.670886230468750000e+01
4.642704772949218750e+01
4.614529418945312500e+01
4.586351013183593750e+01
4.558175659179687500e+01
4.529998779296875000e+01
4.501821899414062500e+01
4.473645019531250000e+01
4.445466613769531250e+01
