7.225704193115234375e+01
7.196060180664062500e+01
7.166416931152343750e+01
7.136774444580078125e+01
7.107130432128906250e+01
7.077487182617187500e+01
7.047843933105468750e+01
7.018200683593750000e+01
6.988556671142578125e+01
6.958914184570312500e+01
6.929269409179687500e+01
6.899626922607421875e+01
6.869982910156250000e+01
6.840340423583984375e+01
6.810696411132812500e+01
6.781052398681640625e+01
6.751409912109375000e+01
6.721766662597656250e+01
6.692121887207031250e+01
6.662478637695312500e+01
6.632835388183593750e+01
6.603192138671875000e+01
6.573548126220703125e+01
6.543906402587890625e+01
6.514261627197265625e+01
6.484617614746093750e+01
6.454974365234375000e+01
6.425331115722656250e+01
6.395687866210937500e+01
6.364784240722656250e+01
6.333159637451171875e+01
6.301535797119140625e+01
6.269910812377929688e+01
6.238285827636718750e+01
6.206660842895507812e+01
6.175037384033203125e+01
6.143412780761718750e+01
6.111787033081054688e+01
6.080163192749023438e+01
6.048538208007812500e+01
6.016913986206054688e+01
5.985289382934570312e+01
5.953664016723632812e+01
5.922038269042968750e+01
5.890415191650390625e+01
5.858790206909179688e+01
5.827164459228515625e+01
5.795540618896484375e+01
5.763916397094726562e+01
5.732290649414062500e+01
5.700666427612304688e+01
5.669041442871093750e+01
5.637417221069335938e+01
5.605791854858398438e+01
5.574167633056640625e+01
5.542543029785156250e+01
5.510917282104492188e+01
5.479293823242187500e+01
5.447668838500976562e+01
5.416045379638671875e+01
5.384419631958007812e+01
5.352794647216796875e+01
5.321169281005859375e+01
5.289545440673828125e+01
5.257920074462890625e+01
5.226296234130859375e+01
5.194671630859375000e+01
5.163047027587890625e+01
5.131422805786132812e+01
5.099797821044921875e+01
5.068172454833984375e+01
5.036547851562500000e+01
5.004923629760742188e+01
4.973298645019531250e+01
4.941673278808593750e+01
4.910049438476562500e+01
4.878424835205078125e+01
4.846799468994140625e+01
4.815174865722656250e+01
4.783551025390625000e+01
4.751926040649414062e+01
4.720301055908203125e+01
4.688676452636718750e+01
4.657052230834960938e+01
4.625428009033203125e+01
4.593803024291992188e+01
4.562178039550781250e+01
4.530553436279296875e+01
4.498928833007812500e+01
4.467304229736328125e+01
4.435679626464843750e+01
4.404054260253906250e+01
4.372429656982421875e+01
4.340805816650390625e+01
4.309180831909179688e+01
4.277555847167968750e+01
4.245930480957031250e+01
4.214305877685546875e+01
4.182682037353515625e+01
4.151057434082031250e+01
