6.391133499145507812e+01
6.369438171386718750e+01
6.347742843627929688e+01
6.326046752929687500e+01
6.304351043701171875e+01
6.282654571533203125e+01
6.260956954956054688e+01
6.239262390136718750e+01
6.217565917968750000e+01
6.195870971679687500e+01
6.174288940429687500e+01
6.152919006347656250e+01
6.131548309326171875e+01
6.110179138183593750e+01
6.088809585571289062e+01
6.067440795898437500e+01
6.046070480346679688e+01
6.024700164794921875e+01
6.003331375122070312e+01
5.981960678100585938e+01
5.960591125488281250e+01
5.939221572875976562e+01
5.917852020263671875e+01
5.896481323242187500e+01
5.875112915039062500e+01
5.853741836547851562e+01
5.832372283935546875e+01
5.811003494262695312e+01
5.789634323120117188e+01
5.768264389038085938e+01
5.746893310546875000e+01
5.725524520874023438e+01
5.704155349731445312e+01
5.682785415649414062e+01
5.661415863037109375e+01
5.640046310424804688e+01
5.618674850463867188e+01
5.597305679321289062e+01
5.575936889648437500e+01
5.554566955566406250e+01
5.533196258544921875e+01
5.511827850341796875e+01
5.490457916259765625e+01
5.469088745117187500e+01
5.447718429565429688e+01
5.426348114013671875e+01
5.404979705810546875e+01
5.383608245849609375e+01
5.362237930297851562e+01
5.340870285034179688e+01
5.319499969482421875e+01
5.298130035400390625e+01
5.276760101318359375e+01
5.255390930175781250e+01
5.234022521972656250e+01
5.212651824951171875e+01
5.191281127929687500e+01
5.169913482666015625e+01
5.148542785644531250e+01
5.127172088623046875e+01
5.105802154541015625e+01
5.084433746337890625e+01
5.063063049316406250e+01
5.041693878173828125e+01
5.020323944091796875e+01
4.998954772949218750e+01
4.977584838867187500e+01
4.956215667724609375e+01
4.934844207763671875e+01
4.913474273681640625e+01
4.892105865478515625e+01
4.870735549926757812e+01
4.849366378784179688e+01
4.827996826171875000e+01
4.806626892089843750e+01
4.785256958007812500e+01
4.763887023925781250e+01
4.742517852783203125e+01
4.721149444580078125e+01
4.699777221679687500e+01
4.678407287597656250e+01
4.657039260864257812e+01
4.635667419433593750e+01
4.614301300048828125e+01
4.592930603027343750e+01
4.571559906005859375e+01
4.550191497802734375e+01
4.528820800781250000e+01
4.507450485229492188e+01
4.486079788208007812e+01
4.464711380004882812e+01
4.443342971801757812e+01
4.421972656250000000e+01
4.400603103637695312e+01
4.379232788085937500e+01
4.357861709594726562e+01
4.336493682861328125e+01
4.315122985839843750e+01
4.293754577636718750e+01
4.272383117675781250e+01
