7.288188171386718750e+01
7.254363250732421875e+01
7.220541381835937500e+01
7.186717987060546875e+01
7.152893829345703125e+01
7.119070434570312500e+01
7.085247802734375000e+01
7.051423645019531250e+01
7.017601013183593750e+01
6.983777618408203125e+01
6.949953460693359375e+01
6.916128540039062500e+01
6.882307434082031250e+01
6.848483276367187500e+01
6.814659881591796875e+01
6.780835723876953125e+01
6.747011566162109375e+01
6.713191223144531250e+01
6.679364776611328125e+01
6.645542907714843750e+01
6.611718750000000000e+01
6.577896118164062500e+01
6.544071197509765625e+01
6.510247802734375000e+01
6.476425170898437500e+01
6.442603302001953125e+01
6.408779907226562500e+01
6.374955749511718750e+01
6.341130828857421875e+01
6.307308959960937500e+01
6.273483276367187500e+01
6.239662170410156250e+01
6.205838012695312500e+01
6.172014617919921875e+01
6.138191223144531250e+01
6.104367828369140625e+01
6.070542907714843750e+01
6.036720275878906250e+01
6.002898406982421875e+01
5.969074249267578125e+01
5.935250854492187500e+01
5.901427459716796875e+01
5.867604827880859375e+01
5.833780670166015625e+01
5.799955749511718750e+01
5.766133880615234375e+01
5.732310485839843750e+01
5.698487091064453125e+01
5.664661407470703125e+01
5.630841064453125000e+01
5.597017669677734375e+01
5.563192749023437500e+01
5.529369354248046875e+01
5.495547485351562500e+01
5.461723327636718750e+01
5.427899169921875000e+01
5.394077301025390625e+01
5.360251617431640625e+01
5.326428985595703125e+01
5.292607116699218750e+01
5.258782196044921875e+01
5.224958801269531250e+01
5.191134643554687500e+01
5.157312011718750000e+01
5.123486328125000000e+01
5.089663696289062500e+01
5.055839538574218750e+01
5.022019195556640625e+01
4.988194274902343750e+01
4.954370117187500000e+01
4.920546722412109375e+01
4.886724853515625000e+01
4.852899169921875000e+01
4.819077301025390625e+01
4.785255432128906250e+01
4.751428985595703125e+01
4.717606353759765625e+01
4.683784484863281250e+01
4.649958801269531250e+01
4.616137695312500000e+01
4.582315063476562500e+01
4.548490905761718750e+01
4.514668273925781250e+01
4.480842590332031250e+01
4.447019958496093750e+01
4.413194274902343750e+01
4.379374694824218750e+01
4.345550537109375000e+01
4.311724090576171875e+01
4.277903747558593750e+01
4.244078063964843750e+01
4.210253906250000000e+01
4.176432800292968750e+01
4.142608642578125000e+01
4.108784484863281250e+01
4.074961853027343750e+01
4.041137695312500000e+01
4.007312011718750000e+01
3.973490905761718750e+01
3.939669799804687500e+01
