7.421841430664062500e+01
7.388919830322265625e+01
7.355997467041015625e+01
7.323075866699218750e+01
7.290155029296875000e+01
7.257232666015625000e+01
7.224311065673828125e+01
7.191390228271484375e+01
7.158468627929687500e+01
7.125546264648437500e+01
7.092625427246093750e+01
7.059703826904296875e+01
7.026781463623046875e+01
6.993859863281250000e+01
6.960939025878906250e+01
6.928016662597656250e+01
6.895095062255859375e+01
6.862173461914062500e+01
6.829658508300781250e+01
6.797404479980468750e+01
6.765150451660156250e+01
6.732894897460937500e+01
6.700640869140625000e+01
6.668387603759765625e+01
6.636132812500000000e+01
6.603878784179687500e+01
6.571623992919921875e+01
6.539369201660156250e+01
6.507115936279296875e+01
6.474861145019531250e+01
6.442607116699218750e+01
6.410352325439453125e+01
6.378098297119140625e+01
6.345843887329101562e+01
6.313589477539062500e+01
6.281335449218750000e+01
6.249081039428710938e+01
6.216827011108398438e+01
6.184572219848632812e+01
6.152317810058593750e+01
6.120063018798828125e+01
6.087809753417968750e+01
6.055554962158203125e+01
6.023300933837890625e+01
5.991046142578125000e+01
5.958792495727539062e+01
5.926538085937500000e+01
5.894283294677734375e+01
5.862029266357421875e+01
5.829775238037109375e+01
5.797521209716796875e+01
5.765265655517578125e+01
5.733011627197265625e+01
5.700757598876953125e+01
5.668503952026367188e+01
5.636248779296875000e+01
5.603995132446289062e+01
5.571741104125976562e+01
5.539485931396484375e+01
5.507231903076171875e+01
5.474977493286132812e+01
5.442723083496093750e+01
5.410469055175781250e+01
5.378215026855468750e+01
5.345960998535156250e+01
5.313706207275390625e+01
5.281452178955078125e+01
5.249197387695312500e+01
5.216944122314453125e+01
5.184689331054687500e+01
5.152434158325195312e+01
5.120180130004882812e+01
5.087926101684570312e+01
5.055672073364257812e+01
5.023417282104492188e+01
4.991163253784179688e+01
4.958910369873046875e+01
4.926654815673828125e+01
4.894398498535156250e+01
4.862135696411132812e+01
4.829872894287109375e+01
4.797608947753906250e+01
4.765346527099609375e+01
4.733082962036132812e+01
4.700820922851562500e+01
4.668557739257812500e+01
4.636294555664062500e+01
4.604030609130859375e+01
4.571767425537109375e+01
4.539504241943359375e+01
4.507240295410156250e+01
4.474977874755859375e+01
4.442714691162109375e+01
4.410452270507812500e+01
4.378189849853515625e+01
4.345925903320312500e+01
4.313662719726562500e+01
4.281399536132812500e+01
4.249136352539062500e+01
4.216873931884765625e+01
