7.519110870361328125e+01
7.488977813720703125e+01
7.458845520019531250e+01
7.428711700439453125e+01
7.398577880859375000e+01
7.368445587158203125e+01
7.338311767578125000e+01
7.308177185058593750e+01
7.278046417236328125e+01
7.247912597656250000e+01
7.217779541015625000e+01
7.187646484375000000e+01
7.157512664794921875e+01
7.127380371093750000e+01
7.097246551513671875e+01
7.067114257812500000e+01
7.036981201171875000e+01
7.006846618652343750e+01
6.976714324951171875e+01
6.946581268310546875e+01
6.916447448730468750e+01
6.886315155029296875e+01
6.856182098388671875e+01
6.826048278808593750e+01
6.795915222167968750e+01
6.765782165527343750e+01
6.735651397705078125e+01
6.705516052246093750e+01
6.675382995605468750e+01
6.645249176025390625e+01
6.615115356445312500e+01
6.584983825683593750e+01
6.554849243164062500e+01
6.524717712402343750e+01
6.494584655761718750e+01
6.464450073242187500e+01
6.434317779541015625e+01
6.404183959960937500e+01
6.374050903320312500e+01
6.343918228149414062e+01
6.313785552978515625e+01
6.283651733398437500e+01
6.253518676757812500e+01
6.223384475708007812e+01
6.193253326416015625e+01
6.163118743896484375e+01
6.132986450195312500e+01
6.102852630615234375e+01
6.072719573974609375e+01
6.042586517333984375e+01
6.012454223632812500e+01
5.982321166992187500e+01
5.952187728881835938e+01
5.922053527832031250e+01
5.891921997070312500e+01
5.861787414550781250e+01
5.831655120849609375e+01
5.801522064208984375e+01
5.771387481689453125e+01
5.741255950927734375e+01
5.711122131347656250e+01
5.680989837646484375e+01
5.650855255126953125e+01
5.620723724365234375e+01
5.590588378906250000e+01
5.560457611083984375e+01
5.530324554443359375e+01
5.500191497802734375e+01
5.470058441162109375e+01
5.439924621582031250e+01
5.409790802001953125e+01
5.379657745361328125e+01
5.349525451660156250e+01
5.319391632080078125e+01
5.289258193969726562e+01
5.259127807617187500e+01
5.228993225097656250e+01
5.198859405517578125e+01
5.168724822998046875e+01
5.138592529296875000e+01
5.108458328247070312e+01
5.078327178955078125e+01
5.048193359375000000e+01
5.018059539794921875e+01
4.987927627563476562e+01
4.957795715332031250e+01
4.927660751342773438e+01
4.897528839111328125e+01
4.867394638061523438e+01
4.837262725830078125e+01
4.807130432128906250e+01
4.776996612548828125e+01
4.746862030029296875e+01
4.716728973388671875e+01
4.686595916748046875e+01
4.656461334228515625e+01
4.626328277587890625e+01
4.596196365356445312e+01
4.566063308715820312e+01
4.535929870605468750e+01
