7.697146606445312500e+01
7.666700744628906250e+01
7.636253356933593750e+01
7.605807495117187500e+01
7.575362396240234375e+01
7.544915008544921875e+01
7.514468383789062500e+01
7.484021759033203125e+01
7.453575897216796875e+01
7.423130798339843750e+01
7.391794586181640625e+01
7.357088470458984375e+01
7.322380065917968750e+01
7.287673950195312500e+01
7.252967071533203125e+01
7.218258666992187500e+01
7.183554077148437500e+01
7.148845672607421875e+01
7.114138793945312500e+01
7.079431152343750000e+01
7.044725036621093750e+01
7.010017395019531250e+01
6.975311279296875000e+01
6.940603637695312500e+01
6.905895996093750000e+01
6.871189880371093750e+01
6.836483001708984375e+01
6.801777648925781250e+01
6.767069244384765625e+01
6.732361602783203125e+01
6.697654724121093750e+01
6.662947845458984375e+01
6.628240966796875000e+01
6.593534088134765625e+01
6.558827209472656250e+01
6.524119567871093750e+01
6.489413452148437500e+01
6.454706573486328125e+01
6.419997406005859375e+01
6.385292434692382812e+01
6.350584411621093750e+01
6.315877151489257812e+01
6.281172943115234375e+01
6.246464920043945312e+01
6.211757278442382812e+01
6.177050781250000000e+01
6.142344284057617188e+01
6.107635879516601562e+01
6.072928619384765625e+01
6.038220596313476562e+01
6.003514099121093750e+01
5.968807983398437500e+01
5.934101104736328125e+01
5.899393463134765625e+01
5.864687347412109375e+01
5.829977798461914062e+01
5.795272827148437500e+01
5.760565567016601562e+01
5.725858688354492188e+01
5.691152954101562500e+01
5.656447601318359375e+01
5.621739196777343750e+01
5.587033081054687500e+01
5.552323532104492188e+01
5.517616271972656250e+01
5.482912445068359375e+01
5.448203659057617188e+01
5.413495635986328125e+01
5.378788757324218750e+01
5.344083404541015625e+01
5.309373855590820312e+01
5.274668502807617188e+01
5.239959335327148438e+01
5.205254364013671875e+01
5.170547103881835938e+01
5.135839462280273438e+01
5.101132583618164062e+01
5.066425704956054688e+01
5.031723022460937500e+01
5.000442504882812500e+01
4.969461441040039062e+01
4.938480758666992188e+01
4.907499313354492188e+01
4.876517486572265625e+01
4.845536041259765625e+01
4.814556121826171875e+01
4.783575820922851562e+01
4.752594757080078125e+01
4.721611785888671875e+01
4.690630722045898438e+01
4.659649658203125000e+01
4.628668975830078125e+01
4.597687149047851562e+01
4.566705322265625000e+01
4.535726928710937500e+01
4.504744338989257812e+01
4.473763656616210938e+01
4.442781829833984375e+01
4.411801528930664062e+01
4.380820465087890625e+01
