7.656793975830078125e+01
7.619475555419921875e+01
7.582154846191406250e+01
7.544833374023437500e+01
7.507514190673828125e+01
7.470194244384765625e+01
7.432874298095703125e+01
7.395554351806640625e+01
7.358233642578125000e+01
7.320914459228515625e+01
7.283593750000000000e+01
7.246273803710937500e+01
7.208954620361328125e+01
7.171633911132812500e+01
7.134313964843750000e+01
7.096993255615234375e+01
7.059674072265625000e+01
7.022354125976562500e+01
6.985034179687500000e+01
6.947714233398437500e+01
6.910394287109375000e+01
6.873073577880859375e+01
6.835752868652343750e+01
6.798433685302734375e+01
6.760768127441406250e+01
6.722465515136718750e+01
6.684163665771484375e+01
6.645861816406250000e+01
6.607560729980468750e+01
6.569258117675781250e+01
6.530957031250000000e+01
6.492655181884765625e+01
6.454353332519531250e+01
6.416053009033203125e+01
6.377750778198242188e+01
6.339447784423828125e+01
6.301146316528320312e+01
6.262844848632812500e+01
6.224543762207031250e+01
6.186241149902343750e+01
6.147939682006835938e+01
6.109638214111328125e+01
6.071337127685546875e+01
6.033035278320312500e+01
5.994732666015625000e+01
5.956429672241210938e+01
5.918129730224609375e+01
5.879826354980468750e+01
5.841525268554687500e+01
5.803224945068359375e+01
5.764923095703125000e+01
5.726620483398437500e+01
5.688317871093750000e+01
5.650016784667968750e+01
5.611714935302734375e+01
5.573413085937500000e+01
5.535111618041992188e+01
5.496810531616210938e+01
5.458508300781250000e+01
5.420205688476562500e+01
5.381904602050781250e+01
5.343603134155273438e+01
5.305300140380859375e+01
5.267000579833984375e+01
5.228696823120117188e+01
5.190395355224609375e+01
5.152094650268554688e+01
5.113793182373046875e+01
5.075489807128906250e+01
5.037189102172851562e+01
4.998885726928710938e+01
4.960585403442382812e+01
4.922111892700195312e+01
4.883489227294921875e+01
4.844866561889648438e+01
4.806243515014648438e+01
4.767619323730468750e+01
4.728997802734375000e+01
4.690373229980468750e+01
4.651749038696289062e+01
4.613127517700195312e+01
4.574504852294921875e+01
4.535879898071289062e+01
4.497256851196289062e+01
4.458634185791015625e+01
4.420011138916015625e+01
4.381388473510742188e+01
4.342763900756835938e+01
4.304140090942382812e+01
4.265518569946289062e+01
4.226892471313476562e+01
4.188271713256835938e+01
4.149646377563476562e+01
4.111024093627929688e+01
4.072402572631835938e+01
4.033777999877929688e+01
3.995154190063476562e+01
3.956531143188476562e+01
3.917908477783203125e+01
3.879285049438476562e+01
