7.725788879394531250e+01
7.686425018310546875e+01
7.647060394287109375e+01
7.607485198974609375e+01
7.567884063720703125e+01
7.528282928466796875e+01
7.488682556152343750e+01
7.449081420898437500e+01
7.409480285644531250e+01
7.369879150390625000e+01
7.330278778076171875e+01
7.290676879882812500e+01
7.251075744628906250e+01
7.211475372314453125e+01
7.171875000000000000e+01
7.132273101806640625e+01
7.092672729492187500e+01
7.053071594238281250e+01
7.013470458984375000e+01
6.973869323730468750e+01
6.934268188476562500e+01
6.894667816162109375e+01
6.855065917968750000e+01
6.815464782714843750e+01
6.775864410400390625e+01
6.736264038085937500e+01
6.696661376953125000e+01
6.657061767578125000e+01
6.617460632324218750e+01
6.577859497070312500e+01
6.538294219970703125e+01
6.500170898437500000e+01
6.462046813964843750e+01
6.423922729492187500e+01
6.385799026489257812e+01
6.347675323486328125e+01
6.309552001953125000e+01
6.271427917480468750e+01
6.233304595947265625e+01
6.195180511474609375e+01
6.157056808471679688e+01
6.118933868408203125e+01
6.080809402465820312e+01
6.042687225341796875e+01
6.004561996459960938e+01
5.966438674926757812e+01
5.928315734863281250e+01
5.890191268920898438e+01
5.852067184448242188e+01
5.813944244384765625e+01
5.775821685791015625e+01
5.737696456909179688e+01
5.699573516845703125e+01
5.661449432373046875e+01
5.623325729370117188e+01
5.585200881958007812e+01
5.547077941894531250e+01
5.508953857421875000e+01
5.470830535888671875e+01
5.432707595825195312e+01
5.394583129882812500e+01
5.356459426879882812e+01
5.318335342407226562e+01
5.280212402343750000e+01
5.242088317871093750e+01
5.203963470458984375e+01
5.165840148925781250e+01
5.127717590332031250e+01
5.089593505859375000e+01
5.051469421386718750e+01
5.013346099853515625e+01
4.975222015380859375e+01
4.937098693847656250e+01
4.898974990844726562e+01
4.860851669311523438e+01
4.822727203369140625e+01
4.784604644775390625e+01
4.746479797363281250e+01
4.708449554443359375e+01
4.671527481079101562e+01
4.634606170654296875e+01
4.597682952880859375e+01
4.560760116577148438e+01
4.523836517333984375e+01
4.486914062500000000e+01
4.449991607666015625e+01
4.413070678710937500e+01
4.376147460937500000e+01
4.339223480224609375e+01
4.302302551269531250e+01
4.265379333496093750e+01
4.228456497192382812e+01
4.191535186767578125e+01
4.154612731933593750e+01
4.117688751220703125e+01
4.080766296386718750e+01
4.043843841552734375e+01
4.006922149658203125e+01
3.969999694824218750e+01
3.933074951171875000e+01
