6.323244857788085938e+01
6.307986068725585938e+01
6.292817687988281250e+01
6.277720642089843750e+01
6.262651062011718750e+01
6.247605133056640625e+01
6.232569885253906250e+01
6.217491912841796875e+01
6.202392959594726562e+01
6.187286758422851562e+01
6.172143936157226562e+01
6.156966400146484375e+01
6.141783905029296875e+01
6.126586151123046875e+01
6.111370086669921875e+01
6.096149826049804688e+01
6.080929565429687500e+01
6.065701293945312500e+01
6.050484466552734375e+01
6.035269927978515625e+01
6.020066833496093750e+01
6.004887008666992188e+01
5.989730453491210938e+01
5.974608612060546875e+01
5.959506988525390625e+01
5.944446182250976562e+01
5.929416275024414062e+01
5.914426422119140625e+01
5.899435043334960938e+01
5.884458923339843750e+01
5.869498825073242188e+01
5.854516220092773438e+01
5.839496231079101562e+01
5.824443817138671875e+01
5.809360122680664062e+01
5.794247055053710938e+01
5.779109954833984375e+01
5.763941192626953125e+01
5.748751831054687500e+01
5.733546829223632812e+01
5.718321228027343750e+01
5.703033828735351562e+01
5.687656402587890625e+01
5.672172546386718750e+01
5.656584930419921875e+01
5.640857315063476562e+01
5.624993133544921875e+01
5.609004974365234375e+01
5.592920684814453125e+01
5.576783752441406250e+01
5.560608673095703125e+01
5.544409942626953125e+01
5.528239440917968750e+01
5.512072372436523438e+01
5.495886230468750000e+01
5.479691314697265625e+01
5.463347625732421875e+01
5.446772384643554688e+01
5.429904556274414062e+01
5.412680435180664062e+01
5.394950103759765625e+01
5.376778030395507812e+01
5.358290100097656250e+01
5.339490127563476562e+01
5.320531082153320312e+01
5.301507568359375000e+01
5.282481765747070312e+01
5.263522338867187500e+01
5.244668579101562500e+01
5.225872039794921875e+01
5.207135772705078125e+01
5.188470458984375000e+01
5.169845581054687500e+01
5.151143264770507812e+01
5.132287979125976562e+01
5.113139724731445312e+01
5.093557357788085938e+01
5.073506164550781250e+01
5.052825546264648438e+01
5.031629562377929688e+01
5.009989166259765625e+01
4.987995529174804688e+01
4.965703201293945312e+01
4.943204879760742188e+01
4.920616912841796875e+01
4.898021316528320312e+01
4.875398254394531250e+01
4.852738189697265625e+01
4.829992675781250000e+01
4.807168197631835938e+01
4.784272766113281250e+01
4.761204528808593750e+01
4.737878036499023438e+01
4.714212799072265625e+01
4.690235519409179688e+01
4.666016387939453125e+01
4.641509628295898438e+01
4.616661071777343750e+01
4.591585540771484375e+01
4.566336059570312500e+01
