4.930446243286132812e+01
4.982772445678710938e+01
5.032702636718750000e+01
5.080352020263671875e+01
5.125795745849609375e+01
5.169295883178710938e+01
5.210947418212890625e+01
5.250953674316406250e+01
5.289206314086914062e+01
5.325711059570312500e+01
5.360609436035156250e+01
5.393668746948242188e+01
5.424818801879882812e+01
5.454106140136718750e+01
5.481418609619140625e+01
5.506797409057617188e+01
5.530248641967773438e+01
5.552024841308593750e+01
5.572084426879882812e+01
5.590498733520507812e+01
5.607434844970703125e+01
5.622921371459960938e+01
5.636946105957031250e+01
5.649744415283203125e+01
5.661296844482421875e+01
5.671576309204101562e+01
5.680664825439453125e+01
5.688600540161132812e+01
5.695353698730468750e+01
5.701021957397460938e+01
5.705688858032226562e+01
5.709393692016601562e+01
5.712205505371093750e+01
5.714207458496093750e+01
5.715468597412109375e+01
5.715940093994140625e+01
5.715714263916015625e+01
5.714771270751953125e+01
5.713057327270507812e+01
5.710469818115234375e+01
5.707094955444335938e+01
5.702976226806640625e+01
5.698035812377929688e+01
5.692351150512695312e+01
5.685850524902343750e+01
5.678551864624023438e+01
5.670471191406250000e+01
5.661480712890625000e+01
5.651788711547851562e+01
5.641361999511718750e+01
5.630338668823242188e+01
5.618836212158203125e+01
5.606809997558593750e+01
5.594432449340820312e+01
5.581724929809570312e+01
5.568730163574218750e+01
5.555479812622070312e+01
5.541964340209960938e+01
5.528192520141601562e+01
5.514170074462890625e+01
5.499814987182617188e+01
5.485082626342773438e+01
5.469973754882812500e+01
5.454336166381835938e+01
5.438158798217773438e+01
5.421498870849609375e+01
5.404451370239257812e+01
5.387046432495117188e+01
5.369327545166015625e+01
5.351361846923828125e+01
5.333177566528320312e+01
5.314915466308593750e+01
5.296533584594726562e+01
5.278026199340820312e+01
5.259468078613281250e+01
5.240888595581054688e+01
5.222301864624023438e+01
5.203727340698242188e+01
5.185246276855468750e+01
5.166797637939453125e+01
5.148393630981445312e+01
5.130006408691406250e+01
5.111692047119140625e+01
5.093402862548828125e+01
5.075057220458984375e+01
5.056628799438476562e+01
5.038040161132812500e+01
5.019153594970703125e+01
5.000083160400390625e+01
4.980663681030273438e+01
4.960820770263671875e+01
4.940589141845703125e+01
4.919984436035156250e+01
4.899182510375976562e+01
4.878138732910156250e+01
4.856878280639648438e+01
4.835460281372070312e+01
4.813920211791992188e+01
4.792309570312500000e+01
4.770652008056640625e+01
