5.356456756591796875e+01
5.376586151123046875e+01
5.395374298095703125e+01
5.412969207763671875e+01
5.429438781738281250e+01
5.444918823242187500e+01
5.459336090087890625e+01
5.472608566284179688e+01
5.484674453735351562e+01
5.495582962036132812e+01
5.505261230468750000e+01
5.513650131225585938e+01
5.520835113525390625e+01
5.526914215087890625e+01
5.531956100463867188e+01
5.535991287231445312e+01
5.539207458496093750e+01
5.541658782958984375e+01
5.543358612060546875e+01
5.544295501708984375e+01
5.544513702392578125e+01
5.543976211547851562e+01
5.542730712890625000e+01
5.540859222412109375e+01
5.538391113281250000e+01
5.535406112670898438e+01
5.531865692138671875e+01
5.527816772460937500e+01
5.523306274414062500e+01
5.518353271484375000e+01
5.512979888916015625e+01
5.507221221923828125e+01
5.501136398315429688e+01
5.494718933105468750e+01
5.487951278686523438e+01
5.480842971801757812e+01
5.473434829711914062e+01
5.465667343139648438e+01
5.457481384277343750e+01
5.448817062377929688e+01
5.439670181274414062e+01
5.430046844482421875e+01
5.419833755493164062e+01
5.409028625488281250e+01
5.397710037231445312e+01
5.385839843750000000e+01
5.373446273803710938e+01
5.360551071166992188e+01
5.347168731689453125e+01
5.333328247070312500e+01
5.319132995605468750e+01
5.304624938964843750e+01
5.289736938476562500e+01
5.274489974975585938e+01
5.259051132202148438e+01
5.243389892578125000e+01
5.227453613281250000e+01
5.211225128173828125e+01
5.194776153564453125e+01
5.178145980834960938e+01
5.161243057250976562e+01
5.144187545776367188e+01
5.126940155029296875e+01
5.109442901611328125e+01
5.091698837280273438e+01
5.073768234252929688e+01
5.055588912963867188e+01
5.037218856811523438e+01
5.018634414672851562e+01
4.999902343750000000e+01
4.981106567382812500e+01
4.962253570556640625e+01
4.943233108520507812e+01
4.924121093750000000e+01
4.905009078979492188e+01
4.885943603515625000e+01
4.866834640502929688e+01
4.847669219970703125e+01
4.828353881835937500e+01
4.808991241455078125e+01
4.789498138427734375e+01
4.769977569580078125e+01
4.750284194946289062e+01
4.730474853515625000e+01
4.710798263549804688e+01
4.691211700439453125e+01
4.671644592285156250e+01
4.652072143554687500e+01
4.632481765747070312e+01
4.612975692749023438e+01
4.593551254272460938e+01
4.574085617065429688e+01
4.554638290405273438e+01
4.535116577148437500e+01
4.515445709228515625e+01
4.495529937744140625e+01
4.475253677368164062e+01
4.454671096801757812e+01
4.433796691894531250e+01
4.412529754638671875e+01
