5.826257324218750000e+01
5.803981781005859375e+01
5.781913757324218750e+01
5.760056686401367188e+01
5.738461303710937500e+01
5.717226409912109375e+01
5.696436309814453125e+01
5.676071166992187500e+01
5.656161117553710938e+01
5.636694335937500000e+01
5.617723846435546875e+01
5.599160003662109375e+01
5.581002426147460938e+01
5.566669845581054688e+01
5.557495498657226562e+01
5.550143051147460938e+01
5.544385528564453125e+01
5.540053939819335938e+01
5.536454391479492188e+01
5.533511352539062500e+01
5.531121063232421875e+01
5.529101181030273438e+01
5.527261352539062500e+01
5.525231170654296875e+01
5.523003768920898438e+01
5.520566940307617188e+01
5.517973709106445312e+01
5.515198898315429688e+01
5.512285614013671875e+01
5.509211349487304688e+01
5.506041336059570312e+01
5.502829360961914062e+01
5.499567413330078125e+01
5.496285629272460938e+01
5.492935180664062500e+01
5.489341354370117188e+01
5.485345077514648438e+01
5.480818939208984375e+01
5.475642395019531250e+01
5.469872665405273438e+01
5.463402557373046875e+01
5.456209945678710938e+01
5.448383712768554688e+01
5.439815139770507812e+01
5.430666351318359375e+01
5.420851898193359375e+01
5.410521316528320312e+01
5.399712371826171875e+01
5.388431930541992188e+01
5.376845550537109375e+01
5.364991760253906250e+01
5.352863693237304688e+01
5.340462493896484375e+01
5.327708816528320312e+01
5.314617538452148438e+01
5.301158142089843750e+01
5.287146759033203125e+01
5.272513580322265625e+01
5.257276153564453125e+01
5.241388320922851562e+01
5.224878692626953125e+01
5.207796096801757812e+01
5.190095520019531250e+01
5.171810531616210938e+01
5.153020477294921875e+01
5.133811187744140625e+01
5.114270019531250000e+01
5.094460296630859375e+01
5.074425125122070312e+01
5.054261016845703125e+01
5.033975219726562500e+01
5.013628005981445312e+01
4.993214797973632812e+01
4.972791671752929688e+01
4.952312850952148438e+01
4.931636810302734375e+01
4.910798645019531250e+01
4.889744567871093750e+01
4.868423080444335938e+01
4.846841430664062500e+01
4.824974822998046875e+01
4.802852630615234375e+01
4.780467987060546875e+01
4.757899856567382812e+01
4.735217666625976562e+01
4.712429046630859375e+01
4.689573287963867188e+01
4.666685867309570312e+01
4.643750381469726562e+01
4.620781707763671875e+01
4.597799301147460938e+01
4.574820709228515625e+01
4.551800918579101562e+01
4.528741073608398438e+01
4.505677032470703125e+01
4.482548141479492188e+01
4.459358596801757812e+01
4.436104202270507812e+01
4.412798690795898438e+01
4.389459991455078125e+01
