6.246520614624023438e+01
6.236533737182617188e+01
6.226374816894531250e+01
6.216021347045898438e+01
6.205471801757812500e+01
6.194723129272460938e+01
6.183787536621093750e+01
6.172716140747070312e+01
6.161511230468750000e+01
6.150207519531250000e+01
6.138815689086914062e+01
6.127347564697265625e+01
6.115808105468750000e+01
6.104188919067382812e+01
6.092494964599609375e+01
6.080730056762695312e+01
6.068894195556640625e+01
6.056976318359375000e+01
6.044984436035156250e+01
6.032908630371093750e+01
6.020762634277343750e+01
6.008557510375976562e+01
5.996308898925781250e+01
5.984014892578125000e+01
5.971666336059570312e+01
5.959264373779296875e+01
5.946786117553710938e+01
5.934208679199218750e+01
5.921506118774414062e+01
5.908702468872070312e+01
5.895776367187500000e+01
5.882723617553710938e+01
5.869568252563476562e+01
5.856313705444335938e+01
5.842974853515625000e+01
5.829568862915039062e+01
5.816100692749023438e+01
5.802575683593750000e+01
5.788997650146484375e+01
5.775367355346679688e+01
5.761661911010742188e+01
5.747860717773437500e+01
5.733947372436523438e+01
5.719912338256835938e+01
5.705765151977539062e+01
5.691481399536132812e+01
5.677066421508789062e+01
5.662521362304687500e+01
5.647841262817382812e+01
5.632981109619140625e+01
5.617913818359375000e+01
5.602638626098632812e+01
5.587026214599609375e+01
5.571022415161132812e+01
5.554672622680664062e+01
5.538018798828125000e+01
5.520938873291015625e+01
5.503445053100585938e+01
5.485636138916015625e+01
5.467611312866210938e+01
5.449497985839843750e+01
5.431340789794921875e+01
5.413246154785156250e+01
5.395241165161132812e+01
5.377278900146484375e+01
5.359348297119140625e+01
5.341422653198242188e+01
5.323492431640625000e+01
5.305550003051757812e+01
5.287519836425781250e+01
5.269361114501953125e+01
5.251084899902343750e+01
5.232720184326171875e+01
5.214288330078125000e+01
5.195711898803710938e+01
5.177005767822265625e+01
5.158243179321289062e+01
5.139353942871093750e+01
5.120421600341796875e+01
5.101468276977539062e+01
5.082490158081054688e+01
5.063418579101562500e+01
5.044282531738281250e+01
5.025104904174804688e+01
5.005780792236328125e+01
4.986217498779296875e+01
4.966336822509765625e+01
4.946230697631835938e+01
4.925867462158203125e+01
4.905167770385742188e+01
4.884151840209960938e+01
4.862878417968750000e+01
4.841395568847656250e+01
4.819673919677734375e+01
4.797867584228515625e+01
4.776016998291015625e+01
4.754206085205078125e+01
4.732431793212890625e+01
4.710726928710937500e+01
4.689141845703125000e+01
