5.009387969970703125e+01
5.025785446166992188e+01
5.041343307495117188e+01
5.056412506103515625e+01
5.070835494995117188e+01
5.084695816040039062e+01
5.098233795166015625e+01
5.112025833129882812e+01
5.126190185546875000e+01
5.140700531005859375e+01
5.155590057373046875e+01
5.170899200439453125e+01
5.186476135253906250e+01
5.202183914184570312e+01
5.217661285400390625e+01
5.232781600952148438e+01
5.247325134277343750e+01
5.261286163330078125e+01
5.274747467041015625e+01
5.287630081176757812e+01
5.299840164184570312e+01
5.311237335205078125e+01
5.321691131591796875e+01
5.331214904785156250e+01
5.339939498901367188e+01
5.347979354858398438e+01
5.355336761474609375e+01
5.362070083618164062e+01
5.368177032470703125e+01
5.373645019531250000e+01
5.378368759155273438e+01
5.382315063476562500e+01
5.385412979125976562e+01
5.387583923339843750e+01
5.388756179809570312e+01
5.388790130615234375e+01
5.387717056274414062e+01
5.385566329956054688e+01
5.382406997680664062e+01
5.378433609008789062e+01
5.373727416992187500e+01
5.368321990966796875e+01
5.362251281738281250e+01
5.355643081665039062e+01
5.348539352416992188e+01
5.340853881835937500e+01
5.332628631591796875e+01
5.324022674560546875e+01
5.314991378784179688e+01
5.305582046508789062e+01
5.295826339721679688e+01
5.285761260986328125e+01
5.275364303588867188e+01
5.264604187011718750e+01
5.253386688232421875e+01
5.241759872436523438e+01
5.229754257202148438e+01
5.217255401611328125e+01
5.204256439208984375e+01
5.190653610229492188e+01
5.176516723632812500e+01
5.161963653564453125e+01
5.147002792358398438e+01
5.131645202636718750e+01
5.115930938720703125e+01
5.099866104125976562e+01
5.083477783203125000e+01
5.066838073730468750e+01
5.049653625488281250e+01
5.031218719482421875e+01
5.011514282226562500e+01
4.990501403808593750e+01
4.968246841430664062e+01
4.944979858398437500e+01
4.920835876464843750e+01
4.895932388305664062e+01
4.870259475708007812e+01
4.844025421142578125e+01
4.817321777343750000e+01
4.790195846557617188e+01
4.762770462036132812e+01
4.735143280029296875e+01
4.707287979125976562e+01
4.679232025146484375e+01
4.650967407226562500e+01
4.622608184814453125e+01
4.594298934936523438e+01
4.566170120239257812e+01
4.538195800781250000e+01
4.510356521606445312e+01
4.482636260986328125e+01
4.455040359497070312e+01
4.427606964111328125e+01
4.400370788574218750e+01
4.373267745971679688e+01
4.346293258666992188e+01
4.319487380981445312e+01
4.292864608764648438e+01
4.266460418701171875e+01
4.240294647216796875e+01
