5.688752365112304688e+01
5.696663665771484375e+01
5.704655075073242188e+01
5.712709426879882812e+01
5.720820617675781250e+01
5.728987503051757812e+01
5.737160491943359375e+01
5.745299911499023438e+01
5.753319931030273438e+01
5.761071395874023438e+01
5.768373870849609375e+01
5.775017547607421875e+01
5.780965042114257812e+01
5.786109924316406250e+01
5.790516281127929688e+01
5.794121170043945312e+01
5.797133636474609375e+01
5.799620437622070312e+01
5.801521301269531250e+01
5.802896118164062500e+01
5.803663253784179688e+01
5.803834915161132812e+01
5.803386306762695312e+01
5.802238082885742188e+01
5.800370025634765625e+01
5.797755050659179688e+01
5.794471359252929688e+01
5.790487670898437500e+01
5.785812377929687500e+01
5.780488586425781250e+01
5.774459838867187500e+01
5.767791748046875000e+01
5.760532379150390625e+01
5.752743148803710938e+01
5.744378662109375000e+01
5.735533905029296875e+01
5.726138687133789062e+01
5.716146850585937500e+01
5.705661773681640625e+01
5.694697570800781250e+01
5.683207321166992188e+01
5.671126174926757812e+01
5.658513259887695312e+01
5.645372390747070312e+01
5.631647491455078125e+01
5.617397689819335938e+01
5.602694320678710938e+01
5.587540054321289062e+01
5.571988677978515625e+01
5.556074905395507812e+01
5.539912033081054688e+01
5.523504257202148438e+01
5.506823730468750000e+01
5.489905548095703125e+01
5.472869491577148438e+01
5.455675506591796875e+01
5.438283920288085938e+01
5.420790100097656250e+01
5.403165054321289062e+01
5.385395812988281250e+01
5.367537689208984375e+01
5.349462509155273438e+01
5.331169891357421875e+01
5.312653732299804688e+01
5.293946075439453125e+01
5.274963760375976562e+01
5.255663681030273438e+01
5.236100006103515625e+01
5.216248321533203125e+01
5.196097946166992188e+01
5.175688934326171875e+01
5.155091094970703125e+01
5.134349060058593750e+01
5.113494491577148438e+01
5.092514419555664062e+01
5.071489334106445312e+01
5.050406646728515625e+01
5.029309082031250000e+01
5.008194351196289062e+01
4.987036132812500000e+01
4.965837478637695312e+01
4.944638824462890625e+01
4.923471832275390625e+01
4.902349853515625000e+01
4.881230926513671875e+01
4.860150527954101562e+01
4.839110946655273438e+01
4.818088912963867188e+01
4.797043609619140625e+01
4.776082992553710938e+01
4.755149459838867188e+01
4.734265518188476562e+01
4.713402557373046875e+01
4.692601776123046875e+01
4.671837615966796875e+01
4.651126861572265625e+01
4.630468368530273438e+01
4.609879302978515625e+01
4.589368057250976562e+01
4.568902587890625000e+01
