4.557601165771484375e+01
4.634289932250976562e+01
4.706644058227539062e+01
4.774481201171875000e+01
4.837375640869140625e+01
4.895316696166992188e+01
4.948147201538085938e+01
4.996061706542968750e+01
5.039286041259765625e+01
5.078198623657226562e+01
5.113299942016601562e+01
5.144828414916992188e+01
5.173080444335937500e+01
5.198487854003906250e+01
5.221162414550781250e+01
5.241313552856445312e+01
5.259164428710937500e+01
5.274940109252929688e+01
5.288621139526367188e+01
5.300279998779296875e+01
5.310076904296875000e+01
5.318078231811523438e+01
5.324381256103515625e+01
5.329059982299804688e+01
5.332246398925781250e+01
5.334023666381835938e+01
5.334336090087890625e+01
5.333386993408203125e+01
5.331165695190429688e+01
5.327832031250000000e+01
5.323411178588867188e+01
5.317891311645507812e+01
5.311328887939453125e+01
5.303917312622070312e+01
5.295631408691406250e+01
5.286557388305664062e+01
5.276837539672851562e+01
5.266543197631835938e+01
5.255614471435546875e+01
5.244087600708007812e+01
5.231992340087890625e+01
5.219383239746093750e+01
5.206306838989257812e+01
5.192746353149414062e+01
5.178721237182617188e+01
5.164157485961914062e+01
5.149023818969726562e+01
5.133284378051757812e+01
5.116968536376953125e+01
5.100048828125000000e+01
5.082491302490234375e+01
5.064320755004882812e+01
5.045637893676757812e+01
5.026460647583007812e+01
5.006880569458007812e+01
4.987046051025390625e+01
4.966998291015625000e+01
4.946834564208984375e+01
4.926549530029296875e+01
4.906173706054687500e+01
4.885711669921875000e+01
4.865131759643554688e+01
4.844440841674804688e+01
4.823597335815429688e+01
4.802590560913085938e+01
4.781458282470703125e+01
4.760117721557617188e+01
4.738572692871093750e+01
4.716852569580078125e+01
4.694967651367187500e+01
4.672859573364257812e+01
4.650460052490234375e+01
4.627832031250000000e+01
4.605008697509765625e+01
4.582021713256835938e+01
4.558818817138671875e+01
4.535260009765625000e+01
4.511365127563476562e+01
4.487129211425781250e+01
4.462646102905273438e+01
4.437946319580078125e+01
4.413053512573242188e+01
4.388037109375000000e+01
4.362954330444335938e+01
4.337929534912109375e+01
4.313022994995117188e+01
4.288220596313476562e+01
4.263465118408203125e+01
4.238805770874023438e+01
4.214268112182617188e+01
4.189896392822265625e+01
4.165644454956054688e+01
4.141421127319335938e+01
4.117261123657226562e+01
4.093215179443359375e+01
4.069222640991210938e+01
4.045306777954101562e+01
4.021417999267578125e+01
3.997611618041992188e+01
3.973847198486328125e+01
