6.190959930419921875e+01
6.176312637329101562e+01
6.161692047119140625e+01
6.147090148925781250e+01
6.132514190673828125e+01
6.117936325073242188e+01
6.103381347656250000e+01
6.088881301879882812e+01
6.074491119384765625e+01
6.060257339477539062e+01
6.046196746826171875e+01
6.032323837280273438e+01
6.018692398071289062e+01
6.005241775512695312e+01
5.991914367675781250e+01
5.978649520874023438e+01
5.965402984619140625e+01
5.952167510986328125e+01
5.938919830322265625e+01
5.925654983520507812e+01
5.912351226806640625e+01
5.899041748046875000e+01
5.885705184936523438e+01
5.872315597534179688e+01
5.858829498291015625e+01
5.845227050781250000e+01
5.831506729125976562e+01
5.817681121826171875e+01
5.803747558593750000e+01
5.789649200439453125e+01
5.775431823730468750e+01
5.761103820800781250e+01
5.746681213378906250e+01
5.732173919677734375e+01
5.717538070678710938e+01
5.702761077880859375e+01
5.687793731689453125e+01
5.672565460205078125e+01
5.657028579711914062e+01
5.641130447387695312e+01
5.624874877929687500e+01
5.608283615112304688e+01
5.591335678100585938e+01
5.574100112915039062e+01
5.556642532348632812e+01
5.538937377929687500e+01
5.521031188964843750e+01
5.503017044067382812e+01
5.484878158569335938e+01
5.466608810424804688e+01
5.448203659057617188e+01
5.429580688476562500e+01
5.410663604736328125e+01
5.391411209106445312e+01
5.371750640869140625e+01
5.351666259765625000e+01
5.331330490112304688e+01
5.310618591308593750e+01
5.289543914794921875e+01
5.268244552612304688e+01
5.246789550781250000e+01
5.225253295898437500e+01
5.203663253784179688e+01
5.181960678100585938e+01
5.160158538818359375e+01
5.138247680664062500e+01
5.116145324707031250e+01
5.093852615356445312e+01
5.071385955810546875e+01
5.048771667480468750e+01
5.025995635986328125e+01
5.003079223632812500e+01
4.980073928833007812e+01
4.956956481933593750e+01
4.933712005615234375e+01
4.910298156738281250e+01
4.886726760864257812e+01
4.862967681884765625e+01
4.839116287231445312e+01
4.815057373046875000e+01
4.790812683105468750e+01
4.766340637207031250e+01
4.741764831542968750e+01
4.717108917236328125e+01
4.692197036743164062e+01
4.667102050781250000e+01
4.641870117187500000e+01
4.616568756103515625e+01
4.591228866577148438e+01
4.565866851806640625e+01
4.540457534790039062e+01
4.514997482299804688e+01
4.489548492431640625e+01
4.464117431640625000e+01
4.438752365112304688e+01
4.413396835327148438e+01
4.388033676147460938e+01
4.362678146362304688e+01
4.337319564819335938e+01
4.312042999267578125e+01
