6.013106155395507812e+01
6.006037521362304688e+01
5.998843765258789062e+01
5.991642379760742188e+01
5.984478759765625000e+01
5.977356338500976562e+01
5.970216369628906250e+01
5.963016891479492188e+01
5.955687332153320312e+01
5.948210144042968750e+01
5.940540695190429688e+01
5.932657623291015625e+01
5.924626159667968750e+01
5.916463851928710938e+01
5.908143234252929688e+01
5.899651336669921875e+01
5.890964889526367188e+01
5.882137680053710938e+01
5.873177337646484375e+01
5.864038848876953125e+01
5.854691314697265625e+01
5.845211410522460938e+01
5.835585021972656250e+01
5.825882339477539062e+01
5.816102981567382812e+01
5.806211090087890625e+01
5.796171188354492188e+01
5.785960769653320312e+01
5.775550460815429688e+01
5.764870071411132812e+01
5.753905105590820312e+01
5.742621231079101562e+01
5.731006240844726562e+01
5.719015121459960938e+01
5.706684875488281250e+01
5.694031906127929688e+01
5.681093597412109375e+01
5.667907333374023438e+01
5.654491424560546875e+01
5.640870666503906250e+01
5.627064514160156250e+01
5.613055801391601562e+01
5.598881149291992188e+01
5.584541320800781250e+01
5.570036697387695312e+01
5.555346298217773438e+01
5.540483856201171875e+01
5.525457382202148438e+01
5.510274887084960938e+01
5.494865798950195312e+01
5.479209899902343750e+01
5.463219451904296875e+01
5.446831130981445312e+01
5.429918670654296875e+01
5.412283706665039062e+01
5.393902587890625000e+01
5.374748611450195312e+01
5.355009841918945312e+01
5.334687423706054688e+01
5.314052581787109375e+01
5.293017578125000000e+01
5.271860504150390625e+01
5.250638580322265625e+01
5.229298019409179688e+01
5.207826995849609375e+01
5.186245727539062500e+01
5.164485549926757812e+01
5.142366409301757812e+01
5.119906997680664062e+01
5.097160339355468750e+01
5.074023056030273438e+01
5.050398635864257812e+01
5.026303482055664062e+01
5.001911926269531250e+01
4.977256011962890625e+01
4.952355575561523438e+01
4.927222061157226562e+01
4.901921081542968750e+01
4.876560592651367188e+01
4.851171112060546875e+01
4.825823211669921875e+01
4.800372314453125000e+01
4.774784088134765625e+01
4.749031829833984375e+01
4.723126602172851562e+01
4.696883010864257812e+01
4.670328903198242188e+01
4.643485641479492188e+01
4.616440582275390625e+01
4.589147567749023438e+01
4.561788177490234375e+01
4.534293746948242188e+01
4.506707382202148438e+01
4.479102325439453125e+01
4.451471710205078125e+01
4.423724365234375000e+01
4.395920562744140625e+01
4.368039321899414062e+01
4.340077590942382812e+01
4.312020492553710938e+01
