6.348924255371093750e+01
6.334026718139648438e+01
6.319134902954101562e+01
6.304266357421875000e+01
6.289437484741210938e+01
6.274658584594726562e+01
6.259948730468750000e+01
6.245317459106445312e+01
6.230771255493164062e+01
6.216313934326171875e+01
6.201933670043945312e+01
6.187621307373046875e+01
6.173363876342773438e+01
6.159161758422851562e+01
6.145007324218750000e+01
6.130905151367187500e+01
6.116849899291992188e+01
6.102837371826171875e+01
6.088870620727539062e+01
6.074946975708007812e+01
6.061057662963867188e+01
6.047211837768554688e+01
6.033414840698242188e+01
6.019663238525390625e+01
6.005962371826171875e+01
5.992319488525390625e+01
5.978736114501953125e+01
5.965209960937500000e+01
5.951738739013671875e+01
5.938318252563476562e+01
5.924953079223632812e+01
5.911637496948242188e+01
5.898337554931640625e+01
5.885049819946289062e+01
5.871758270263671875e+01
5.858421707153320312e+01
5.845008087158203125e+01
5.831416320800781250e+01
5.817566299438476562e+01
5.803416061401367188e+01
5.788845062255859375e+01
5.773830032348632812e+01
5.758275604248046875e+01
5.742247390747070312e+01
5.725678253173828125e+01
5.708687973022460938e+01
5.691300582885742188e+01
5.673546218872070312e+01
5.655419921875000000e+01
5.637099838256835938e+01
5.618640136718750000e+01
5.600080108642578125e+01
5.581481170654296875e+01
5.562973785400390625e+01
5.544618606567382812e+01
5.526382446289062500e+01
5.508478927612304688e+01
5.490638732910156250e+01
5.472764205932617188e+01
5.455070114135742188e+01
5.437137985229492188e+01
5.418972396850585938e+01
5.400508880615234375e+01
5.381627655029296875e+01
5.362300109863281250e+01
5.342608261108398438e+01
5.322397613525390625e+01
5.301796340942382812e+01
5.280581283569335938e+01
5.259052658081054688e+01
5.237094879150390625e+01
5.214643096923828125e+01
5.191836547851562500e+01
5.168561172485351562e+01
5.144707489013671875e+01
5.120379257202148438e+01
5.095681381225585938e+01
5.070521545410156250e+01
5.045078659057617188e+01
5.019560623168945312e+01
4.994149017333984375e+01
4.968775177001953125e+01
4.943376159667968750e+01
4.918035507202148438e+01
4.892771911621093750e+01
4.867558288574218750e+01
4.842308425903320312e+01
4.817061233520507812e+01
4.791886138916015625e+01
4.766749572753906250e+01
4.741601181030273438e+01
4.716433334350585938e+01
4.691102600097656250e+01
4.665769958496093750e+01
4.640394210815429688e+01
4.615018844604492188e+01
4.589773559570312500e+01
4.564498901367187500e+01
4.539244842529296875e+01
4.514123916625976562e+01
