5.797228622436523438e+01
5.789960479736328125e+01
5.782529830932617188e+01
5.774988937377929688e+01
5.767343902587890625e+01
5.759630584716796875e+01
5.751922607421875000e+01
5.744241333007812500e+01
5.736603927612304688e+01
5.729024887084960938e+01
5.721493911743164062e+01
5.714006423950195312e+01
5.706552505493164062e+01
5.699127578735351562e+01
5.691707611083984375e+01
5.684295654296875000e+01
5.676877593994140625e+01
5.669461059570312500e+01
5.661998748779296875e+01
5.654479980468750000e+01
5.646833801269531250e+01
5.639050674438476562e+01
5.631048583984375000e+01
5.622790145874023438e+01
5.614260101318359375e+01
5.605500030517578125e+01
5.596442031860351562e+01
5.587123107910156250e+01
5.577606201171875000e+01
5.567935562133789062e+01
5.558100128173828125e+01
5.548104858398437500e+01
5.537956237792968750e+01
5.527711868286132812e+01
5.517367553710937500e+01
5.506829452514648438e+01
5.496110153198242188e+01
5.485137557983398438e+01
5.473883056640625000e+01
5.462261962890625000e+01
5.450202941894531250e+01
5.437711715698242188e+01
5.424736404418945312e+01
5.411271286010742188e+01
5.397369384765625000e+01
5.383070755004882812e+01
5.368308639526367188e+01
5.353176116943359375e+01
5.337717437744140625e+01
5.322066879272460938e+01
5.306171417236328125e+01
5.290043640136718750e+01
5.273734283447265625e+01
5.257333755493164062e+01
5.240775299072265625e+01
5.224077224731445312e+01
5.207175445556640625e+01
5.190100097656250000e+01
5.172929382324218750e+01
5.155665969848632812e+01
5.138182830810546875e+01
5.120635223388671875e+01
5.103187942504882812e+01
5.085749435424804688e+01
5.068387603759765625e+01
5.051052474975585938e+01
5.033704376220703125e+01
5.016404342651367188e+01
4.998998641967773438e+01
4.981490707397460938e+01
4.963777542114257812e+01
4.945823287963867188e+01
4.927487945556640625e+01
4.908728408813476562e+01
4.889630126953125000e+01
4.870188903808593750e+01
4.850341415405273438e+01
4.830117034912109375e+01
4.809771728515625000e+01
4.789353561401367188e+01
4.768882751464843750e+01
4.748419952392578125e+01
4.728116989135742188e+01
4.708075332641601562e+01
4.688340759277343750e+01
4.668857955932617188e+01
4.649728012084960938e+01
4.630880737304687500e+01
4.612200164794921875e+01
4.593603134155273438e+01
4.575146865844726562e+01
4.556822586059570312e+01
4.538437271118164062e+01
4.520016860961914062e+01
4.501679611206054688e+01
4.483319854736328125e+01
4.464832687377929688e+01
4.446189498901367188e+01
4.427315521240234375e+01
4.408174514770507812e+01
