6.496437835693359375e+01
6.475517272949218750e+01
6.454579925537109375e+01
6.433576202392578125e+01
6.412567138671875000e+01
6.391571426391601562e+01
6.370633697509765625e+01
6.349803924560546875e+01
6.329233169555664062e+01
6.308991241455078125e+01
6.288904953002929688e+01
6.268903732299804688e+01
6.248908233642578125e+01
6.228876113891601562e+01
6.208827590942382812e+01
6.188727569580078125e+01
6.168663787841796875e+01
6.148697662353515625e+01
6.128873062133789062e+01
6.109187316894531250e+01
6.089671325683593750e+01
6.070346069335937500e+01
6.051228713989257812e+01
6.032308578491210938e+01
6.013556289672851562e+01
5.994981384277343750e+01
5.976588821411132812e+01
5.958403778076171875e+01
5.940406417846679688e+01
5.922608184814453125e+01
5.904943847656250000e+01
5.887363815307617188e+01
5.869856262207031250e+01
5.852429962158203125e+01
5.835063934326171875e+01
5.817742538452148438e+01
5.800423812866210938e+01
5.783055114746093750e+01
5.765595626831054688e+01
5.748040771484375000e+01
5.730386352539062500e+01
5.712628936767578125e+01
5.694803619384765625e+01
5.676956176757812500e+01
5.659097671508789062e+01
5.641271209716796875e+01
5.623488235473632812e+01
5.605682373046875000e+01
5.587728881835937500e+01
5.569577407836914062e+01
5.551156234741210938e+01
5.532533645629882812e+01
5.513732528686523438e+01
5.494834899902343750e+01
5.475872421264648438e+01
5.456860733032226562e+01
5.437889862060546875e+01
5.419151306152343750e+01
5.400692367553710938e+01
5.382348632812500000e+01
5.364056396484375000e+01
5.345677566528320312e+01
5.327019500732421875e+01
5.307884979248046875e+01
5.288211822509765625e+01
5.267898178100585938e+01
5.246892547607421875e+01
5.225332641601562500e+01
5.203213882446289062e+01
5.180629348754882812e+01
5.157826995849609375e+01
5.134973526000976562e+01
5.112103652954101562e+01
5.089216613769531250e+01
5.066250610351562500e+01
5.043272018432617188e+01
5.020300674438476562e+01
4.997382736206054688e+01
4.974316787719726562e+01
4.951082611083984375e+01
4.927591323852539062e+01
4.903913116455078125e+01
4.879990768432617188e+01
4.855767440795898438e+01
4.831370925903320312e+01
4.806830215454101562e+01
4.782224655151367188e+01
4.757493591308593750e+01
4.732526397705078125e+01
4.707318878173828125e+01
4.681884765625000000e+01
4.656313705444335938e+01
4.630631256103515625e+01
4.604929733276367188e+01
4.579207611083984375e+01
4.553535079956054688e+01
4.527842330932617188e+01
4.502147674560546875e+01
4.476438522338867188e+01
4.450778579711914062e+01
