6.484860229492187500e+01
6.466597747802734375e+01
6.448604583740234375e+01
6.430923461914062500e+01
6.413654327392578125e+01
6.396808624267578125e+01
6.380311203002929688e+01
6.364158630371093750e+01
6.348289489746093750e+01
6.332621383666992188e+01
6.317134857177734375e+01
6.301751327514648438e+01
6.286453628540039062e+01
6.271238708496093750e+01
6.256108856201171875e+01
6.241106414794921875e+01
6.226259231567382812e+01
6.211548614501953125e+01
6.197011947631835938e+01
6.182634353637695312e+01
6.168450164794921875e+01
6.154442596435546875e+01
6.140564346313476562e+01
6.126763916015625000e+01
6.113029861450195312e+01
6.099349212646484375e+01
6.085652542114257812e+01
6.071902465820312500e+01
6.058081436157226562e+01
6.044219207763671875e+01
6.030298614501953125e+01
6.016334915161132812e+01
6.002332687377929688e+01
5.988266754150390625e+01
5.974120712280273438e+01
5.959871292114257812e+01
5.945520019531250000e+01
5.931046295166015625e+01
5.916460037231445312e+01
5.901760101318359375e+01
5.886940765380859375e+01
5.872002410888671875e+01
5.856991958618164062e+01
5.841903305053710938e+01
5.826737594604492188e+01
5.811518859863281250e+01
5.796244430541992188e+01
5.780906295776367188e+01
5.765525054931640625e+01
5.750141906738281250e+01
5.734757614135742188e+01
5.719401168823242188e+01
5.704121398925781250e+01
5.688904953002929688e+01
5.673709869384765625e+01
5.658421707153320312e+01
5.643007659912109375e+01
5.627291107177734375e+01
5.611025619506835938e+01
5.593971252441406250e+01
5.576176834106445312e+01
5.557630157470703125e+01
5.538489532470703125e+01
5.518896102905273438e+01
5.499015045166015625e+01
5.478933715820312500e+01
5.458609390258789062e+01
5.437858581542968750e+01
5.416685104370117188e+01
5.395055770874023438e+01
5.372933197021484375e+01
5.350292587280273438e+01
5.327245712280273438e+01
5.303830718994140625e+01
5.280141067504882812e+01
5.256261825561523438e+01
5.232237625122070312e+01
5.207973098754882812e+01
5.183450317382812500e+01
5.158702468872070312e+01
5.133770751953125000e+01
5.108644866943359375e+01
5.083298873901367188e+01
5.057637786865234375e+01
5.031763076782226562e+01
5.005728530883789062e+01
4.979448699951171875e+01
4.952997207641601562e+01
4.926412582397460938e+01
4.899745941162109375e+01
4.873045730590820312e+01
4.846367645263671875e+01
4.819744110107421875e+01
4.793235015869140625e+01
4.766806411743164062e+01
4.740454864501953125e+01
4.714172363281250000e+01
4.687974548339843750e+01
4.661927413940429688e+01
4.635984420776367188e+01
