6.787278747558593750e+01
6.776460266113281250e+01
6.765398406982421875e+01
6.754147338867187500e+01
6.742854309082031250e+01
6.731813049316406250e+01
6.721114349365234375e+01
6.710659790039062500e+01
6.700247955322265625e+01
6.689679718017578125e+01
6.678640747070312500e+01
6.666861724853515625e+01
6.654270935058593750e+01
6.640930938720703125e+01
6.627008819580078125e+01
6.612754821777343750e+01
6.598238372802734375e+01
6.583434295654296875e+01
6.568337249755859375e+01
6.553004455566406250e+01
6.537356567382812500e+01
6.521437835693359375e+01
6.505276489257812500e+01
6.488880920410156250e+01
6.472322082519531250e+01
6.455572509765625000e+01
6.438632965087890625e+01
6.421575164794921875e+01
6.404409027099609375e+01
6.387139892578125000e+01
6.369739532470703125e+01
6.352241134643554688e+01
6.334713745117187500e+01
6.317161178588867188e+01
6.299536132812500000e+01
6.281888198852539062e+01
6.264126205444335938e+01
6.246129226684570312e+01
6.227838134765625000e+01
6.209033584594726562e+01
6.189714431762695312e+01
6.169837570190429688e+01
6.149197387695312500e+01
6.127819442749023438e+01
6.105828094482421875e+01
6.083292388916015625e+01
6.060227966308593750e+01
6.036914825439453125e+01
6.013611221313476562e+01
5.990471267700195312e+01
5.967449951171875000e+01
5.944509506225585938e+01
5.921514892578125000e+01
5.898462677001953125e+01
5.875348663330078125e+01
5.852177047729492188e+01
5.828668212890625000e+01
5.804827499389648438e+01
5.780550003051757812e+01
5.755875015258789062e+01
5.730808639526367188e+01
5.705288696289062500e+01
5.679318237304687500e+01
5.652921295166015625e+01
5.626154327392578125e+01
5.599110794067382812e+01
5.571934890747070312e+01
5.544611740112304688e+01
5.517256164550781250e+01
5.489934539794921875e+01
5.462633132934570312e+01
5.435466384887695312e+01
5.408497619628906250e+01
5.381768798828125000e+01
5.355236434936523438e+01
5.328704833984375000e+01
5.302231216430664062e+01
5.275780105590820312e+01
5.249195480346679688e+01
5.222356033325195312e+01
5.195332336425781250e+01
5.168113708496093750e+01
5.140705108642578125e+01
5.113136291503906250e+01
5.085338592529296875e+01
5.057431793212890625e+01
5.029442977905273438e+01
5.001402282714843750e+01
4.973388671875000000e+01
4.945391082763671875e+01
4.917414855957031250e+01
4.889401245117187500e+01
4.861427307128906250e+01
4.833543777465820312e+01
4.805690765380859375e+01
4.777886962890625000e+01
4.750181961059570312e+01
4.722573852539062500e+01
4.695008850097656250e+01
4.667551803588867188e+01
