6.398181152343750000e+01
6.385472488403320312e+01
6.372975540161132812e+01
6.360659408569335938e+01
6.348497390747070312e+01
6.336511230468750000e+01
6.324724960327148438e+01
6.313192367553710938e+01
6.301938629150390625e+01
6.290982437133789062e+01
6.280327987670898438e+01
6.269988632202148438e+01
6.259989547729492188e+01
6.250267410278320312e+01
6.240815734863281250e+01
6.231623840332031250e+01
6.222676849365234375e+01
6.213948822021484375e+01
6.205381774902343750e+01
6.196917343139648438e+01
6.188488769531250000e+01
6.180017471313476562e+01
6.171418762207031250e+01
6.162566375732421875e+01
6.153349304199218750e+01
6.143769836425781250e+01
6.133732604980468750e+01
6.123268890380859375e+01
6.112419891357421875e+01
6.101242446899414062e+01
6.089723587036132812e+01
6.077967453002929688e+01
6.066016769409179688e+01
6.053878784179687500e+01
6.041571426391601562e+01
6.029068756103515625e+01
6.016313171386718750e+01
6.003279876708984375e+01
5.989894866943359375e+01
5.976073837280273438e+01
5.961722564697265625e+01
5.946807479858398438e+01
5.931269454956054688e+01
5.915025711059570312e+01
5.898241424560546875e+01
5.880889892578125000e+01
5.862978744506835938e+01
5.844699859619140625e+01
5.826118850708007812e+01
5.807191085815429688e+01
5.788146972656250000e+01
5.769010162353515625e+01
5.749931335449218750e+01
5.730888748168945312e+01
5.712078857421875000e+01
5.693362045288085938e+01
5.674733734130859375e+01
5.656286239624023438e+01
5.637989425659179688e+01
5.619711685180664062e+01
5.601385116577148438e+01
5.582918930053710938e+01
5.564146423339843750e+01
5.545101165771484375e+01
5.525838851928710938e+01
5.506207656860351562e+01
5.486188888549804688e+01
5.465778732299804688e+01
5.445013809204101562e+01
5.423924255371093750e+01
5.402559280395507812e+01
5.380847549438476562e+01
5.358897399902343750e+01
5.336797332763671875e+01
5.314541244506835938e+01
5.292150497436523438e+01
5.269661331176757812e+01
5.247088623046875000e+01
5.224337768554687500e+01
5.201404190063476562e+01
5.178335189819335938e+01
5.155073165893554688e+01
5.131693649291992188e+01
5.108088684082031250e+01
5.084261322021484375e+01
5.060285568237304688e+01
5.036040496826171875e+01
5.011574172973632812e+01
4.987205505371093750e+01
4.962707901000976562e+01
4.938078689575195312e+01
4.913400650024414062e+01
4.888677978515625000e+01
4.863993835449218750e+01
4.839384841918945312e+01
4.814797210693359375e+01
4.790190887451171875e+01
4.765536117553710938e+01
4.740863800048828125e+01
4.716110992431640625e+01
