6.116441726684570312e+01
6.111227416992187500e+01
6.106302642822265625e+01
6.101671981811523438e+01
6.097333908081054688e+01
6.093263626098632812e+01
6.089430618286132812e+01
6.085812377929687500e+01
6.082392501831054688e+01
6.079164505004882812e+01
6.076115036010742188e+01
6.073214340209960938e+01
6.070428848266601562e+01
6.067720794677734375e+01
6.065033721923828125e+01
6.062308883666992188e+01
6.059426879882812500e+01
6.056330108642578125e+01
6.052880096435546875e+01
6.048977661132812500e+01
6.044627380371093750e+01
6.039822006225585938e+01
6.034517669677734375e+01
6.028784942626953125e+01
6.022641754150390625e+01
6.016162490844726562e+01
6.009408569335937500e+01
6.002376174926757812e+01
5.995088195800781250e+01
5.987522506713867188e+01
5.979674911499023438e+01
5.971547317504882812e+01
5.963111114501953125e+01
5.954370117187500000e+01
5.945296096801757812e+01
5.935877609252929688e+01
5.926092529296875000e+01
5.915949249267578125e+01
5.905453872680664062e+01
5.894581985473632812e+01
5.883319473266601562e+01
5.871722412109375000e+01
5.859669494628906250e+01
5.847187423706054688e+01
5.834281921386718750e+01
5.820961380004882812e+01
5.807148742675781250e+01
5.792854309082031250e+01
5.778048706054687500e+01
5.762851333618164062e+01
5.747286224365234375e+01
5.731412506103515625e+01
5.715167617797851562e+01
5.698545455932617188e+01
5.681539535522460938e+01
5.664232635498046875e+01
5.646642684936523438e+01
5.628763580322265625e+01
5.610629272460937500e+01
5.592231369018554688e+01
5.573451232910156250e+01
5.554401397705078125e+01
5.535062408447265625e+01
5.515413284301757812e+01
5.495355606079101562e+01
5.474929809570312500e+01
5.454076766967773438e+01
5.432821273803710938e+01
5.411230087280273438e+01
5.389363861083984375e+01
5.367203140258789062e+01
5.344810485839843750e+01
5.322251129150390625e+01
5.299549865722656250e+01
5.276758575439453125e+01
5.253874969482421875e+01
5.230900573730468750e+01
5.207857131958007812e+01
5.184757995605468750e+01
5.161703491210937500e+01
5.138723754882812500e+01
5.115779876708984375e+01
5.092802429199218750e+01
5.069810485839843750e+01
5.046776199340820312e+01
5.023684310913085938e+01
5.000450134277343750e+01
4.977024841308593750e+01
4.953469467163085938e+01
4.929650497436523438e+01
4.905577850341796875e+01
4.881262588500976562e+01
4.856722259521484375e+01
4.832070541381835938e+01
4.807445526123046875e+01
4.782764434814453125e+01
4.758086395263671875e+01
4.733436584472656250e+01
4.708895492553710938e+01
4.684426498413085938e+01
