5.504016113281250000e+01
5.505847549438476562e+01
5.507001113891601562e+01
5.507381820678710938e+01
5.507239913940429688e+01
5.506748199462890625e+01
5.505854415893554688e+01
5.504516220092773438e+01
5.502601242065429688e+01
5.499895095825195312e+01
5.496315002441406250e+01
5.491949844360351562e+01
5.486883163452148438e+01
5.481073760986328125e+01
5.475061798095703125e+01
5.469068145751953125e+01
5.463111114501953125e+01
5.457181167602539062e+01
5.451299285888671875e+01
5.445481109619140625e+01
5.439711380004882812e+01
5.434019851684570312e+01
5.428411865234375000e+01
5.422900009155273438e+01
5.417466354370117188e+01
5.412103652954101562e+01
5.406831359863281250e+01
5.401616287231445312e+01
5.396438217163085938e+01
5.391268920898437500e+01
5.386043930053710938e+01
5.380735015869140625e+01
5.375262451171875000e+01
5.369565582275390625e+01
5.363534927368164062e+01
5.357117462158203125e+01
5.350413894653320312e+01
5.343500518798828125e+01
5.336358642578125000e+01
5.329163742065429688e+01
5.321846389770507812e+01
5.314355468750000000e+01
5.306601715087890625e+01
5.298762512207031250e+01
5.290887451171875000e+01
5.282888793945312500e+01
5.274696731567382812e+01
5.266270065307617188e+01
5.257534408569335938e+01
5.248500061035156250e+01
5.239141082763671875e+01
5.229399490356445312e+01
5.219178009033203125e+01
5.208482742309570312e+01
5.197299194335937500e+01
5.185581207275390625e+01
5.173453903198242188e+01
5.160829544067382812e+01
5.147618103027343750e+01
5.133951568603515625e+01
5.119874191284179688e+01
5.105448913574218750e+01
5.090623855590820312e+01
5.075411605834960938e+01
5.059899139404296875e+01
5.044054412841796875e+01
5.027873229980468750e+01
5.011419296264648438e+01
4.994162368774414062e+01
4.975736236572265625e+01
4.956402969360351562e+01
4.936757278442382812e+01
4.916757965087890625e+01
4.896516418457031250e+01
4.875954818725585938e+01
4.855243301391601562e+01
4.834344863891601562e+01
4.813233947753906250e+01
4.791997528076171875e+01
4.770608901977539062e+01
4.749081039428710938e+01
4.727396011352539062e+01
4.705591201782226562e+01
4.683736801147460938e+01
4.661738204956054688e+01
4.639601516723632812e+01
4.617354965209960938e+01
4.595103454589843750e+01
4.572845840454101562e+01
4.550545501708984375e+01
4.528181076049804688e+01
4.505758666992187500e+01
4.483297348022460938e+01
4.460787963867187500e+01
4.438240051269531250e+01
4.415655517578125000e+01
4.393068313598632812e+01
4.370498275756835938e+01
4.347921371459960938e+01
4.325351715087890625e+01
