6.165430068969726562e+01
6.139700698852539062e+01
6.114174270629882812e+01
6.088904953002929688e+01
6.063996124267578125e+01
6.039530181884765625e+01
6.015528869628906250e+01
5.991934967041015625e+01
5.968666076660156250e+01
5.945681381225585938e+01
5.922971343994140625e+01
5.900438690185546875e+01
5.878061294555664062e+01
5.855858612060546875e+01
5.833858871459960938e+01
5.812083816528320312e+01
5.790579986572265625e+01
5.769412994384765625e+01
5.748590087890625000e+01
5.728101730346679688e+01
5.707978820800781250e+01
5.688225555419921875e+01
5.668850708007812500e+01
5.649883270263671875e+01
5.631271362304687500e+01
5.612984848022460938e+01
5.595033645629882812e+01
5.577387619018554688e+01
5.560008621215820312e+01
5.542902374267578125e+01
5.526053619384765625e+01
5.509423828125000000e+01
5.492993164062500000e+01
5.476789474487304688e+01
5.460799407958984375e+01
5.444973754882812500e+01
5.429288864135742188e+01
5.413700485229492188e+01
5.398183822631835938e+01
5.382713699340820312e+01
5.367256164550781250e+01
5.351793289184570312e+01
5.336304855346679688e+01
5.320750808715820312e+01
5.305139923095703125e+01
5.289522552490234375e+01
5.273933792114257812e+01
5.258427047729492188e+01
5.242970657348632812e+01
5.227553176879882812e+01
5.212226104736328125e+01
5.196929931640625000e+01
5.181651687622070312e+01
5.166377639770507812e+01
5.150999069213867188e+01
5.135482025146484375e+01
5.119796752929687500e+01
5.103849792480468750e+01
5.087588882446289062e+01
5.071070861816406250e+01
5.054278182983398438e+01
5.037259674072265625e+01
5.020112609863281250e+01
5.002927017211914062e+01
4.985791778564453125e+01
4.968670654296875000e+01
4.951498794555664062e+01
4.934239959716796875e+01
4.916897201538085938e+01
4.899387359619140625e+01
4.881631469726562500e+01
4.863660049438476562e+01
4.845475387573242188e+01
4.827102661132812500e+01
4.808503341674804688e+01
4.789612579345703125e+01
4.770391845703125000e+01
4.750852203369140625e+01
4.730929183959960938e+01
4.710664749145507812e+01
4.689991760253906250e+01
4.668920135498046875e+01
4.647396850585937500e+01
4.625527954101562500e+01
4.603516006469726562e+01
4.581388092041015625e+01
4.559186553955078125e+01
4.537034988403320312e+01
4.515075302124023438e+01
4.493276214599609375e+01
4.471575164794921875e+01
4.449940872192382812e+01
4.428359222412109375e+01
4.406827545166015625e+01
4.385320663452148438e+01
4.363805389404296875e+01
4.342234039306640625e+01
4.320636749267578125e+01
4.298997497558593750e+01
4.277317047119140625e+01
