6.339350128173828125e+01
6.328730010986328125e+01
6.318174362182617188e+01
6.307712554931640625e+01
6.297371292114257812e+01
6.286998748779296875e+01
6.276563262939453125e+01
6.266036224365234375e+01
6.255350112915039062e+01
6.244581222534179688e+01
6.233808135986328125e+01
6.223050689697265625e+01
6.212319946289062500e+01
6.201543807983398438e+01
6.190644454956054688e+01
6.179581069946289062e+01
6.168331146240234375e+01
6.156939315795898438e+01
6.145368194580078125e+01
6.133665084838867188e+01
6.121844482421875000e+01
6.109920120239257812e+01
6.097888565063476562e+01
6.085756301879882812e+01
6.073561096191406250e+01
6.061285018920898438e+01
6.049002456665039062e+01
6.036706161499023438e+01
6.024397659301757812e+01
6.011993026733398438e+01
5.999435043334960938e+01
5.986663818359375000e+01
5.973570632934570312e+01
5.960173034667968750e+01
5.946386337280273438e+01
5.932235717773437500e+01
5.917633819580078125e+01
5.902531433105468750e+01
5.887080764770507812e+01
5.871355438232421875e+01
5.855391693115234375e+01
5.839248657226562500e+01
5.823016357421875000e+01
5.806654357910156250e+01
5.790159988403320312e+01
5.773396301269531250e+01
5.756258773803710938e+01
5.738674926757812500e+01
5.720562362670898438e+01
5.701859283447265625e+01
5.682500076293945312e+01
5.662464523315429688e+01
5.641878890991210938e+01
5.620854949951171875e+01
5.599480056762695312e+01
5.577893829345703125e+01
5.556217956542968750e+01
5.534534454345703125e+01
5.512984848022460938e+01
5.491536331176757812e+01
5.470152664184570312e+01
5.448958206176757812e+01
5.427807617187500000e+01
5.406752395629882812e+01
5.385895538330078125e+01
5.365107345581054688e+01
5.344322967529296875e+01
5.323567581176757812e+01
5.302783584594726562e+01
5.281792449951171875e+01
5.260466766357421875e+01
5.238842010498046875e+01
5.216771697998046875e+01
5.194317626953125000e+01
5.171456146240234375e+01
5.148077011108398438e+01
5.124252319335937500e+01
5.099852371215820312e+01
5.075060272216796875e+01
5.049993896484375000e+01
5.024679565429687500e+01
4.999144363403320312e+01
4.973463821411132812e+01
4.947792053222656250e+01
4.922256851196289062e+01
4.896750640869140625e+01
4.871388626098632812e+01
4.846123123168945312e+01
4.821045303344726562e+01
4.796120452880859375e+01
4.771214294433593750e+01
4.746377182006835938e+01
4.721558380126953125e+01
4.696789550781250000e+01
4.672167587280273438e+01
4.647743225097656250e+01
4.623525238037109375e+01
4.599402999877929688e+01
4.575354385375976562e+01
4.551498794555664062e+01
