7.159150695800781250e+01
7.143692016601562500e+01
7.128243255615234375e+01
7.112808227539062500e+01
7.097390747070312500e+01
7.081989288330078125e+01
7.066609954833984375e+01
7.051260375976562500e+01
7.035949707031250000e+01
7.020682525634765625e+01
7.005449676513671875e+01
6.990286254882812500e+01
6.975199890136718750e+01
6.960224914550781250e+01
6.945276641845703125e+01
6.930344390869140625e+01
6.915407562255859375e+01
6.900357055664062500e+01
6.885121154785156250e+01
6.869593811035156250e+01
6.853689575195312500e+01
6.837321472167968750e+01
6.820616912841796875e+01
6.803597259521484375e+01
6.786387634277343750e+01
6.769006347656250000e+01
6.751525115966796875e+01
6.733896636962890625e+01
6.716078948974609375e+01
6.697943878173828125e+01
6.679266357421875000e+01
6.660019683837890625e+01
6.640052032470703125e+01
6.619168853759765625e+01
6.597138214111328125e+01
6.573918914794921875e+01
6.549520111083984375e+01
6.524021148681640625e+01
6.497454833984375000e+01
6.469915771484375000e+01
6.441548156738281250e+01
6.412377929687500000e+01
6.382675552368164062e+01
6.352247238159179688e+01
6.321222305297851562e+01
6.289561080932617188e+01
6.257219314575195312e+01
6.224230957031250000e+01
6.190636062622070312e+01
6.156454849243164062e+01
6.121866607666015625e+01
6.086845016479492188e+01
6.051448440551757812e+01
6.015749740600585938e+01
5.979761123657226562e+01
5.943631744384765625e+01
5.907297897338867188e+01
5.870956039428710938e+01
5.834506225585937500e+01
5.797990036010742188e+01
5.761556243896484375e+01
5.725147247314453125e+01
5.688632202148437500e+01
5.652008438110351562e+01
5.615297317504882812e+01
5.578421020507812500e+01
5.541167831420898438e+01
5.503506851196289062e+01
5.465422821044921875e+01
5.426878738403320312e+01
5.387967300415039062e+01
5.348907470703125000e+01
5.309623718261718750e+01
5.270207977294921875e+01
5.230717468261718750e+01
5.191114044189453125e+01
5.151435470581054688e+01
5.111812591552734375e+01
5.072165679931640625e+01
5.032431793212890625e+01
4.992631149291992188e+01
4.952605056762695312e+01
4.912349319458007812e+01
4.871749877929687500e+01
4.830898666381835938e+01
4.789817428588867188e+01
4.748475646972656250e+01
4.706846618652343750e+01
4.665124130249023438e+01
4.623291015625000000e+01
4.581340026855468750e+01
4.539345550537109375e+01
4.497315216064453125e+01
4.455251312255859375e+01
4.413153457641601562e+01
4.371086120605468750e+01
4.329067230224609375e+01
4.287115478515625000e+01
4.245310211181640625e+01
4.203719329833984375e+01
