7.314062500000000000e+01
7.279257202148437500e+01
7.244960784912109375e+01
7.211173248291015625e+01
7.177880096435546875e+01
7.145081329345703125e+01
7.112767791748046875e+01
7.080925750732421875e+01
7.049542236328125000e+01
7.018598937988281250e+01
6.988076782226562500e+01
6.957955169677734375e+01
6.928208923339843750e+01
6.898808288574218750e+01
6.869730377197265625e+01
6.840972137451171875e+01
6.812525939941406250e+01
6.784391021728515625e+01
6.756590270996093750e+01
6.729124450683593750e+01
6.702004241943359375e+01
6.675225067138671875e+01
6.648764038085937500e+01
6.622621154785156250e+01
6.596829986572265625e+01
6.571385192871093750e+01
6.546275329589843750e+01
6.521453857421875000e+01
6.496846008300781250e+01
6.472343444824218750e+01
6.447822570800781250e+01
6.423065185546875000e+01
6.397846221923828125e+01
6.372064971923828125e+01
6.345709228515625000e+01
6.318949890136718750e+01
6.291886138916015625e+01
6.264717483520507812e+01
6.237598419189453125e+01
6.210750961303710938e+01
6.184277343750000000e+01
6.158124923706054688e+01
6.132278442382812500e+01
6.106544113159179688e+01
6.080780029296875000e+01
6.054759216308593750e+01
6.028141021728515625e+01
6.000650024414062500e+01
5.972245407104492188e+01
5.942860031127929688e+01
5.912542343139648438e+01
5.881438064575195312e+01
5.849682235717773438e+01
5.817549896240234375e+01
5.785243606567382812e+01
5.752847290039062500e+01
5.720484924316406250e+01
5.688159179687500000e+01
5.655760955810546875e+01
5.623289108276367188e+01
5.590804290771484375e+01
5.558112335205078125e+01
5.525013732910156250e+01
5.491781234741210938e+01
5.458198165893554688e+01
5.424205398559570312e+01
5.389681243896484375e+01
5.354621887207031250e+01
5.319061279296875000e+01
5.282954788208007812e+01
5.246429061889648438e+01
5.209612274169921875e+01
5.172549057006835938e+01
5.135084152221679688e+01
5.097485351562500000e+01
5.059601593017578125e+01
5.021635055541992188e+01
4.983481597900390625e+01
4.945393753051757812e+01
4.907396697998046875e+01
4.869400787353515625e+01
4.831272888183593750e+01
4.793096923828125000e+01
4.754948043823242188e+01
4.716833496093750000e+01
4.678696823120117188e+01
4.640432357788085938e+01
4.602093124389648438e+01
4.563711547851562500e+01
4.525352859497070312e+01
4.487041854858398438e+01
4.448652267456054688e+01
4.410253143310546875e+01
4.371996307373046875e+01
4.333784484863281250e+01
4.295733642578125000e+01
4.257833862304687500e+01
4.220254135131835938e+01
4.182940673828125000e+01
4.145900726318359375e+01
