6.706571197509765625e+01
6.692418670654296875e+01
6.678772735595703125e+01
6.665711975097656250e+01
6.653225708007812500e+01
6.641238403320312500e+01
6.629730987548828125e+01
6.618701171875000000e+01
6.608110809326171875e+01
6.597985076904296875e+01
6.588389587402343750e+01
6.579336547851562500e+01
6.570825195312500000e+01
6.562670898437500000e+01
6.554764556884765625e+01
6.546823120117187500e+01
6.538497161865234375e+01
6.529492187500000000e+01
6.519815826416015625e+01
6.509230804443359375e+01
6.498118591308593750e+01
6.486211395263671875e+01
6.473618316650390625e+01
6.460920715332031250e+01
6.448674774169921875e+01
6.436922454833984375e+01
6.425593566894531250e+01
6.414311218261718750e+01
6.402278137207031250e+01
6.389665985107421875e+01
6.376139831542968750e+01
6.361656188964843750e+01
6.346059036254882812e+01
6.328934860229492188e+01
6.310076904296875000e+01
6.289608764648437500e+01
6.267687225341796875e+01
6.244239807128906250e+01
6.219561004638671875e+01
6.194084930419921875e+01
6.168050384521484375e+01
6.141415405273437500e+01
6.114169692993164062e+01
6.086727905273437500e+01
6.058843612670898438e+01
6.030849838256835938e+01
6.002984237670898438e+01
5.974967956542968750e+01
5.946807479858398438e+01
5.918714904785156250e+01
5.890538787841796875e+01
5.862412261962890625e+01
5.834257507324218750e+01
5.805776214599609375e+01
5.776968002319335938e+01
5.747656250000000000e+01
5.717605972290039062e+01
5.686647415161132812e+01
5.654946899414062500e+01
5.622754287719726562e+01
5.590327453613281250e+01
5.557722854614257812e+01
5.524879837036132812e+01
5.491807937622070312e+01
5.458695983886718750e+01
5.425524902343750000e+01
5.392126083374023438e+01
5.358337402343750000e+01
5.324137878417968750e+01
5.289446258544921875e+01
5.254195022583007812e+01
5.218480682373046875e+01
5.182219314575195312e+01
5.145405960083007812e+01
5.108055496215820312e+01
5.070138931274414062e+01
5.031722259521484375e+01
4.992572021484375000e+01
4.953030014038085938e+01
4.913246154785156250e+01
4.873209381103515625e+01
4.832862854003906250e+01
4.792346191406250000e+01
4.751910400390625000e+01
4.711466979980468750e+01
4.670920944213867188e+01
4.630396270751953125e+01
4.590030670166015625e+01
4.549768066406250000e+01
4.509560012817382812e+01
4.469585800170898438e+01
4.429605484008789062e+01
4.389589309692382812e+01
4.349609756469726562e+01
4.309679794311523438e+01
4.269845962524414062e+01
4.230170440673828125e+01
4.190695190429687500e+01
4.151512908935546875e+01
4.112545776367187500e+01
