7.407408905029296875e+01
7.395932006835937500e+01
7.383992004394531250e+01
7.371609497070312500e+01
7.358778381347656250e+01
7.345555114746093750e+01
7.331909179687500000e+01
7.317841339111328125e+01
7.303324890136718750e+01
7.288375091552734375e+01
7.273054504394531250e+01
7.257398223876953125e+01
7.241445159912109375e+01
7.225187683105468750e+01
7.208680725097656250e+01
7.191905975341796875e+01
7.174837493896484375e+01
7.157405853271484375e+01
7.139562225341796875e+01
7.121197509765625000e+01
7.102207183837890625e+01
7.082568359375000000e+01
7.062345886230468750e+01
7.041551971435546875e+01
7.020167541503906250e+01
6.998130035400390625e+01
6.975562286376953125e+01
6.952503204345703125e+01
6.929113006591796875e+01
6.905436706542968750e+01
6.881575775146484375e+01
6.857542419433593750e+01
6.833442687988281250e+01
6.809382629394531250e+01
6.785243988037109375e+01
6.760378265380859375e+01
6.734099578857421875e+01
6.706613922119140625e+01
6.678232574462890625e+01
6.648776245117187500e+01
6.617550659179687500e+01
6.584038543701171875e+01
6.548237609863281250e+01
6.510918426513671875e+01
6.473156738281250000e+01
6.434970092773437500e+01
6.396340942382812500e+01
6.357320022583007812e+01
6.317891693115234375e+01
6.278160476684570312e+01
6.238212203979492188e+01
6.198019790649414062e+01
6.157673645019531250e+01
6.117111206054687500e+01
6.076332473754882812e+01
6.035230636596679688e+01
5.993924331665039062e+01
5.952605438232421875e+01
5.911265945434570312e+01
5.869932174682617188e+01
5.828737258911132812e+01
5.787723541259765625e+01
5.746831893920898438e+01
5.706064987182617188e+01
5.665382385253906250e+01
5.624705505371093750e+01
5.583967208862304688e+01
5.543088531494140625e+01
5.501964950561523438e+01
5.460369873046875000e+01
5.418272399902343750e+01
5.375753784179687500e+01
5.332798767089843750e+01
5.289533615112304688e+01
5.246084976196289062e+01
5.202551651000976562e+01
5.158875656127929688e+01
5.115279388427734375e+01
5.071802520751953125e+01
5.028374099731445312e+01
4.984996795654296875e+01
4.941838073730468750e+01
4.898889541625976562e+01
4.856130981445312500e+01
4.813606262207031250e+01
4.771307754516601562e+01
4.729194259643554688e+01
4.687282943725585938e+01
4.645590209960937500e+01
4.604100036621093750e+01
4.562752532958984375e+01
4.521496200561523438e+01
4.480299377441406250e+01
4.439204025268554688e+01
4.398273086547851562e+01
4.357477951049804688e+01
4.316790390014648438e+01
4.276319122314453125e+01
4.236039733886718750e+01
4.195964813232421875e+01
