6.904442596435546875e+01
6.888803863525390625e+01
6.873091888427734375e+01
6.857315826416015625e+01
6.841459655761718750e+01
6.825900268554687500e+01
6.810668945312500000e+01
6.795374298095703125e+01
6.780030822753906250e+01
6.764636993408203125e+01
6.749195098876953125e+01
6.733722686767578125e+01
6.718228912353515625e+01
6.702713012695312500e+01
6.687177276611328125e+01
6.671607208251953125e+01
6.655982208251953125e+01
6.640316772460937500e+01
6.624612426757812500e+01
6.608841705322265625e+01
6.592988586425781250e+01
6.577046966552734375e+01
6.561008453369140625e+01
6.544878387451171875e+01
6.528649139404296875e+01
6.512337493896484375e+01
6.495823669433593750e+01
6.478896331787109375e+01
6.461549377441406250e+01
6.443814849853515625e+01
6.425508880615234375e+01
6.406552886962890625e+01
6.386878585815429688e+01
6.366395950317382812e+01
6.345102310180664062e+01
6.323199844360351562e+01
6.300936126708984375e+01
6.278337478637695312e+01
6.255627441406250000e+01
6.232792282104492188e+01
6.209662246704101562e+01
6.186286544799804688e+01
6.162673568725585938e+01
6.138582229614257812e+01
6.113746261596679688e+01
6.088143157958984375e+01
6.061565017700195312e+01
6.034066772460937500e+01
6.005465316772460938e+01
5.975677490234375000e+01
5.944813537597656250e+01
5.912887191772460938e+01
5.879748535156250000e+01
5.845763778686523438e+01
5.811259841918945312e+01
5.776154708862304688e+01
5.740528106689453125e+01
5.704578018188476562e+01
5.668568038940429688e+01
5.632641220092773438e+01
5.596958160400390625e+01
5.561412811279296875e+01
5.525860977172851562e+01
5.490423583984375000e+01
5.455062866210937500e+01
5.419637298583984375e+01
5.384047317504882812e+01
5.348142242431640625e+01
5.311820983886718750e+01
5.275096893310546875e+01
5.237932968139648438e+01
5.200245666503906250e+01
5.162011337280273438e+01
5.123229980468750000e+01
5.084076309204101562e+01
5.044680023193359375e+01
5.005114746093750000e+01
4.965629196166992188e+01
4.926199340820312500e+01
4.886788558959960938e+01
4.847497940063476562e+01
4.808003234863281250e+01
4.768687438964843750e+01
4.729585647583007812e+01
4.690592193603515625e+01
4.651540756225585938e+01
4.612528991699218750e+01
4.573477554321289062e+01
4.534366989135742188e+01
4.495288467407226562e+01
4.456305313110351562e+01
4.417305374145507812e+01
4.378417205810546875e+01
4.339698028564453125e+01
4.301149749755859375e+01
4.262824249267578125e+01
4.224785995483398438e+01
4.187119293212890625e+01
4.149961090087890625e+01
4.113325119018554688e+01
