6.602742004394531250e+01
6.595126342773437500e+01
6.587455749511718750e+01
6.579740905761718750e+01
6.571994781494140625e+01
6.564221191406250000e+01
6.556420135498046875e+01
6.548587036132812500e+01
6.540698242187500000e+01
6.532733917236328125e+01
6.524663543701171875e+01
6.516464233398437500e+01
6.508116149902343750e+01
6.499589538574218750e+01
6.490869903564453125e+01
6.481944274902343750e+01
6.472768402099609375e+01
6.463309478759765625e+01
6.453505706787109375e+01
6.443286132812500000e+01
6.432578277587890625e+01
6.421302032470703125e+01
6.409406280517578125e+01
6.396876525878906250e+01
6.383743667602539062e+01
6.370079803466796875e+01
6.355945968627929688e+01
6.341493606567382812e+01
6.326847839355468750e+01
6.312159729003906250e+01
6.297515487670898438e+01
6.282916259765625000e+01
6.268357467651367188e+01
6.253730010986328125e+01
6.238743591308593750e+01
6.223101806640625000e+01
6.206621170043945312e+01
6.189067840576171875e+01
6.170190429687500000e+01
6.150072479248046875e+01
6.128944778442382812e+01
6.107004928588867188e+01
6.084450912475585938e+01
6.061403656005859375e+01
6.038116073608398438e+01
6.014875030517578125e+01
5.991781616210937500e+01
5.968853759765625000e+01
5.945920562744140625e+01
5.922618484497070312e+01
5.898675918579101562e+01
5.873749923706054688e+01
5.847746276855468750e+01
5.820457458496093750e+01
5.791762542724609375e+01
5.761734771728515625e+01
5.730604934692382812e+01
5.698537826538085938e+01
5.665752792358398438e+01
5.632286071777343750e+01
5.598423767089843750e+01
5.564456558227539062e+01
5.530313110351562500e+01
5.496111297607421875e+01
5.461967468261718750e+01
5.427950668334960938e+01
5.393939971923828125e+01
5.359808731079101562e+01
5.325467300415039062e+01
5.290792465209960938e+01
5.255821228027343750e+01
5.220460128784179688e+01
5.184675979614257812e+01
5.148498535156250000e+01
5.112058639526367188e+01
5.075263977050781250e+01
5.038162231445312500e+01
5.000844955444335938e+01
4.963379287719726562e+01
4.925815963745117188e+01
4.888111877441406250e+01
4.850264358520507812e+01
4.812220001220703125e+01
4.774024581909179688e+01
4.735679244995117188e+01
4.697360992431640625e+01
4.659003067016601562e+01
4.620611190795898438e+01
4.582223129272460938e+01
4.543766021728515625e+01
4.505330657958984375e+01
4.466867828369140625e+01
4.428356933593750000e+01
4.389697265625000000e+01
4.351066207885742188e+01
4.312410354614257812e+01
4.273690414428710938e+01
4.235141372680664062e+01
4.196735382080078125e+01
4.158599853515625000e+01
