6.792713928222656250e+01
6.780936431884765625e+01
6.769255828857421875e+01
6.757681274414062500e+01
6.746223449707031250e+01
6.734885406494140625e+01
6.723651123046875000e+01
6.712521362304687500e+01
6.701498413085937500e+01
6.690573883056640625e+01
6.679749298095703125e+01
6.669023895263671875e+01
6.658390045166015625e+01
6.647812652587890625e+01
6.637257385253906250e+01
6.626615905761718750e+01
6.615758514404296875e+01
6.604611968994140625e+01
6.593048858642578125e+01
6.580921173095703125e+01
6.568145751953125000e+01
6.554809570312500000e+01
6.540874481201171875e+01
6.526448059082031250e+01
6.511712646484375000e+01
6.496640014648437500e+01
6.481310272216796875e+01
6.465667724609375000e+01
6.449731445312500000e+01
6.433502197265625000e+01
6.416925811767578125e+01
6.399849319458007812e+01
6.382003402709960938e+01
6.363227844238281250e+01
6.343495941162109375e+01
6.322903442382812500e+01
6.301499176025390625e+01
6.279324722290039062e+01
6.256268692016601562e+01
6.232454681396484375e+01
6.207913589477539062e+01
6.182706069946289062e+01
6.156968688964843750e+01
6.130620956420898438e+01
6.103703689575195312e+01
6.076313018798828125e+01
6.048469924926757812e+01
6.020211029052734375e+01
5.991472244262695312e+01
5.962258148193359375e+01
5.932533645629882812e+01
5.902220916748046875e+01
5.871196746826171875e+01
5.839432907104492188e+01
5.807004928588867188e+01
5.773987197875976562e+01
5.740553665161132812e+01
5.706667327880859375e+01
5.672581863403320312e+01
5.638447952270507812e+01
5.604428482055664062e+01
5.570508575439453125e+01
5.536711120605468750e+01
5.502938461303710938e+01
5.469069290161132812e+01
5.435047531127929688e+01
5.400746917724609375e+01
5.366098785400390625e+01
5.330830383300781250e+01
5.294997406005859375e+01
5.258857345581054688e+01
5.222542572021484375e+01
5.185835647583007812e+01
5.148966598510742188e+01
5.111936187744140625e+01
5.074856185913085938e+01
5.037673568725585938e+01
5.000487518310546875e+01
4.963389205932617188e+01
4.926313018798828125e+01
4.889122009277343750e+01
4.851842880249023438e+01
4.814451599121093750e+01
4.776824951171875000e+01
4.738812637329101562e+01
4.700407028198242188e+01
4.661705398559570312e+01
4.622757339477539062e+01
4.583611679077148438e+01
4.544256210327148438e+01
4.504746246337890625e+01
4.465022659301757812e+01
4.425185775756835938e+01
4.385295486450195312e+01
4.345408630371093750e+01
4.305527877807617188e+01
4.265729141235351562e+01
4.226121902465820312e+01
4.186669158935546875e+01
4.147270965576171875e+01
