7.586017608642578125e+01
7.556873321533203125e+01
7.528174591064453125e+01
7.499925994873046875e+01
7.472099304199218750e+01
7.444670867919921875e+01
7.417622375488281250e+01
7.390946960449218750e+01
7.364633941650390625e+01
7.338609313964843750e+01
7.312742614746093750e+01
7.286958312988281250e+01
7.261172485351562500e+01
7.235260772705078125e+01
7.209109497070312500e+01
7.182702636718750000e+01
7.156060791015625000e+01
7.129186248779296875e+01
7.102104949951171875e+01
7.074944305419921875e+01
7.047677612304687500e+01
7.020328521728515625e+01
6.992894744873046875e+01
6.965309143066406250e+01
6.937483215332031250e+01
6.909323883056640625e+01
6.880725097656250000e+01
6.851580810546875000e+01
6.821875762939453125e+01
6.791649627685546875e+01
6.760990142822265625e+01
6.729949951171875000e+01
6.698561859130859375e+01
6.666871643066406250e+01
6.634973907470703125e+01
6.602933502197265625e+01
6.570755004882812500e+01
6.538459014892578125e+01
6.506044769287109375e+01
6.473574829101562500e+01
6.440999603271484375e+01
6.408417510986328125e+01
6.375859832763671875e+01
6.343342208862304688e+01
6.310902404785156250e+01
6.278448104858398438e+01
6.245862960815429688e+01
6.213057327270507812e+01
6.179802322387695312e+01
6.145967483520507812e+01
6.111342239379882812e+01
6.075881195068359375e+01
6.039542388916015625e+01
6.002416229248046875e+01
5.964723587036132812e+01
5.926638412475585938e+01
5.888262939453125000e+01
5.849765014648437500e+01
5.811330032348632812e+01
5.772999954223632812e+01
5.734798431396484375e+01
5.696611785888671875e+01
5.658429718017578125e+01
5.620142364501953125e+01
5.581813049316406250e+01
5.543348693847656250e+01
5.504748153686523438e+01
5.465986251831054688e+01
5.427133560180664062e+01
5.388308715820312500e+01
5.349465560913085938e+01
5.310593795776367188e+01
5.271571731567382812e+01
5.232231903076171875e+01
5.192443466186523438e+01
5.152144622802734375e+01
5.111392211914062500e+01
5.070282363891601562e+01
5.028894805908203125e+01
4.987358093261718750e+01
4.945705413818359375e+01
4.904003143310546875e+01
4.862349319458007812e+01
4.820551300048828125e+01
4.778738784790039062e+01
4.736850738525390625e+01
4.694987106323242188e+01
4.653125762939453125e+01
4.611160659790039062e+01
4.569204330444335938e+01
4.527239227294921875e+01
4.485356903076171875e+01
4.443670654296875000e+01
4.402148818969726562e+01
4.360819244384765625e+01
4.319705963134765625e+01
4.278753662109375000e+01
4.237932586669921875e+01
4.197383499145507812e+01
4.156995391845703125e+01
