7.401739501953125000e+01
7.369399261474609375e+01
7.337195587158203125e+01
7.305155181884765625e+01
7.273289489746093750e+01
7.241652679443359375e+01
7.210297393798828125e+01
7.179248809814453125e+01
7.148503112792968750e+01
7.118055725097656250e+01
7.087912750244140625e+01
7.058059692382812500e+01
7.028509521484375000e+01
6.999293518066406250e+01
6.970423889160156250e+01
6.941877746582031250e+01
6.913658905029296875e+01
6.885752868652343750e+01
6.858169555664062500e+01
6.830909729003906250e+01
6.803991699218750000e+01
6.777423858642578125e+01
6.751190185546875000e+01
6.725284576416015625e+01
6.699688720703125000e+01
6.674333953857421875e+01
6.649115753173828125e+01
6.623947906494140625e+01
6.598730468750000000e+01
6.573404693603515625e+01
6.547827148437500000e+01
6.521916961669921875e+01
6.495680999755859375e+01
6.469126129150390625e+01
6.442330932617187500e+01
6.415309143066406250e+01
6.388068771362304688e+01
6.360285949707031250e+01
6.332188415527343750e+01
6.304078674316406250e+01
6.276075363159179688e+01
6.248245620727539062e+01
6.220417785644531250e+01
6.192558670043945312e+01
6.164662170410156250e+01
6.136576080322265625e+01
6.108203506469726562e+01
6.079523086547851562e+01
6.050468444824218750e+01
6.020803451538085938e+01
5.989968109130859375e+01
5.957416152954101562e+01
5.923541259765625000e+01
5.888875961303710938e+01
5.853546905517578125e+01
5.817711639404296875e+01
5.781655502319335938e+01
5.745489120483398438e+01
5.709259796142578125e+01
5.673110580444335938e+01
5.637022399902343750e+01
5.601072311401367188e+01
5.565271759033203125e+01
5.529602813720703125e+01
5.494111251831054688e+01
5.458787536621093750e+01
5.423580551147460938e+01
5.388563537597656250e+01
5.353649902343750000e+01
5.318853759765625000e+01
5.284009933471679688e+01
5.249065399169921875e+01
5.213743209838867188e+01
5.177975463867187500e+01
5.141636657714843750e+01
5.104753112792968750e+01
5.067449188232421875e+01
5.029778289794921875e+01
4.991957855224609375e+01
4.953783798217773438e+01
4.915464782714843750e+01
4.876953887939453125e+01
4.838356399536132812e+01
4.799647521972656250e+01
4.760759353637695312e+01
4.721701812744140625e+01
4.682486343383789062e+01
4.643255996704101562e+01
4.603949356079101562e+01
4.564557266235351562e+01
4.525161743164062500e+01
4.485875320434570312e+01
4.446593093872070312e+01
4.407296752929687500e+01
4.368006896972656250e+01
4.328742218017578125e+01
4.289584732055664062e+01
4.250504684448242188e+01
4.211503601074218750e+01
4.172484207153320312e+01
