7.106387329101562500e+01
7.088140106201171875e+01
7.069946289062500000e+01
7.051828765869140625e+01
7.033789825439453125e+01
7.015831756591796875e+01
6.997948455810546875e+01
6.980148315429687500e+01
6.962435150146484375e+01
6.944826507568359375e+01
6.927330017089843750e+01
6.909966278076171875e+01
6.892763519287109375e+01
6.875711822509765625e+01
6.858811187744140625e+01
6.842063903808593750e+01
6.825437164306640625e+01
6.808932495117187500e+01
6.792519378662109375e+01
6.776171112060546875e+01
6.759797668457031250e+01
6.743264007568359375e+01
6.726482391357421875e+01
6.709443664550781250e+01
6.692063903808593750e+01
6.674353790283203125e+01
6.656234741210937500e+01
6.637732696533203125e+01
6.618782043457031250e+01
6.599295806884765625e+01
6.579259490966796875e+01
6.558812713623046875e+01
6.537936401367187500e+01
6.516637420654296875e+01
6.494877624511718750e+01
6.472759246826171875e+01
6.450242614746093750e+01
6.427359771728515625e+01
6.404096221923828125e+01
6.380411529541015625e+01
6.356310653686523438e+01
6.331740951538085938e+01
6.306634140014648438e+01
6.281045913696289062e+01
6.253834915161132812e+01
6.224694824218750000e+01
6.194486236572265625e+01
6.163307189941406250e+01
6.131090927124023438e+01
6.097862243652343750e+01
6.063805007934570312e+01
6.029064178466796875e+01
5.993794250488281250e+01
5.958143615722656250e+01
5.922328567504882812e+01
5.886404800415039062e+01
5.850363540649414062e+01
5.814249801635742188e+01
5.778122329711914062e+01
5.742115020751953125e+01
5.706144714355468750e+01
5.670096206665039062e+01
5.633923721313476562e+01
5.597678756713867188e+01
5.561254882812500000e+01
5.524605560302734375e+01
5.487714385986328125e+01
5.450587844848632812e+01
5.413327407836914062e+01
5.376087188720703125e+01
5.338723754882812500e+01
5.300907516479492188e+01
5.262776184082031250e+01
5.224672698974609375e+01
5.186534118652343750e+01
5.148310852050781250e+01
5.110070419311523438e+01
5.071674728393554688e+01
5.033039474487304688e+01
4.994158172607421875e+01
4.954955673217773438e+01
4.915367507934570312e+01
4.875472259521484375e+01
4.835299682617187500e+01
4.794858932495117188e+01
4.754139709472656250e+01
4.713252258300781250e+01
4.672307586669921875e+01
4.631329727172851562e+01
4.590326690673828125e+01
4.549334716796875000e+01
4.508358764648437500e+01
4.467488098144531250e+01
4.426765441894531250e+01
4.386120605468750000e+01
4.345635986328125000e+01
4.305416488647460938e+01
4.265454864501953125e+01
4.225779724121093750e+01
4.186318206787109375e+01
