6.991786193847656250e+01
6.989430999755859375e+01
6.987120819091796875e+01
6.984810638427734375e+01
6.982450103759765625e+01
6.980007171630859375e+01
6.977427673339843750e+01
6.974702453613281250e+01
6.971849822998046875e+01
6.968881988525390625e+01
6.965819549560546875e+01
6.962638854980468750e+01
6.959387207031250000e+01
6.956072235107421875e+01
6.952766418457031250e+01
6.949462127685546875e+01
6.946141052246093750e+01
6.942798614501953125e+01
6.939391326904296875e+01
6.935995483398437500e+01
6.932486724853515625e+01
6.928403472900390625e+01
6.922544097900390625e+01
6.914270782470703125e+01
6.904484558105468750e+01
6.893567657470703125e+01
6.881761169433593750e+01
6.869046020507812500e+01
6.855258178710937500e+01
6.840374755859375000e+01
6.824154663085937500e+01
6.806491088867187500e+01
6.787499237060546875e+01
6.767233276367187500e+01
6.745680999755859375e+01
6.722878265380859375e+01
6.698895263671875000e+01
6.673658752441406250e+01
6.647262573242187500e+01
6.619799804687500000e+01
6.591308593750000000e+01
6.561885070800781250e+01
6.531686401367187500e+01
6.500854492187500000e+01
6.469377136230468750e+01
6.437338256835937500e+01
6.404840087890625000e+01
6.371943664550781250e+01
6.338724899291992188e+01
6.304927825927734375e+01
6.270568466186523438e+01
6.235686111450195312e+01
6.200304031372070312e+01
6.164384841918945312e+01
6.127942276000976562e+01
6.091017913818359375e+01
6.053612518310546875e+01
6.015737915039062500e+01
5.977182388305664062e+01
5.938022232055664062e+01
5.898477172851562500e+01
5.858684921264648438e+01
5.818632507324218750e+01
5.778191757202148438e+01
5.737321090698242188e+01
5.695950317382812500e+01
5.654094696044921875e+01
5.611637878417968750e+01
5.568563461303710938e+01
5.524961090087890625e+01
5.480794143676757812e+01
5.436206054687500000e+01
5.391390991210937500e+01
5.346421051025390625e+01
5.301403045654296875e+01
5.256368637084960938e+01
5.211247253417968750e+01
5.166062927246093750e+01
5.120836257934570312e+01
5.075682449340820312e+01
5.030582427978515625e+01
4.985679626464843750e+01
4.940925979614257812e+01
4.896435928344726562e+01
4.852167510986328125e+01
4.808198165893554688e+01
4.764482879638671875e+01
4.721122741699218750e+01
4.678190994262695312e+01
4.635663604736328125e+01
4.593483734130859375e+01
4.551621627807617188e+01
4.509939193725585938e+01
4.468273925781250000e+01
4.426550674438476562e+01
4.384890747070312500e+01
4.343437576293945312e+01
4.302244186401367188e+01
4.261253738403320312e+01
4.220613098144531250e+01
