6.657329559326171875e+01
6.677306365966796875e+01
6.695796203613281250e+01
6.712735748291015625e+01
6.728266143798828125e+01
6.742589569091796875e+01
6.755876159667968750e+01
6.768167877197265625e+01
6.779515075683593750e+01
6.789762878417968750e+01
6.798622131347656250e+01
6.805864715576171875e+01
6.811415100097656250e+01
6.815285491943359375e+01
6.817577362060546875e+01
6.818420410156250000e+01
6.817932128906250000e+01
6.816249847412109375e+01
6.813611602783203125e+01
6.810060882568359375e+01
6.805625152587890625e+01
6.800254821777343750e+01
6.793937683105468750e+01
6.786743927001953125e+01
6.778515625000000000e+01
6.768505096435546875e+01
6.757198333740234375e+01
6.744731140136718750e+01
6.731130981445312500e+01
6.716417694091796875e+01
6.700560760498046875e+01
6.683558654785156250e+01
6.665422821044921875e+01
6.645758056640625000e+01
6.624692535400390625e+01
6.602370452880859375e+01
6.578874969482421875e+01
6.554116058349609375e+01
6.528105926513671875e+01
6.500850677490234375e+01
6.472373199462890625e+01
6.442800140380859375e+01
6.412197875976562500e+01
6.380656051635742188e+01
6.348252487182617188e+01
6.315109252929687500e+01
6.281289672851562500e+01
6.246933746337890625e+01
6.211999130249023438e+01
6.176717376708984375e+01
6.141244888305664062e+01
6.105677413940429688e+01
6.069958114624023438e+01
6.034101104736328125e+01
5.998142242431640625e+01
5.962005615234375000e+01
5.926144409179687500e+01
5.890670013427734375e+01
5.855252456665039062e+01
5.819539260864257812e+01
5.783364868164062500e+01
5.746854782104492188e+01
5.709916687011718750e+01
5.672661209106445312e+01
5.635133743286132812e+01
5.597324752807617188e+01
5.559228134155273438e+01
5.520987319946289062e+01
5.482663726806640625e+01
5.444267272949218750e+01
5.405802536010742188e+01
5.367205047607421875e+01
5.328434753417968750e+01
5.289370346069335938e+01
5.249885940551757812e+01
5.209897994995117188e+01
5.169543457031250000e+01
5.128806304931640625e+01
5.087700653076171875e+01
5.046289825439453125e+01
5.004676818847656250e+01
4.962968063354492188e+01
4.921197509765625000e+01
4.879364395141601562e+01
4.837499237060546875e+01
4.795661163330078125e+01
4.753875350952148438e+01
4.712200546264648438e+01
4.670600509643554688e+01
4.629054260253906250e+01
4.587624740600585938e+01
4.546337127685546875e+01
4.505136871337890625e+01
4.464002990722656250e+01
4.422964096069335938e+01
4.381975173950195312e+01
4.341017532348632812e+01
4.300124359130859375e+01
4.259332656860351562e+01
4.218669128417968750e+01
