6.612584686279296875e+01
6.613014984130859375e+01
6.613502502441406250e+01
6.613968658447265625e+01
6.614327239990234375e+01
6.614517211914062500e+01
6.614484405517578125e+01
6.614168548583984375e+01
6.613516998291015625e+01
6.612429809570312500e+01
6.610881805419921875e+01
6.608879852294921875e+01
6.606423950195312500e+01
6.603602600097656250e+01
6.600400543212890625e+01
6.596801757812500000e+01
6.592977142333984375e+01
6.589012145996093750e+01
6.584989929199218750e+01
6.580853271484375000e+01
6.576516723632812500e+01
6.571754455566406250e+01
6.566347503662109375e+01
6.560002136230468750e+01
6.552650451660156250e+01
6.544306182861328125e+01
6.534973907470703125e+01
6.524634552001953125e+01
6.513278961181640625e+01
6.501058959960937500e+01
6.488105010986328125e+01
6.474339294433593750e+01
6.459670257568359375e+01
6.444016265869140625e+01
6.427430725097656250e+01
6.409965515136718750e+01
6.391844940185546875e+01
6.372977447509765625e+01
6.353387832641601562e+01
6.333189773559570312e+01
6.312375640869140625e+01
6.290925979614257812e+01
6.268832778930664062e+01
6.245996856689453125e+01
6.222426605224609375e+01
6.197942352294921875e+01
6.172032165527343750e+01
6.144725418090820312e+01
6.115984725952148438e+01
6.085879898071289062e+01
6.054304885864257812e+01
6.021737289428710938e+01
5.987973785400390625e+01
5.953219223022460938e+01
5.917916870117187500e+01
5.882209396362304688e+01
5.846193695068359375e+01
5.809981155395507812e+01
5.773994827270507812e+01
5.738498687744140625e+01
5.703008651733398438e+01
5.667467498779296875e+01
5.631890487670898438e+01
5.595960998535156250e+01
5.559610366821289062e+01
5.522979736328125000e+01
5.485825347900390625e+01
5.448108673095703125e+01
5.409903717041015625e+01
5.371194076538085938e+01
5.331966781616210938e+01
5.292618560791015625e+01
5.252972412109375000e+01
5.213224029541015625e+01
5.173313522338867188e+01
5.133219909667968750e+01
5.092904281616210938e+01
5.052419281005859375e+01
5.011672210693359375e+01
4.970815658569335938e+01
4.929981231689453125e+01
4.889039611816406250e+01
4.848130416870117188e+01
4.807117462158203125e+01
4.766016769409179688e+01
4.724981689453125000e+01
4.683886337280273438e+01
4.642853546142578125e+01
4.601895523071289062e+01
4.561027908325195312e+01
4.520127487182617188e+01
4.479275512695312500e+01
4.438518905639648438e+01
4.397988891601562500e+01
4.357666015625000000e+01
4.317619323730468750e+01
4.277770996093750000e+01
4.238032913208007812e+01
4.198635482788085938e+01
4.159589385986328125e+01
