6.944779968261718750e+01
6.928188323974609375e+01
6.911688232421875000e+01
6.895289611816406250e+01
6.878990173339843750e+01
6.862799835205078125e+01
6.846701049804687500e+01
6.830692291259765625e+01
6.814775085449218750e+01
6.798928833007812500e+01
6.783118438720703125e+01
6.767304992675781250e+01
6.751441955566406250e+01
6.735511016845703125e+01
6.719505310058593750e+01
6.703426361083984375e+01
6.687276458740234375e+01
6.671086120605468750e+01
6.654857635498046875e+01
6.638587188720703125e+01
6.622236633300781250e+01
6.605763244628906250e+01
6.589063262939453125e+01
6.572009277343750000e+01
6.554474639892578125e+01
6.536290740966796875e+01
6.517354583740234375e+01
6.497653198242187500e+01
6.477161407470703125e+01
6.455942535400390625e+01
6.434195709228515625e+01
6.412092590332031250e+01
6.389778518676757812e+01
6.367364883422851562e+01
6.344953536987304688e+01
6.322552490234375000e+01
6.300095367431640625e+01
6.277526855468750000e+01
6.254731750488281250e+01
6.231573486328125000e+01
6.207958602905273438e+01
6.183806228637695312e+01
6.158947372436523438e+01
6.133234405517578125e+01
6.106539916992187500e+01
6.078825378417968750e+01
6.050096130371093750e+01
6.020521545410156250e+01
5.990288543701171875e+01
5.959483718872070312e+01
5.928264999389648438e+01
5.896711730957031250e+01
5.864802169799804688e+01
5.832534408569335938e+01
5.799924087524414062e+01
5.767004776000976562e+01
5.733833694458007812e+01
5.700573730468750000e+01
5.667367172241210938e+01
5.634291839599609375e+01
5.601447296142578125e+01
5.568752288818359375e+01
5.536196136474609375e+01
5.503639984130859375e+01
5.470924377441406250e+01
5.437796020507812500e+01
5.404109954833984375e+01
5.369746017456054688e+01
5.334586715698242188e+01
5.298673629760742188e+01
5.262103652954101562e+01
5.225051879882812500e+01
5.187610626220703125e+01
5.150003433227539062e+01
5.112284851074218750e+01
5.074716567993164062e+01
5.037562561035156250e+01
5.000680923461914062e+01
4.963847351074218750e+01
4.927003860473632812e+01
4.890092849731445312e+01
4.853291702270507812e+01
4.816296768188476562e+01
4.779081344604492188e+01
4.741601181030273438e+01
4.703812789916992188e+01
4.665645980834960938e+01
4.627305603027343750e+01
4.588709259033203125e+01
4.549909210205078125e+01
4.510929870605468750e+01
4.471812438964843750e+01
4.432591629028320312e+01
4.393245697021484375e+01
4.354005050659179688e+01
4.314934158325195312e+01
4.276044845581054688e+01
4.237350082397460938e+01
4.198986053466796875e+01
4.160931015014648438e+01
