7.244409942626953125e+01
7.220777893066406250e+01
7.197184753417968750e+01
7.173630523681640625e+01
7.150113677978515625e+01
7.126641082763671875e+01
7.103208923339843750e+01
7.079817199707031250e+01
7.056471252441406250e+01
7.033168792724609375e+01
7.009904479980468750e+01
6.986680603027343750e+01
6.963491058349609375e+01
6.940349578857421875e+01
6.917274475097656250e+01
6.894276428222656250e+01
6.871383666992187500e+01
6.848616027832031250e+01
6.826002502441406250e+01
6.803539276123046875e+01
6.781250762939453125e+01
6.759124755859375000e+01
6.737110137939453125e+01
6.715111541748046875e+01
6.693087005615234375e+01
6.671043395996093750e+01
6.648901367187500000e+01
6.626573181152343750e+01
6.604047393798828125e+01
6.581311035156250000e+01
6.558396148681640625e+01
6.535274505615234375e+01
6.511943054199218750e+01
6.488381958007812500e+01
6.464640045166015625e+01
6.440550231933593750e+01
6.416002655029296875e+01
6.390970993041992188e+01
6.365415573120117188e+01
6.339444732666015625e+01
6.312987899780273438e+01
6.286049652099609375e+01
6.258614730834960938e+01
6.230762863159179688e+01
6.202471160888671875e+01
6.173577499389648438e+01
6.144048690795898438e+01
6.113939285278320312e+01
6.083250427246093750e+01
6.052057266235351562e+01
6.020333480834960938e+01
5.987926101684570312e+01
5.954844665527343750e+01
5.921218109130859375e+01
5.887142944335937500e+01
5.852756881713867188e+01
5.817962265014648438e+01
5.782693481445312500e+01
5.746989822387695312e+01
5.710895919799804688e+01
5.674401855468750000e+01
5.637586593627929688e+01
5.600534820556640625e+01
5.563276290893554688e+01
5.525979995727539062e+01
5.488711166381835938e+01
5.451616287231445312e+01
5.414677429199218750e+01
5.377879714965820312e+01
5.341246032714843750e+01
5.304798126220703125e+01
5.268449401855468750e+01
5.232125091552734375e+01
5.195827484130859375e+01
5.159380340576171875e+01
5.122761917114257812e+01
5.085938262939453125e+01
5.048785018920898438e+01
5.011243057250976562e+01
4.973379898071289062e+01
4.935229492187500000e+01
4.896761322021484375e+01
4.857955551147460938e+01
4.818925476074218750e+01
4.779695510864257812e+01
4.740279769897460938e+01
4.700641632080078125e+01
4.660892868041992188e+01
4.621063613891601562e+01
4.581216812133789062e+01
4.541392135620117188e+01
4.501641082763671875e+01
4.461967849731445312e+01
4.422419738769531250e+01
4.383053588867187500e+01
4.343863677978515625e+01
4.304896545410156250e+01
4.266146850585937500e+01
4.227652359008789062e+01
4.189422225952148438e+01
