7.300492095947265625e+01
7.271487426757812500e+01
7.242861175537109375e+01
7.214562988281250000e+01
7.186584472656250000e+01
7.158920288085937500e+01
7.131583404541015625e+01
7.104588317871093750e+01
7.077957153320312500e+01
7.051656341552734375e+01
7.025632476806640625e+01
6.999848937988281250e+01
6.974277496337890625e+01
6.948898315429687500e+01
6.923728179931640625e+01
6.898761749267578125e+01
6.873988342285156250e+01
6.849422454833984375e+01
6.825041961669921875e+01
6.800852203369140625e+01
6.776834106445312500e+01
6.752976989746093750e+01
6.729277038574218750e+01
6.705731201171875000e+01
6.682332611083984375e+01
6.659041595458984375e+01
6.635813903808593750e+01
6.612631225585937500e+01
6.589343261718750000e+01
6.565836334228515625e+01
6.542043304443359375e+01
6.517855834960937500e+01
6.493168640136718750e+01
6.468000793457031250e+01
6.442510223388671875e+01
6.416866302490234375e+01
6.391188430786132812e+01
6.365593719482421875e+01
6.340079879760742188e+01
6.314348602294921875e+01
6.288365936279296875e+01
6.262066268920898438e+01
6.235401535034179688e+01
6.208400344848632812e+01
6.181035995483398438e+01
6.153371047973632812e+01
6.125364685058593750e+01
6.096888732910156250e+01
6.067906188964843750e+01
6.038094711303710938e+01
6.007298660278320312e+01
5.975370407104492188e+01
5.942457962036132812e+01
5.908693695068359375e+01
5.874250411987304688e+01
5.839150619506835938e+01
5.803373718261718750e+01
5.766974258422851562e+01
5.730054855346679688e+01
5.692741012573242188e+01
5.655209350585937500e+01
5.617402267456054688e+01
5.579656219482421875e+01
5.542016220092773438e+01
5.504527282714843750e+01
5.467156219482421875e+01
5.430179214477539062e+01
5.393503570556640625e+01
5.356552886962890625e+01
5.319307327270507812e+01
5.281623458862304688e+01
5.243601226806640625e+01
5.205618667602539062e+01
5.167446136474609375e+01
5.128998947143554688e+01
5.090386581420898438e+01
5.051740646362304688e+01
5.012889862060546875e+01
4.973857498168945312e+01
4.934760665893554688e+01
4.895695877075195312e+01
4.856498336791992188e+01
4.817239379882812500e+01
4.778012466430664062e+01
4.738718414306640625e+01
4.699256134033203125e+01
4.659627151489257812e+01
4.619737243652343750e+01
4.579808044433593750e+01
4.539920043945312500e+01
4.499962234497070312e+01
4.459965515136718750e+01
4.419921493530273438e+01
4.379976272583007812e+01
4.340189743041992188e+01
4.300654983520507812e+01
4.261262893676757812e+01
4.222093200683593750e+01
4.183170700073242188e+01
4.144575500488281250e+01
