6.851433563232421875e+01
6.844103240966796875e+01
6.836716461181640625e+01
6.829218292236328125e+01
6.821556854248046875e+01
6.813667297363281250e+01
6.805486297607421875e+01
6.796983337402343750e+01
6.788146209716796875e+01
6.778958892822265625e+01
6.769409942626953125e+01
6.759497833251953125e+01
6.749177551269531250e+01
6.738426971435546875e+01
6.727240753173828125e+01
6.715594482421875000e+01
6.703526306152343750e+01
6.691095733642578125e+01
6.678278350830078125e+01
6.665179443359375000e+01
6.651832580566406250e+01
6.638261413574218750e+01
6.624516296386718750e+01
6.610723114013671875e+01
6.597078704833984375e+01
6.583625030517578125e+01
6.570236968994140625e+01
6.556697082519531250e+01
6.542803955078125000e+01
6.528182220458984375e+01
6.512521362304687500e+01
6.495618438720703125e+01
6.477555084228515625e+01
6.458538055419921875e+01
6.438890838623046875e+01
6.418611145019531250e+01
6.397796249389648438e+01
6.376461029052734375e+01
6.354489898681640625e+01
6.331667327880859375e+01
6.307827377319335938e+01
6.282981109619140625e+01
6.256982421875000000e+01
6.229708480834960938e+01
6.201231002807617188e+01
6.171722412109375000e+01
6.141418075561523438e+01
6.110493087768554688e+01
6.079052352905273438e+01
6.047026062011718750e+01
6.014701843261718750e+01
5.981995010375976562e+01
5.949080657958984375e+01
5.915788650512695312e+01
5.882227325439453125e+01
5.848458480834960938e+01
5.814575958251953125e+01
5.780597305297851562e+01
5.746461868286132812e+01
5.712236785888671875e+01
5.677862167358398438e+01
5.643392181396484375e+01
5.608633041381835938e+01
5.573563766479492188e+01
5.538092803955078125e+01
5.502144241333007812e+01
5.465721893310546875e+01
5.428837966918945312e+01
5.391658782958984375e+01
5.354165649414062500e+01
5.316395568847656250e+01
5.278329086303710938e+01
5.239955139160156250e+01
5.201279067993164062e+01
5.162351608276367188e+01
5.123191833496093750e+01
5.083866500854492188e+01
5.044427490234375000e+01
5.004935455322265625e+01
4.965386199951171875e+01
4.925701904296875000e+01
4.885721206665039062e+01
4.845623779296875000e+01
4.805581283569335938e+01
4.765538406372070312e+01
4.725558090209960938e+01
4.685637283325195312e+01
4.645820617675781250e+01
4.605976867675781250e+01
4.566114807128906250e+01
4.526190567016601562e+01
4.486215972900390625e+01
4.446262359619140625e+01
4.406406784057617188e+01
4.366683578491210938e+01
4.327102279663085938e+01
4.287689971923828125e+01
4.248604202270507812e+01
4.209807205200195312e+01
4.171251678466796875e+01
