7.543312835693359375e+01
7.516806793212890625e+01
7.490498352050781250e+01
7.464369964599609375e+01
7.438426971435546875e+01
7.412656402587890625e+01
7.387026214599609375e+01
7.361521148681640625e+01
7.336128234863281250e+01
7.310857391357421875e+01
7.285675048828125000e+01
7.260573577880859375e+01
7.235565185546875000e+01
7.210644531250000000e+01
7.185800170898437500e+01
7.160986328125000000e+01
7.136180114746093750e+01
7.111321258544921875e+01
7.086322021484375000e+01
7.061170196533203125e+01
7.035853576660156250e+01
7.010378265380859375e+01
6.984795379638671875e+01
6.959120178222656250e+01
6.933319091796875000e+01
6.907312011718750000e+01
6.880964660644531250e+01
6.854235076904296875e+01
6.827117156982421875e+01
6.799718475341796875e+01
6.772037506103515625e+01
6.744107055664062500e+01
6.715930175781250000e+01
6.687554931640625000e+01
6.658953857421875000e+01
6.630038452148437500e+01
6.600743865966796875e+01
6.571052551269531250e+01
6.541002655029296875e+01
6.510595703125000000e+01
6.479895782470703125e+01
6.448953247070312500e+01
6.417782592773437500e+01
6.386116027832031250e+01
6.354064178466796875e+01
6.321691894531250000e+01
6.288842391967773438e+01
6.255263519287109375e+01
6.220902252197265625e+01
6.185917282104492188e+01
6.150357437133789062e+01
6.114210510253906250e+01
6.077490997314453125e+01
6.040350341796875000e+01
6.002694702148437500e+01
5.964502334594726562e+01
5.925719833374023438e+01
5.886698532104492188e+01
5.847574996948242188e+01
5.808408737182617188e+01
5.769111251831054688e+01
5.729753494262695312e+01
5.690466690063476562e+01
5.651269912719726562e+01
5.612276077270507812e+01
5.573622512817382812e+01
5.535342407226562500e+01
5.497330474853515625e+01
5.459417343139648438e+01
5.421531295776367188e+01
5.383502197265625000e+01
5.345373535156250000e+01
5.306989288330078125e+01
5.268209838867187500e+01
5.228958511352539062e+01
5.189250946044921875e+01
5.149187850952148438e+01
5.108850097656250000e+01
5.068091201782226562e+01
5.027095031738281250e+01
4.985852813720703125e+01
4.944453048706054688e+01
4.902988815307617188e+01
4.861481094360351562e+01
4.819953155517578125e+01
4.778417205810546875e+01
4.736896896362304688e+01
4.695384979248046875e+01
4.653941726684570312e+01
4.612522506713867188e+01
4.571153640747070312e+01
4.529962921142578125e+01
4.488874816894531250e+01
4.447941970825195312e+01
4.407142639160156250e+01
4.366533279418945312e+01
4.326171112060546875e+01
4.286056137084960938e+01
4.246221923828125000e+01
4.206658935546875000e+01
