7.328446197509765625e+01
7.305708312988281250e+01
7.283016204833984375e+01
7.260374450683593750e+01
7.237791442871093750e+01
7.215259552001953125e+01
7.192786407470703125e+01
7.170375823974609375e+01
7.148035430908203125e+01
7.125760650634765625e+01
7.103558349609375000e+01
7.081439971923828125e+01
7.059397125244140625e+01
7.037429809570312500e+01
7.015534210205078125e+01
6.993722534179687500e+01
6.971993255615234375e+01
6.950343322753906250e+01
6.928767395019531250e+01
6.907301330566406250e+01
6.885948944091796875e+01
6.864706420898437500e+01
6.843624114990234375e+01
6.822663116455078125e+01
6.801752471923828125e+01
6.780714416503906250e+01
6.759409332275390625e+01
6.737577056884765625e+01
6.715296173095703125e+01
6.692453765869140625e+01
6.668930053710937500e+01
6.644846343994140625e+01
6.620417022705078125e+01
6.595716094970703125e+01
6.570823669433593750e+01
6.545752716064453125e+01
6.520536041259765625e+01
6.495167541503906250e+01
6.469586181640625000e+01
6.443527984619140625e+01
6.416882324218750000e+01
6.389582443237304688e+01
6.361668014526367188e+01
6.333002471923828125e+01
6.303456115722656250e+01
6.273022842407226562e+01
6.241626739501953125e+01
6.209262847900390625e+01
6.175812530517578125e+01
6.141387176513671875e+01
6.105983734130859375e+01
6.069703674316406250e+01
6.032757186889648438e+01
5.995241546630859375e+01
5.957421112060546875e+01
5.919416809082031250e+01
5.881198501586914062e+01
5.842811584472656250e+01
5.804405975341796875e+01
5.766061019897460938e+01
5.727774810791015625e+01
5.689722442626953125e+01
5.651884841918945312e+01
5.614326095581054688e+01
5.577073669433593750e+01
5.540232467651367188e+01
5.503562927246093750e+01
5.466819381713867188e+01
5.429825592041015625e+01
5.392335510253906250e+01
5.353881072998046875e+01
5.314445495605468750e+01
5.274476242065429688e+01
5.234153747558593750e+01
5.193712234497070312e+01
5.153033447265625000e+01
5.112080383300781250e+01
5.070817947387695312e+01
5.029188156127929688e+01
4.987454223632812500e+01
4.945676803588867188e+01
4.903878021240234375e+01
4.861972427368164062e+01
4.819821166992187500e+01
4.777470016479492188e+01
4.734804153442382812e+01
4.691959381103515625e+01
4.649042510986328125e+01
4.606217956542968750e+01
4.563480377197265625e+01
4.520946121215820312e+01
4.478532409667968750e+01
4.436226654052734375e+01
4.394063568115234375e+01
4.352105331420898438e+01
4.310375976562500000e+01
4.268921279907226562e+01
4.227737045288085938e+01
4.186811447143554688e+01
4.146146774291992188e+01
