6.976005554199218750e+01
6.976358795166015625e+01
6.976559448242187500e+01
6.976661682128906250e+01
6.976632690429687500e+01
6.976508331298828125e+01
6.976238250732421875e+01
6.975748443603515625e+01
6.974910736083984375e+01
6.973539733886718750e+01
6.971599578857421875e+01
6.969030761718750000e+01
6.965823364257812500e+01
6.962103271484375000e+01
6.957918548583984375e+01
6.953213500976562500e+01
6.947846984863281250e+01
6.941565704345703125e+01
6.934194946289062500e+01
6.925650787353515625e+01
6.915829467773437500e+01
6.904740905761718750e+01
6.892579650878906250e+01
6.879322052001953125e+01
6.865210723876953125e+01
6.850274658203125000e+01
6.834627532958984375e+01
6.818142700195312500e+01
6.800673675537109375e+01
6.782139587402343750e+01
6.762435913085937500e+01
6.741369628906250000e+01
6.719007873535156250e+01
6.695358276367187500e+01
6.670398712158203125e+01
6.644296264648437500e+01
6.617189788818359375e+01
6.589270019531250000e+01
6.560533905029296875e+01
6.531121063232421875e+01
6.501013946533203125e+01
6.470417022705078125e+01
6.439315032958984375e+01
6.407692718505859375e+01
6.375336074829101562e+01
6.342569732666015625e+01
6.309333419799804688e+01
6.275495529174804688e+01
6.241176223754882812e+01
6.206319808959960938e+01
6.170858001708984375e+01
6.134710311889648438e+01
6.097987365722656250e+01
6.061012268066406250e+01
6.023595428466796875e+01
5.985940551757812500e+01
5.948146057128906250e+01
5.910147857666015625e+01
5.871933746337890625e+01
5.833282470703125000e+01
5.794177246093750000e+01
5.754723739624023438e+01
5.714945983886718750e+01
5.674859237670898438e+01
5.634511566162109375e+01
5.593997192382812500e+01
5.553366088867187500e+01
5.512552261352539062e+01
5.471522521972656250e+01
5.430371093750000000e+01
5.389060974121093750e+01
5.347761154174804688e+01
5.306283569335937500e+01
5.264623641967773438e+01
5.222754287719726562e+01
5.180772399902343750e+01
5.138611221313476562e+01
5.096393585205078125e+01
5.054022216796875000e+01
5.011414718627929688e+01
4.968584442138671875e+01
4.925541305541992188e+01
4.882291412353515625e+01
4.838952255249023438e+01
4.795588302612304688e+01
4.752173233032226562e+01
4.708868408203125000e+01
4.665766143798828125e+01
4.622760009765625000e+01
4.579926300048828125e+01
4.537191772460937500e+01
4.494645690917968750e+01
4.452388763427734375e+01
4.410387802124023438e+01
4.368600845336914062e+01
4.327020263671875000e+01
4.285665512084960938e+01
4.244493103027343750e+01
4.203482437133789062e+01
4.162590026855468750e+01
