3.019176673889160156e+01
3.044766044616699219e+01
3.070430564880371094e+01
3.096168518066406250e+01
3.121977996826171875e+01
3.147857284545898438e+01
3.173805809020996094e+01
3.199821662902832031e+01
3.225901794433593750e+01
3.252045440673828125e+01
3.278251647949218750e+01
3.304519271850585938e+01
3.330845642089843750e+01
3.357228469848632812e+01
3.383667373657226562e+01
3.410160446166992188e+01
3.436706542968750000e+01
3.463306045532226562e+01
3.489956665039062500e+01
3.516657638549804688e+01
3.543407058715820312e+01
3.570203781127929688e+01
3.597045898437500000e+01
3.623931121826171875e+01
3.650859451293945312e+01
3.677831268310546875e+01
3.704843902587890625e+01
3.731897735595703125e+01
3.758992767333984375e+01
3.786125946044921875e+01
3.813295745849609375e+01
3.840501022338867188e+01
3.867743301391601562e+01
3.895019912719726562e+01
3.922331237792968750e+01
3.949675369262695312e+01
3.977051162719726562e+01
4.004458236694335938e+01
4.031896209716796875e+01
4.059365081787109375e+01
4.086863708496093750e+01
4.114390945434570312e+01
4.141945266723632812e+01
4.169526290893554688e+01
4.197133255004882812e+01
4.224766159057617188e+01
4.252423477172851562e+01
4.280104446411132812e+01
4.307809829711914062e+01
4.335538482666015625e+01
4.363289260864257812e+01
4.391062164306640625e+01
4.418857192993164062e+01
4.446673965454101562e+01
4.474509811401367188e+01
4.502365875244140625e+01
4.530241012573242188e+01
4.558134460449218750e+01
4.586046600341796875e+01
4.613976287841796875e+01
4.641923904418945312e+01
4.669887161254882812e+01
4.697866821289062500e+01
4.725862121582031250e+01
4.753873443603515625e+01
4.781898880004882812e+01
4.809938812255859375e+01
4.837990951538085938e+01
4.866058349609375000e+01
4.894136810302734375e+01
4.922229385375976562e+01
4.950333404541015625e+01
4.978448867797851562e+01
5.006576538085937500e+01
5.034715652465820312e+01
5.062865447998046875e+01
5.091026687622070312e+01
5.119197845458984375e+01
5.147378921508789062e+01
5.175569915771484375e+01
5.203771209716796875e+01
5.231981277465820312e+01
5.260201263427734375e+01
5.288428878784179688e+01
5.316665649414062500e+01
5.344910049438476562e+01
5.373163223266601562e+01
5.401424026489257812e+01
5.429692077636718750e+01
5.457968902587890625e+01
5.486252212524414062e+01
5.514542770385742188e+01
5.542840576171875000e+01
5.571144485473632812e+01
5.599455642700195312e+01
5.627772903442382812e+01
5.656095504760742188e+01
5.684424972534179688e+01
5.712759399414062500e+01
5.741099929809570312e+01
