2.946174430847167969e+01
2.975353240966796875e+01
3.004552841186523438e+01
3.033772277832031250e+01
3.063009452819824219e+01
3.092265510559082031e+01
3.121540069580078125e+01
3.150832176208496094e+01
3.180142021179199219e+01
3.209468841552734375e+01
3.238812637329101562e+01
3.268172836303710938e+01
3.297549819946289062e+01
3.326943206787109375e+01
3.356352996826171875e+01
3.385778808593750000e+01
3.415219879150390625e+01
3.444675445556640625e+01
3.474147033691406250e+01
3.503633117675781250e+01
3.533133316040039062e+01
3.562648391723632812e+01
3.592177963256835938e+01
3.621721267700195312e+01
3.651278305053710938e+01
3.680849838256835938e+01
3.710435104370117188e+01
3.740034484863281250e+01
3.769646835327148438e+01
3.799272918701171875e+01
3.828912353515625000e+01
3.858565139770507812e+01
3.888230514526367188e+01
3.917908477783203125e+01
3.947600173950195312e+01
3.977302932739257812e+01
4.007019424438476562e+01
4.036748504638671875e+01
4.066490173339843750e+01
4.096244049072265625e+01
4.126010513305664062e+01
4.155788421630859375e+01
4.185578155517578125e+01
4.215380477905273438e+01
4.245195007324218750e+01
4.275020980834960938e+01
4.304858398437500000e+01
4.334707641601562500e+01
4.364568328857421875e+01
4.394440841674804688e+01
4.424324417114257812e+01
4.454219436645507812e+01
4.484125900268554688e+01
4.514043426513671875e+01
4.543971633911132812e+01
4.573910903930664062e+01
4.603861236572265625e+01
4.633822250366210938e+01
4.663793945312500000e+01
4.693775939941406250e+01
4.723768997192382812e+01
4.753772735595703125e+01
4.783786773681640625e+01
4.813812255859375000e+01
4.843847274780273438e+01
4.873893356323242188e+01
4.903949356079101562e+01
4.934015655517578125e+01
4.964092254638671875e+01
4.994178771972656250e+01
5.024275588989257812e+01
5.054383468627929688e+01
5.084499359130859375e+01
5.114626693725585938e+01
5.144763183593750000e+01
5.174909973144531250e+01
5.205065536499023438e+01
5.235231781005859375e+01
5.265406799316406250e+01
5.295591735839843750e+01
5.325785446166992188e+01
5.355989074707031250e+01
5.386202239990234375e+01
5.416424560546875000e+01
5.446655654907226562e+01
5.476896667480468750e+01
5.507146835327148438e+01
5.537405395507812500e+01
5.567674255371093750e+01
5.597951126098632812e+01
5.628236770629882812e+01
5.658530426025390625e+01
5.688833236694335938e+01
5.719145584106445312e+01
5.749466705322265625e+01
5.779795455932617188e+01
5.810134506225585938e+01
5.840481185913085938e+01
5.870836639404296875e+01
5.901200103759765625e+01
