4.777696228027343750e+01
4.794418716430664062e+01
4.811151123046875000e+01
4.827893447875976562e+01
4.844643783569335938e+01
4.861404037475585938e+01
4.878172302246093750e+01
4.894950103759765625e+01
4.911736679077148438e+01
4.928531265258789062e+01
4.945334625244140625e+01
4.962145996093750000e+01
4.978965377807617188e+01
4.995794296264648438e+01
5.012630081176757812e+01
5.029474258422851562e+01
5.046326828002929688e+01
5.063187789916992188e+01
5.080056762695312500e+01
5.096933364868164062e+01
5.113817596435546875e+01
5.130710601806640625e+01
5.147610092163085938e+01
5.164518737792968750e+01
5.181433486938476562e+01
5.198356628417968750e+01
5.215286636352539062e+01
5.232225036621093750e+01
5.249169921875000000e+01
5.266122055053710938e+01
5.283082199096679688e+01
5.300048828125000000e+01
5.317023468017578125e+01
5.334004592895507812e+01
5.350993347167968750e+01
5.367990493774414062e+01
5.384993362426757812e+01
5.402003479003906250e+01
5.419020462036132812e+01
5.436045455932617188e+01
5.453076553344726562e+01
5.470115661621093750e+01
5.487161254882812500e+01
5.504213333129882812e+01
5.521272277832031250e+01
5.538338470458984375e+01
5.555412292480468750e+01
5.572492218017578125e+01
5.589579010009765625e+01
5.606673431396484375e+01
5.623773193359375000e+01
5.640879821777343750e+01
5.657994461059570312e+01
5.675114822387695312e+01
5.692242050170898438e+01
5.709376144409179688e+01
5.726516723632812500e+01
5.743664550781250000e+01
5.760817718505859375e+01
5.777978897094726562e+01
5.795145416259765625e+01
5.812319946289062500e+01
5.829499816894531250e+01
5.846686553955078125e+01
5.863880157470703125e+01
5.881078720092773438e+01
5.898284530639648438e+01
5.915495681762695312e+01
5.932713317871093750e+01
5.949938201904296875e+01
5.967168807983398438e+01
5.984406661987304688e+01
6.001649856567382812e+01
6.018899917602539062e+01
6.036156845092773438e+01
6.053419494628906250e+01
6.070687866210937500e+01
6.087962722778320312e+01
6.105243301391601562e+01
6.122531127929687500e+01
6.139824295043945312e+01
6.157123184204101562e+01
6.174428939819335938e+01
6.191740417480468750e+01
6.209058380126953125e+01
6.226382064819335938e+01
6.243713378906250000e+01
6.261050033569335938e+01
6.278392410278320312e+01
6.295741271972656250e+01
6.313096618652343750e+01
6.330457687377929688e+01
6.347824859619140625e+01
6.365197753906250000e+01
6.382577896118164062e+01
6.399962615966796875e+01
6.417354583740234375e+01
6.434753417968750000e+01
6.452156829833984375e+01
6.469567871093750000e+01
