4.907603454589843750e+01
4.926171112060546875e+01
4.944762802124023438e+01
4.963377380371093750e+01
4.982013702392578125e+01
5.000673294067382812e+01
5.019354629516601562e+01
5.038058471679687500e+01
5.056784057617187500e+01
5.075532150268554688e+01
5.094303512573242188e+01
5.113096618652343750e+01
5.131913375854492188e+01
5.150752258300781250e+01
5.169614410400390625e+01
5.188499450683593750e+01
5.207407760620117188e+01
5.226338958740234375e+01
5.245291137695312500e+01
5.264267349243164062e+01
5.283265686035156250e+01
5.302286529541015625e+01
5.321329879760742188e+01
5.340395736694335938e+01
5.359485626220703125e+01
5.378598403930664062e+01
5.397734069824218750e+01
5.416892242431640625e+01
5.436074066162109375e+01
5.455277633666992188e+01
5.474505615234375000e+01
5.493756484985351562e+01
5.513030624389648438e+01
5.532327651977539062e+01
5.551648712158203125e+01
5.570991516113281250e+01
5.590358734130859375e+01
5.609748840332031250e+01
5.629161834716796875e+01
5.648597717285156250e+01
5.668056488037109375e+01
5.687538909912109375e+01
5.707044601440429688e+01
5.726572036743164062e+01
5.746124267578125000e+01
5.765699005126953125e+01
5.785296630859375000e+01
5.804917144775390625e+01
5.824560928344726562e+01
5.844227600097656250e+01
5.863916778564453125e+01
5.883629608154296875e+01
5.903364562988281250e+01
5.923122406005859375e+01
5.942902374267578125e+01
5.962705612182617188e+01
5.982532119750976562e+01
6.002381134033203125e+01
6.022254562377929688e+01
6.042151260375976562e+01
6.062069320678710938e+01
6.082011032104492188e+01
6.101976776123046875e+01
6.121963500976562500e+01
6.141973495483398438e+01
6.162005996704101562e+01
6.182062149047851562e+01
6.202140045166015625e+01
6.222241210937500000e+01
6.242365646362304688e+01
6.262511825561523438e+01
6.282681274414062500e+01
6.302873229980468750e+01
6.323088836669921875e+01
6.343326187133789062e+01
6.363587951660156250e+01
6.383871078491210938e+01
6.404176330566406250e+01
6.424504852294921875e+01
6.444855499267578125e+01
6.465229034423828125e+01
6.485624694824218750e+01
6.506040954589843750e+01
6.526479339599609375e+01
6.546939849853515625e+01
6.567423248291015625e+01
6.587928009033203125e+01
6.608454132080078125e+01
6.629003143310546875e+01
6.649571990966796875e+01
6.670164489746093750e+01
6.690776824951171875e+01
6.711411285400390625e+01
6.732067108154296875e+01
6.752744293212890625e+01
6.773442077636718750e+01
6.794160461425781250e+01
6.814900207519531250e+01
6.835661315917968750e+01
6.856443023681640625e+01
