3.167908859252929688e+01
3.194473838806152344e+01
3.221076202392578125e+01
3.247715377807617188e+01
3.274390411376953125e+01
3.301099777221679688e+01
3.327843856811523438e+01
3.354622650146484375e+01
3.381436157226562500e+01
3.408283233642578125e+01
3.435164260864257812e+01
3.462078475952148438e+01
3.489026641845703125e+01
3.516008758544921875e+01
3.543024063110351562e+01
3.570071792602539062e+01
3.597151947021484375e+01
3.624263763427734375e+01
3.651407241821289062e+01
3.678582382202148438e+01
3.705787658691406250e+01
3.733024597167968750e+01
3.760292053222656250e+01
3.787590026855468750e+01
3.814917373657226562e+01
3.842274856567382812e+01
3.869660949707031250e+01
3.897076416015625000e+01
3.924520874023437500e+01
3.951993179321289062e+01
3.979493713378906250e+01
4.007021713256835938e+01
4.034577941894531250e+01
4.062161636352539062e+01
4.089772796630859375e+01
4.117411422729492188e+01
4.145077133178710938e+01
4.172768783569335938e+01
4.200487136840820312e+01
4.228230667114257812e+01
4.256001281738281250e+01
4.283797073364257812e+01
4.311618041992187500e+01
4.339464569091796875e+01
4.367335510253906250e+01
4.395231628417968750e+01
4.423153686523437500e+01
4.451100158691406250e+01
4.479071044921875000e+01
4.507067108154296875e+01
4.535087203979492188e+01
4.563131332397460938e+01
4.591198730468750000e+01
4.619290161132812500e+01
4.647403717041015625e+01
4.675540924072265625e+01
4.703699874877929688e+01
4.731882095336914062e+01
4.760085678100585938e+01
4.788311004638671875e+01
4.816558837890625000e+01
4.844827270507812500e+01
4.873117828369140625e+01
4.901428985595703125e+01
4.929761505126953125e+01
4.958114624023437500e+01
4.986489486694335938e+01
5.014883422851562500e+01
5.043298721313476562e+01
5.071734619140625000e+01
5.100189590454101562e+01
5.128665161132812500e+01
5.157159042358398438e+01
5.185672378540039062e+01
5.214204406738281250e+01
5.242755126953125000e+01
5.271323394775390625e+01
5.299911117553710938e+01
5.328515625000000000e+01
5.357137680053710938e+01
5.385777282714843750e+01
5.414434432983398438e+01
5.443109512329101562e+01
5.471802139282226562e+01
5.500510025024414062e+01
5.529235458374023438e+01
5.557977676391601562e+01
5.586735534667968750e+01
5.615509033203125000e+01
5.644298171997070312e+01
5.673103332519531250e+01
5.701923751831054688e+01
5.730759048461914062e+01
5.759608840942382812e+01
5.788472366333007812e+01
5.817351150512695312e+01
5.846244430541992188e+01
5.875151062011718750e+01
5.904072952270507812e+01
5.933007049560546875e+01
