5.810932922363281250e+01
5.825518798828125000e+01
5.840132904052734375e+01
5.854774856567382812e+01
5.869444274902343750e+01
5.884140396118164062e+01
5.898863220214843750e+01
5.913612365722656250e+01
5.928385543823242188e+01
5.943184280395507812e+01
5.958010101318359375e+01
5.972861099243164062e+01
5.987736511230468750e+01
6.002636718750000000e+01
6.017560577392578125e+01
6.032508850097656250e+01
6.047480010986328125e+01
6.062474441528320312e+01
6.077492141723632812e+01
6.092532348632812500e+01
6.107595443725585938e+01
6.122680664062500000e+01
6.137788391113281250e+01
6.152917861938476562e+01
6.168068313598632812e+01
6.183238983154296875e+01
6.198430633544921875e+01
6.213642120361328125e+01
6.228874588012695312e+01
6.244126510620117188e+01
6.259400177001953125e+01
6.274693298339843750e+01
6.290005493164062500e+01
6.305336761474609375e+01
6.320686721801757812e+01
6.336054611206054688e+01
6.351440429687500000e+01
6.366844558715820312e+01
6.382267379760742188e+01
6.397706604003906250e+01
6.413164520263671875e+01
6.428639221191406250e+01
6.444131469726562500e+01
6.459640502929687500e+01
6.475166320800781250e+01
6.490708923339843750e+01
6.506266784667968750e+01
6.521839904785156250e+01
6.537429809570312500e+01
6.553034210205078125e+01
6.568653869628906250e+01
6.584289550781250000e+01
6.599940490722656250e+01
6.615605926513671875e+01
6.631285858154296875e+01
6.646980285644531250e+01
6.662689208984375000e+01
6.678413391113281250e+01
6.694151306152343750e+01
6.709902954101562500e+01
6.725669860839843750e+01
6.741449737548828125e+01
6.757243347167968750e+01
6.773049926757812500e+01
6.788870239257812500e+01
6.804704284667968750e+01
6.820552062988281250e+01
6.836412048339843750e+01
6.852285766601562500e+01
6.868173217773437500e+01
6.884072113037109375e+01
6.899983215332031250e+01
6.915908050537109375e+01
6.931845855712890625e+01
6.947796630859375000e+01
6.963758087158203125e+01
6.979731750488281250e+01
6.995717620849609375e+01
7.011715698242187500e+01
7.027726745605468750e+01
7.043750000000000000e+01
7.059785461425781250e+01
7.075832366943359375e+01
7.091892242431640625e+01
7.107963562011718750e+01
7.124046325683593750e+01
7.140141296386718750e+01
7.156249237060546875e+01
7.172367858886718750e+01
7.188497924804687500e+01
7.204639434814453125e+01
7.220793151855468750e+01
7.236957550048828125e+01
7.253134155273437500e+01
7.269321441650390625e+01
7.285520172119140625e+01
7.301731109619140625e+01
7.317953491210937500e+01
7.334187316894531250e+01
7.350432586669921875e+01
