4.892775726318359375e+01
4.906186676025390625e+01
4.919613265991210938e+01
4.933054351806640625e+01
4.946509933471679688e+01
4.959980010986328125e+01
4.973462677001953125e+01
4.986958312988281250e+01
5.000467300415039062e+01
5.013987731933593750e+01
5.027519989013671875e+01
5.041065597534179688e+01
5.054622650146484375e+01
5.068192291259765625e+01
5.081773376464843750e+01
5.095366287231445312e+01
5.108970642089843750e+01
5.122586822509765625e+01
5.136214447021484375e+01
5.149853897094726562e+01
5.163504409790039062e+01
5.177166748046875000e+01
5.190839004516601562e+01
5.204521179199218750e+01
5.218215560913085938e+01
5.231918716430664062e+01
5.245633316040039062e+01
5.259358215332031250e+01
5.273094558715820312e+01
5.286838912963867188e+01
5.300594329833984375e+01
5.314359283447265625e+01
5.328134536743164062e+01
5.341918945312500000e+01
5.355712127685546875e+01
5.369515609741210938e+01
5.383327865600585938e+01
5.397150039672851562e+01
5.410980987548828125e+01
5.424821090698242188e+01
5.438669967651367188e+01
5.452527618408203125e+01
5.466395568847656250e+01
5.480271148681640625e+01
5.494155502319335938e+01
5.508049011230468750e+01
5.521950531005859375e+01
5.535860061645507812e+01
5.549778747558593750e+01
5.563705444335937500e+01
5.577640151977539062e+01
5.591583251953125000e+01
5.605534362792968750e+01
5.619495391845703125e+01
5.633462142944335938e+01
5.647438430786132812e+01
5.661422348022460938e+01
5.675413513183593750e+01
5.689412689208984375e+01
5.703419876098632812e+01
5.717434310913085938e+01
5.731455993652343750e+01
5.745485687255859375e+01
5.759522628784179688e+01
5.773566818237304688e+01
5.787619018554687500e+01
5.801678848266601562e+01
5.815745544433593750e+01
5.829819869995117188e+01
5.843901062011718750e+01
5.857989883422851562e+01
5.872086715698242188e+01
5.886190032958984375e+01
5.900299835205078125e+01
5.914417266845703125e+01
5.928541183471679688e+01
5.942671203613281250e+01
5.956808853149414062e+01
5.970952224731445312e+01
5.985103225708007812e+01
5.999259948730468750e+01
6.013424301147460938e+01
6.027594375610351562e+01
6.041772079467773438e+01
6.055955505371093750e+01
6.070145416259765625e+01
6.084342193603515625e+01
6.098545455932617188e+01
6.112755584716796875e+01
6.126972198486328125e+01
6.141194534301757812e+01
6.155423355102539062e+01
6.169658279418945312e+01
6.183900070190429688e+01
6.198146820068359375e+01
6.212400436401367188e+01
6.226660156250000000e+01
6.240924835205078125e+01
6.255196762084960938e+01
6.269473266601562500e+01
