6.272891235351562500e+01
6.283021163940429688e+01
6.293164443969726562e+01
6.303319931030273438e+01
6.313489913940429688e+01
6.323674392700195312e+01
6.333872604370117188e+01
6.344083404541015625e+01
6.354308319091796875e+01
6.364546203613281250e+01
6.374797821044921875e+01
6.385061645507812500e+01
6.395339965820312500e+01
6.405631256103515625e+01
6.415935516357421875e+01
6.426254272460937500e+01
6.436585235595703125e+01
6.446931457519531250e+01
6.457289886474609375e+01
6.467662048339843750e+01
6.478047943115234375e+01
6.488447570800781250e+01
6.498860168457031250e+01
6.509285736083984375e+01
6.519725799560546875e+01
6.530178833007812500e+01
6.540645599365234375e+01
6.551125335693359375e+01
6.561618804931640625e+01
6.572125244140625000e+01
6.582645416259765625e+01
6.593178558349609375e+01
6.603726196289062500e+01
6.614286041259765625e+01
6.624858856201171875e+01
6.635445404052734375e+01
6.646043395996093750e+01
6.656655883789062500e+01
6.667279815673828125e+01
6.677917480468750000e+01
6.688568115234375000e+01
6.699230957031250000e+01
6.709907531738281250e+01
6.720595550537109375e+01
6.731296539306640625e+01
6.742011260986328125e+01
6.752737426757812500e+01
6.763476562500000000e+01
6.774228668212890625e+01
6.784992218017578125e+01
6.795769500732421875e+01
6.806558227539062500e+01
6.817359161376953125e+01
6.828173065185546875e+01
6.838997650146484375e+01
6.849836730957031250e+01
6.860688018798828125e+01
6.871550750732421875e+01
6.882426452636718750e+01
6.893314361572265625e+01
6.904214477539062500e+01
6.915126037597656250e+01
6.926050567626953125e+01
6.936986541748046875e+01
6.947934722900390625e+01
6.958894348144531250e+01
6.969866943359375000e+01
6.980850982666015625e+01
6.991846466064453125e+01
7.002854156494140625e+01
7.013872528076171875e+01
7.024902343750000000e+01
7.035943603515625000e+01
7.046996307373046875e+01
7.058059692382812500e+01
7.069134521484375000e+01
7.080222320556640625e+01
7.091320037841796875e+01
7.102429962158203125e+01
7.113549804687500000e+01
7.124681854248046875e+01
7.135826873779296875e+01
7.146981048583984375e+01
7.158147430419921875e+01
7.169325256347656250e+01
7.180513000488281250e+01
7.191712188720703125e+01
7.202923583984375000e+01
7.214144134521484375e+01
7.225376129150390625e+01
7.236618804931640625e+01
7.247872924804687500e+01
7.259137725830078125e+01
7.270412445068359375e+01
7.281698608398437500e+01
7.292993164062500000e+01
7.304299926757812500e+01
7.315615844726562500e+01
7.326942443847656250e+01
7.338279724121093750e+01
