1.519938373565673828e+01
1.523684406280517578e+01
1.527442264556884766e+01
1.531211662292480469e+01
1.534993076324462891e+01
1.538786125183105469e+01
1.542590522766113281e+01
1.546406650543212891e+01
1.550233936309814453e+01
1.554072189331054688e+01
1.557921981811523438e+01
1.561782932281494141e+01
1.565654850006103516e+01
1.569538021087646484e+01
1.573432350158691406e+01
1.577337455749511719e+01
1.581253051757812500e+01
1.585179042816162109e+01
1.589115428924560547e+01
1.593062210083007812e+01
1.597019481658935547e+01
1.600986862182617188e+01
1.604965019226074219e+01
1.608953666687011719e+01
1.612952613830566406e+01
1.616962242126464844e+01
1.620982170104980469e+01
1.625011825561523438e+01
1.629051017761230469e+01
1.633100509643554688e+01
1.637159919738769531e+01
1.641228866577148438e+01
1.645307731628417969e+01
1.649396133422851562e+01
1.653493881225585938e+01
1.657601165771484375e+01
1.661717414855957031e+01
1.665843009948730469e+01
1.669977569580078125e+01
1.674121665954589844e+01
1.678274726867675781e+01
1.682436752319335938e+01
1.686607742309570312e+01
1.690787506103515625e+01
1.694975471496582031e+01
1.699172019958496094e+01
1.703377151489257812e+01
1.707591247558593750e+01
1.711813926696777344e+01
1.716044807434082031e+01
1.720284080505371094e+01
1.724531936645507812e+01
1.728787803649902344e+01
1.733051490783691406e+01
1.737322998046875000e+01
1.741602706909179688e+01
1.745890617370605469e+01
1.750185775756835938e+01
1.754489326477050781e+01
1.758800506591796875e+01
1.763118934631347656e+01
1.767445182800292969e+01
1.771779441833496094e+01
1.776121139526367188e+01
1.780470275878906250e+01
1.784826850891113281e+01
1.789190483093261719e+01
1.793561935424804688e+01
1.797940635681152344e+01
1.802326202392578125e+01
1.806719017028808594e+01
1.811118698120117188e+01
1.815525245666503906e+01
1.819938278198242188e+01
1.824358177185058594e+01
1.828784751892089844e+01
1.833217430114746094e+01
1.837657165527343750e+01
1.842103004455566406e+01
1.846555519104003906e+01
1.851014518737792969e+01
1.855479812622070312e+01
1.859951210021972656e+01
1.864428901672363281e+01
1.868912696838378906e+01
1.873402976989746094e+01
1.877899742126464844e+01
1.882402229309082031e+01
1.886911201477050781e+01
1.891426086425781250e+01
1.895946884155273438e+01
1.900473403930664062e+01
1.905005264282226562e+01
1.909543037414550781e+01
1.914085960388183594e+01
1.918634796142578125e+01
1.923189353942871094e+01
1.927749633789062500e+01
1.932315444946289062e+01
1.936886978149414062e+01
