2.462484359741210938e+01
2.499511146545410156e+01
2.536557769775390625e+01
2.573623275756835938e+01
2.610707473754882812e+01
2.647808837890625000e+01
2.684926605224609375e+01
2.722060012817382812e+01
2.759208297729492188e+01
2.796370506286621094e+01
2.833547019958496094e+01
2.870736122131347656e+01
2.907937812805175781e+01
2.945151138305664062e+01
2.982376670837402344e+01
3.019613265991210938e+01
3.056860542297363281e+01
3.094118309020996094e+01
3.131385803222656250e+01
3.168662834167480469e+01
3.205949401855468750e+01
3.243245697021484375e+01
3.280551147460937500e+01
3.317865371704101562e+01
3.355187606811523438e+01
3.392518997192382812e+01
3.429858398437500000e+01
3.467205429077148438e+01
3.504560470581054688e+01
3.541923522949218750e+01
3.579293441772460938e+01
3.616670989990234375e+01
3.654056549072265625e+01
3.691448211669921875e+01
3.728846740722656250e+01
3.766251754760742188e+01
3.803663253784179688e+01
3.841081237792968750e+01
3.878505706787109375e+01
3.915936660766601562e+01
3.953373718261718750e+01
3.990816116333007812e+01
4.028265380859375000e+01
4.065720367431640625e+01
4.103181076049804688e+01
4.140647888183593750e+01
4.178119277954101562e+01
4.215597915649414062e+01
4.253081512451171875e+01
4.290570449829101562e+01
4.328065109252929688e+01
4.365565109252929688e+01
4.403070449829101562e+01
4.440580368041992188e+01
4.478096008300781250e+01
4.515616226196289062e+01
4.553141784667968750e+01
4.590672302246093750e+01
4.628207397460937500e+01
4.665746688842773438e+01
4.703290939331054688e+01
4.740841293334960938e+01
4.778395080566406250e+01
4.815953445434570312e+01
4.853516006469726562e+01
4.891083145141601562e+01
4.928655624389648438e+01
4.966231155395507812e+01
5.003811645507812500e+01
5.041396713256835938e+01
5.078985595703125000e+01
5.116579055786132812e+01
5.154175949096679688e+01
5.191777801513671875e+01
5.229383850097656250e+01
5.266993331909179688e+01
5.304606628417968750e+01
5.342224502563476562e+01
5.379845428466796875e+01
5.417470169067382812e+01
5.455098724365234375e+01
5.492731094360351562e+01
5.530366516113281250e+01
5.568006134033203125e+01
5.605648803710937500e+01
5.643295669555664062e+01
5.680944442749023438e+01
5.718598175048828125e+01
5.756254577636718750e+01
5.793914413452148438e+01
5.831577301025390625e+01
5.869244384765625000e+01
5.906913375854492188e+01
5.944585418701171875e+01
5.982261276245117188e+01
6.019940185546875000e+01
6.057621002197265625e+01
6.095304489135742188e+01
6.132991027832031250e+01
6.170680618286132812e+01
