3.414892578125000000e+01
3.435768890380859375e+01
3.456685638427734375e+01
3.477645111083984375e+01
3.498645782470703125e+01
3.519689178466796875e+01
3.540774917602539062e+01
3.561904525756835938e+01
3.583076477050781250e+01
3.604292678833007812e+01
3.625551605224609375e+01
3.646854782104492188e+01
3.668201828002929688e+01
3.689592361450195312e+01
3.711027145385742188e+01
3.732507324218750000e+01
3.754030609130859375e+01
3.775597381591796875e+01
3.797207641601562500e+01
3.818860626220703125e+01
3.840555953979492188e+01
3.862293243408203125e+01
3.884071350097656250e+01
3.905890655517578125e+01
3.927751541137695312e+01
3.949653244018554688e+01
3.971595001220703125e+01
3.993575668334960938e+01
4.015596389770507812e+01
4.037656021118164062e+01
4.059753799438476562e+01
4.081888580322265625e+01
4.104061508178710938e+01
4.126272201538085938e+01
4.148519897460937500e+01
4.170803451538085938e+01
4.193124389648437500e+01
4.215480422973632812e+01
4.237873458862304688e+01
4.260301589965820312e+01
4.282764434814453125e+01
4.305260467529296875e+01
4.327790069580078125e+01
4.350352859497070312e+01
4.372948455810546875e+01
4.395576095581054688e+01
4.418235397338867188e+01
4.440927124023437500e+01
4.463650131225585938e+01
4.486404418945312500e+01
4.509188842773437500e+01
4.532002639770507812e+01
4.554845809936523438e+01
4.577717590332031250e+01
4.600618362426757812e+01
4.623546218872070312e+01
4.646501159667968750e+01
4.669482040405273438e+01
4.692490005493164062e+01
4.715522766113281250e+01
4.738578796386718750e+01
4.761660003662109375e+01
4.784762954711914062e+01
4.807888793945312500e+01
4.831037902832031250e+01
4.854209899902343750e+01
4.877403259277343750e+01
4.900617599487304688e+01
4.923851776123046875e+01
4.947106170654296875e+01
4.970380020141601562e+01
4.993672180175781250e+01
5.016983413696289062e+01
5.040311813354492188e+01
5.063656616210937500e+01
5.087020111083984375e+01
5.110399627685546875e+01
5.133795166015625000e+01
5.157205581665039062e+01
5.180632400512695312e+01
5.204072189331054688e+01
5.227528381347656250e+01
5.250999069213867188e+01
5.274482727050781250e+01
5.297981262207031250e+01
5.321491241455078125e+01
5.345014953613281250e+01
5.368551254272460938e+01
5.392100143432617188e+01
5.415660095214843750e+01
5.439232635498046875e+01
5.462816619873046875e+01
5.486412048339843750e+01
5.510017776489257812e+01
5.533633804321289062e+01
5.557261276245117188e+01
5.580897903442382812e+01
5.604545593261718750e+01
5.628202056884765625e+01
5.651867675781250000e+01
