4.624305725097656250e+01
4.638232421875000000e+01
4.652185440063476562e+01
4.666165542602539062e+01
4.680173492431640625e+01
4.694206619262695312e+01
4.708266067504882812e+01
4.722353363037109375e+01
4.736465454101562500e+01
4.750603866577148438e+01
4.764768981933593750e+01
4.778960037231445312e+01
4.793176651000976562e+01
4.807419967651367188e+01
4.821687698364257812e+01
4.835980987548828125e+01
4.850299835205078125e+01
4.864644622802734375e+01
4.879013442993164062e+01
4.893405532836914062e+01
4.907823181152343750e+01
4.922264480590820312e+01
4.936729812622070312e+01
4.951217651367187500e+01
4.965728759765625000e+01
4.980264282226562500e+01
4.994822311401367188e+01
5.009403991699218750e+01
5.024007797241210938e+01
5.038634490966796875e+01
5.053283309936523438e+01
5.067955398559570312e+01
5.082648468017578125e+01
5.097362899780273438e+01
5.112098312377929688e+01
5.126855468750000000e+01
5.141632080078125000e+01
5.156430053710937500e+01
5.171247863769531250e+01
5.186085510253906250e+01
5.200944519042968750e+01
5.215823364257812500e+01
5.230721282958984375e+01
5.245639038085937500e+01
5.260574340820312500e+01
5.275528335571289062e+01
5.290499877929687500e+01
5.305489349365234375e+01
5.320496749877929688e+01
5.335521697998046875e+01
5.350562286376953125e+01
5.365620040893554688e+01
5.380693817138671875e+01
5.395785140991210938e+01
5.410890960693359375e+01
5.426012039184570312e+01
5.441148757934570312e+01
5.456301116943359375e+01
5.471467590332031250e+01
5.486648941040039062e+01
5.501845550537109375e+01
5.517056274414062500e+01
5.532281112670898438e+01
5.547520446777343750e+01
5.562772750854492188e+01
5.578038787841796875e+01
5.593317031860351562e+01
5.608609008789062500e+01
5.623914337158203125e+01
5.639231109619140625e+01
5.654560089111328125e+01
5.669901275634765625e+01
5.685253906250000000e+01
5.700617599487304688e+01
5.715995025634765625e+01
5.731382369995117188e+01
5.746780395507812500e+01
5.762189865112304688e+01
5.777610015869140625e+01
5.793040466308593750e+01
5.808481216430664062e+01
5.823932647705078125e+01
5.839393234252929688e+01
5.854865646362304688e+01
5.870346069335937500e+01
5.885835647583007812e+01
5.901335525512695312e+01
5.916843414306640625e+01
5.932360458374023438e+01
5.947885513305664062e+01
5.963418960571289062e+01
5.978961181640625000e+01
5.994509887695312500e+01
6.010067367553710938e+01
6.025632095336914062e+01
6.041205978393554688e+01
6.056786727905273438e+01
6.072375106811523438e+01
6.087969970703125000e+01
6.103572845458984375e+01
