6.974868774414062500e+01
6.978765869140625000e+01
6.982667541503906250e+01
6.986577606201171875e+01
6.990494537353515625e+01
6.994419097900390625e+01
6.998349761962890625e+01
7.002288055419921875e+01
7.006233215332031250e+01
7.010185241699218750e+01
7.014144134521484375e+01
7.018109130859375000e+01
7.022080993652343750e+01
7.026060485839843750e+01
7.030046844482421875e+01
7.034038543701171875e+01
7.038038635253906250e+01
7.042044067382812500e+01
7.046057891845703125e+01
7.050077819824218750e+01
7.054104614257812500e+01
7.058138275146484375e+01
7.062178039550781250e+01
7.066224670410156250e+01
7.070277404785156250e+01
7.074337768554687500e+01
7.078404235839843750e+01
7.082477569580078125e+01
7.086557006835937500e+01
7.090643310546875000e+01
7.094736480712890625e+01
7.098836517333984375e+01
7.102941894531250000e+01
7.107054138183593750e+01
7.111172485351562500e+01
7.115297698974609375e+01
7.119429016113281250e+01
7.123564147949218750e+01
7.127707672119140625e+01
7.131856536865234375e+01
7.136012268066406250e+01
7.140173339843750000e+01
7.144341278076171875e+01
7.148515319824218750e+01
7.152694702148437500e+01
7.156880187988281250e+01
7.161071014404296875e+01
7.165270233154296875e+01
7.169474792480468750e+01
7.173684692382812500e+01
7.177901458740234375e+01
7.182123565673828125e+01
7.186352539062500000e+01
7.190586853027343750e+01
7.194826507568359375e+01
7.199072265625000000e+01
7.203324127197265625e+01
7.207582092285156250e+01
7.211844635009765625e+01
7.216113281250000000e+01
7.220387268066406250e+01
7.224666595458984375e+01
7.228952026367187500e+01
7.233243560791015625e+01
7.237539672851562500e+01
7.241841125488281250e+01
7.246150207519531250e+01
7.250463104248046875e+01
7.254782104492187500e+01
7.259106445312500000e+01
7.263435363769531250e+01
7.267771148681640625e+01
7.272110748291015625e+01
7.276457214355468750e+01
7.280809020996093750e+01
7.285165405273437500e+01
7.289526367187500000e+01
7.293894195556640625e+01
7.298266601562500000e+01
7.302644348144531250e+01
7.307027435302734375e+01
7.311415863037109375e+01
7.315808105468750000e+01
7.320206451416015625e+01
7.324610137939453125e+01
7.329017639160156250e+01
7.333432006835937500e+01
7.337850952148437500e+01
7.342275238037109375e+01
7.346704101562500000e+01
7.351139068603515625e+01
7.355578613281250000e+01
7.360023498535156250e+01
7.364472198486328125e+01
7.368926239013671875e+01
7.373384857177734375e+01
7.377848052978515625e+01
7.382315826416015625e+01
7.386789703369140625e+01
7.391266632080078125e+01
