5.643266677856445312e+01
5.654150009155273438e+01
5.665044403076171875e+01
5.675948715209960938e+01
5.686864471435546875e+01
5.697790527343750000e+01
5.708726501464843750e+01
5.719673919677734375e+01
5.730631256103515625e+01
5.741598892211914062e+01
5.752575683593750000e+01
5.763563156127929688e+01
5.774560928344726562e+01
5.785569000244140625e+01
5.796585083007812500e+01
5.807611083984375000e+01
5.818648910522460938e+01
5.829695510864257812e+01
5.840752410888671875e+01
5.851818847656250000e+01
5.862894821166992188e+01
5.873981094360351562e+01
5.885075378417968750e+01
5.896179962158203125e+01
5.907294845581054688e+01
5.918418884277343750e+01
5.929552078247070312e+01
5.940695571899414062e+01
5.951847839355468750e+01
5.963008880615234375e+01
5.974179077148437500e+01
5.985357666015625000e+01
5.996546554565429688e+01
6.007743835449218750e+01
6.018951034545898438e+01
6.030167388916015625e+01
6.041392135620117188e+01
6.052626037597656250e+01
6.063868713378906250e+01
6.075121688842773438e+01
6.086381530761718750e+01
6.097651290893554688e+01
6.108929061889648438e+01
6.120215606689453125e+01
6.131511688232421875e+01
6.142816162109375000e+01
6.154129028320312500e+01
6.165449905395507812e+01
6.176779937744140625e+01
6.188118743896484375e+01
6.199466705322265625e+01
6.210821533203125000e+01
6.222185516357421875e+01
6.233557891845703125e+01
6.244939041137695312e+01
6.256327819824218750e+01
6.267725372314453125e+01
6.279130935668945312e+01
6.290544509887695312e+01
6.301966476440429688e+01
6.313395690917968750e+01
6.324834442138671875e+01
6.336280059814453125e+01
6.347734451293945312e+01
6.359196853637695312e+01
6.370667648315429688e+01
6.382145690917968750e+01
6.393632125854492188e+01
6.405126953125000000e+01
6.416628265380859375e+01
6.428138732910156250e+01
6.439656829833984375e+01
6.451181030273437500e+01
6.462715911865234375e+01
6.474257659912109375e+01
6.485807037353515625e+01
6.497363281250000000e+01
6.508927154541015625e+01
6.520500183105468750e+01
6.532080078125000000e+01
6.543666839599609375e+01
6.555261993408203125e+01
6.566863250732421875e+01
6.578472137451171875e+01
6.590090179443359375e+01
6.601714324951171875e+01
6.613346862792968750e+01
6.624987792968750000e+01
6.636635589599609375e+01
6.648290252685546875e+01
6.659952545166015625e+01
6.671620941162109375e+01
6.683297729492187500e+01
6.694979858398437500e+01
6.706671142578125000e+01
6.718368530273437500e+01
6.730073547363281250e+01
6.741785430908203125e+01
6.753504180908203125e+01
6.765231323242187500e+01
