4.450925064086914062e+01
4.466436004638671875e+01
4.481972122192382812e+01
4.497533416748046875e+01
4.513119888305664062e+01
4.528731155395507812e+01
4.544366836547851562e+01
4.560026168823242188e+01
4.575708770751953125e+01
4.591416168212890625e+01
4.607145690917968750e+01
4.622897720336914062e+01
4.638672637939453125e+01
4.654470443725585938e+01
4.670289993286132812e+01
4.686131286621093750e+01
4.701993942260742188e+01
4.717877960205078125e+01
4.733782196044921875e+01
4.749708938598632812e+01
4.765656661987304688e+01
4.781624603271484375e+01
4.797612762451171875e+01
4.813622283935546875e+01
4.829650115966796875e+01
4.845697784423828125e+01
4.861764907836914062e+01
4.877849960327148438e+01
4.893954467773437500e+01
4.910078430175781250e+01
4.926220703125000000e+01
4.942380523681640625e+01
4.958557128906250000e+01
4.974750518798828125e+01
4.990960693359375000e+01
5.007187652587890625e+01
5.023431777954101562e+01
5.039692306518554688e+01
5.055967712402343750e+01
5.072259902954101562e+01
5.088568878173828125e+01
5.104892349243164062e+01
5.121232223510742188e+01
5.137587738037109375e+01
5.153958892822265625e+01
5.170344543457031250e+01
5.186745452880859375e+01
5.203163146972656250e+01
5.219594573974609375e+01
5.236041259765625000e+01
5.252501296997070312e+01
5.268976211547851562e+01
5.285464477539062500e+01
5.301966476440429688e+01
5.318482208251953125e+01
5.335010528564453125e+01
5.351551055908203125e+01
5.368105697631835938e+01
5.384672164916992188e+01
5.401251220703125000e+01
5.417842102050781250e+01
5.434445571899414062e+01
5.451060104370117188e+01
5.467687606811523438e+01
5.484326171875000000e+01
5.500976562500000000e+01
5.517639541625976562e+01
5.534314346313476562e+01
5.550999832153320312e+01
5.567696762084960938e+01
5.584404373168945312e+01
5.601123809814453125e+01
5.617854309082031250e+01
5.634595489501953125e+01
5.651346588134765625e+01
5.668109512329101562e+01
5.684882354736328125e+01
5.701664352416992188e+01
5.718456649780273438e+01
5.735260009765625000e+01
5.752072143554687500e+01
5.768894577026367188e+01
5.785726547241210938e+01
5.802568435668945312e+01
5.819418334960937500e+01
5.836277389526367188e+01
5.853145599365234375e+01
5.870022201538085938e+01
5.886907958984375000e+01
5.903802108764648438e+01
5.920705032348632812e+01
5.937617874145507812e+01
5.954538726806640625e+01
5.971467590332031250e+01
5.988405609130859375e+01
6.005352401733398438e+01
6.022306823730468750e+01
6.039269256591796875e+01
6.056240081787109375e+01
6.073218917846679688e+01
