2.888860893249511719e+01
2.917137718200683594e+01
2.945445060729980469e+01
2.973783111572265625e+01
3.002149200439453125e+01
3.030544471740722656e+01
3.058967208862304688e+01
3.087417984008789062e+01
3.115895080566406250e+01
3.144398307800292969e+01
3.172927284240722656e+01
3.201481246948242188e+01
3.230059814453125000e+01
3.258662033081054688e+01
3.287288284301757812e+01
3.315937805175781250e+01
3.344609832763671875e+01
3.373304748535156250e+01
3.402020645141601562e+01
3.430758285522460938e+01
3.459518051147460938e+01
3.488298416137695312e+01
3.517098999023437500e+01
3.545919418334960938e+01
3.574760055541992188e+01
3.603620529174804688e+01
3.632501220703125000e+01
3.661399841308593750e+01
3.690317916870117188e+01
3.719255447387695312e+01
3.748211669921875000e+01
3.777186584472656250e+01
3.806179046630859375e+01
3.835189056396484375e+01
3.864216232299804688e+01
3.893260574340820312e+01
3.922323226928710938e+01
3.951401138305664062e+01
3.980496215820312500e+01
4.009608078002929688e+01
4.038735961914062500e+01
4.067880630493164062e+01
4.097040939331054688e+01
4.126217651367187500e+01
4.155409622192382812e+01
4.184616470336914062e+01
4.213837814331054688e+01
4.243074035644531250e+01
4.272325134277343750e+01
4.301589965820312500e+01
4.330868530273437500e+01
4.360161209106445312e+01
4.389467620849609375e+01
4.418786239624023438e+01
4.448117828369140625e+01
4.477462768554687500e+01
4.506820678710937500e+01
4.536191177368164062e+01
4.565573501586914062e+01
4.594967269897460938e+01
4.624374008178710938e+01
4.653792190551757812e+01
4.683222198486328125e+01
4.712662124633789062e+01
4.742113494873046875e+01
4.771574401855468750e+01
4.801045989990234375e+01
4.830527877807617188e+01
4.860020065307617188e+01
4.889523315429687500e+01
4.919035720825195312e+01
4.948557662963867188e+01
4.978089523315429688e+01
5.007630157470703125e+01
5.037179946899414062e+01
5.066738510131835938e+01
5.096305084228515625e+01
5.125881195068359375e+01
5.155464935302734375e+01
5.185057067871093750e+01
5.214658355712890625e+01
5.244266510009765625e+01
5.273882675170898438e+01
5.303505706787109375e+01
5.333135604858398438e+01
5.362773513793945312e+01
5.392416763305664062e+01
5.422067642211914062e+01
5.451725006103515625e+01
5.481387710571289062e+01
5.511056518554687500e+01
5.540731048583984375e+01
5.570411682128906250e+01
5.600097656250000000e+01
5.629788970947265625e+01
5.659484481811523438e+01
5.689186477661132812e+01
5.718893432617187500e+01
5.748605728149414062e+01
5.778322219848632812e+01
