3.638123703002929688e+01
3.659745407104492188e+01
3.681402587890625000e+01
3.703094482421875000e+01
3.724821090698242188e+01
3.746582031250000000e+01
3.768376541137695312e+01
3.790204620361328125e+01
3.812065505981445312e+01
3.833959197998046875e+01
3.855885696411132812e+01
3.877844619750976562e+01
3.899834442138671875e+01
3.921857070922851562e+01
3.943910598754882812e+01
3.965995025634765625e+01
3.988110351562500000e+01
4.010255432128906250e+01
4.032430648803710938e+01
4.054634857177734375e+01
4.076867294311523438e+01
4.099128341674804688e+01
4.121417617797851562e+01
4.143734359741210938e+01
4.166080093383789062e+01
4.188451004028320312e+01
4.210850143432617188e+01
4.233274841308593750e+01
4.255725479125976562e+01
4.278201675415039062e+01
4.300702667236328125e+01
4.323228454589843750e+01
4.345779037475585938e+01
4.368352890014648438e+01
4.390951156616210938e+01
4.413572692871093750e+01
4.436217117309570312e+01
4.458883666992187500e+01
4.481573104858398438e+01
4.504284286499023438e+01
4.527016830444335938e+01
4.549770736694335938e+01
4.572546768188476562e+01
4.595343399047851562e+01
4.618160629272460938e+01
4.640997314453125000e+01
4.663853454589843750e+01
4.686730575561523438e+01
4.709626770019531250e+01
4.732541275024414062e+01
4.755474472045898438e+01
4.778425979614257812e+01
4.801395416259765625e+01
4.824383163452148438e+01
4.847388458251953125e+01
4.870411300659179688e+01
4.893450546264648438e+01
4.916507720947265625e+01
4.939581298828125000e+01
4.962670516967773438e+01
4.985776519775390625e+01
5.008897399902343750e+01
5.032034301757812500e+01
5.055186080932617188e+01
5.078353500366210938e+01
5.101535034179687500e+01
5.124731063842773438e+01
5.147942352294921875e+01
5.171167373657226562e+01
5.194406509399414062e+01
5.217660140991210938e+01
5.240927886962890625e+01
5.264208984375000000e+01
5.287503814697265625e+01
5.310811233520507812e+01
5.334131622314453125e+01
5.357465744018554688e+01
5.380812835693359375e+01
5.404170989990234375e+01
5.427543258666992188e+01
5.450926589965820312e+01
5.474322128295898438e+01
5.497728729248046875e+01
5.521147918701171875e+01
5.544577789306640625e+01
5.568019866943359375e+01
5.591473388671875000e+01
5.614937210083007812e+01
5.638412094116210938e+01
5.661897659301757812e+01
5.685393142700195312e+01
5.708900070190429688e+01
5.732416534423828125e+01
5.755943298339843750e+01
5.779480743408203125e+01
5.803026580810546875e+01
5.826583480834960938e+01
5.850149536132812500e+01
5.873724365234375000e+01
5.897309875488281250e+01
