3.586255264282226562e+01
3.607664871215820312e+01
3.629105377197265625e+01
3.650576782226562500e+01
3.672078704833984375e+01
3.693610000610351562e+01
3.715171051025390625e+01
3.736761093139648438e+01
3.758380126953125000e+01
3.780028152465820312e+01
3.801704025268554688e+01
3.823408508300781250e+01
3.845140457153320312e+01
3.866898727416992188e+01
3.888684844970703125e+01
3.910497283935546875e+01
3.932335662841796875e+01
3.954198837280273438e+01
3.976087188720703125e+01
3.998000717163085938e+01
4.019938278198242188e+01
4.041899871826171875e+01
4.063887023925781250e+01
4.085897827148437500e+01
4.107931518554687500e+01
4.129988479614257812e+01
4.152068710327148438e+01
4.174171447753906250e+01
4.196296310424804688e+01
4.218443679809570312e+01
4.240612411499023438e+01
4.262802886962890625e+01
4.285014343261718750e+01
4.307247161865234375e+01
4.329500579833984375e+01
4.351774215698242188e+01
4.374068450927734375e+01
4.396382904052734375e+01
4.418717956542968750e+01
4.441070938110351562e+01
4.463444519042968750e+01
4.485836791992187500e+01
4.508247756958007812e+01
4.530677032470703125e+01
4.553125381469726562e+01
4.575592041015625000e+01
4.598077392578125000e+01
4.620579528808593750e+01
4.643098831176757812e+01
4.665635681152343750e+01
4.688188171386718750e+01
4.710757827758789062e+01
4.733343505859375000e+01
4.755946731567382812e+01
4.778564453125000000e+01
4.801198959350585938e+01
4.823848724365234375e+01
4.846514511108398438e+01
4.869194412231445312e+01
4.891889953613281250e+01
4.914599990844726562e+01
4.937323760986328125e+01
4.960062408447265625e+01
4.982814407348632812e+01
5.005581665039062500e+01
5.028362274169921875e+01
5.051156616210937500e+01
5.073963165283203125e+01
5.096784591674804688e+01
5.119617843627929688e+01
5.142464447021484375e+01
5.165322113037109375e+01
5.188193511962890625e+01
5.211077117919921875e+01
5.233972930908203125e+01
5.256880950927734375e+01
5.279800033569335938e+01
5.302730941772460938e+01
5.325674438476562500e+01
5.348629379272460938e+01
5.371596145629882812e+01
5.394573974609375000e+01
5.417563247680664062e+01
5.440563964843750000e+01
5.463575744628906250e+01
5.486596679687500000e+01
5.509629058837890625e+01
5.532671737670898438e+01
5.555723190307617188e+01
5.578785705566406250e+01
5.601857376098632812e+01
5.624938201904296875e+01
5.648028945922851562e+01
5.671129989624023438e+01
5.694240188598632812e+01
5.717358779907226562e+01
5.740487670898437500e+01
5.763625717163085938e+01
5.786771011352539062e+01
5.809927368164062500e+01
