1.675476646423339844e+01
1.679828643798828125e+01
1.684185981750488281e+01
1.688548851013183594e+01
1.692917251586914062e+01
1.697291183471679688e+01
1.701670074462890625e+01
1.706054687500000000e+01
1.710444259643554688e+01
1.714839172363281250e+01
1.719239234924316406e+01
1.723644256591796875e+01
1.728054237365722656e+01
1.732468795776367188e+01
1.736888122558593750e+01
1.741312789916992188e+01
1.745742034912109375e+01
1.750176048278808594e+01
1.754614830017089844e+01
1.759057998657226562e+01
1.763506126403808594e+01
1.767958831787109375e+01
1.772416305541992188e+01
1.776878547668457031e+01
1.781344795227050781e+01
1.785815620422363281e+01
1.790290641784667969e+01
1.794769859313964844e+01
1.799253273010253906e+01
1.803741455078125000e+01
1.808233261108398438e+01
1.812729454040527344e+01
1.817229461669921875e+01
1.821733283996582031e+01
1.826241302490234375e+01
1.830753135681152344e+01
1.835268783569335938e+01
1.839788055419921875e+01
1.844311332702636719e+01
1.848838424682617188e+01
1.853369331359863281e+01
1.857904243469238281e+01
1.862442588806152344e+01
1.866984176635742188e+01
1.871529769897460938e+01
1.876078605651855469e+01
1.880631446838378906e+01
1.885187339782714844e+01
1.889746856689453125e+01
1.894309806823730469e+01
1.898875808715820312e+01
1.903445053100585938e+01
1.908017730712890625e+01
1.912593841552734375e+01
1.917173004150390625e+01
1.921755409240722656e+01
1.926341056823730469e+01
1.930929756164550781e+01
1.935521316528320312e+01
1.940116500854492188e+01
1.944714355468750000e+01
1.949315071105957031e+01
1.953918457031250000e+01
1.958525085449218750e+01
1.963134384155273438e+01
1.967746734619140625e+01
1.972361946105957031e+01
1.976979637145996094e+01
1.981600570678710938e+01
1.986224174499511719e+01
1.990850639343261719e+01
1.995479965209960938e+01
2.000112152099609375e+01
2.004746818542480469e+01
2.009384536743164062e+01
2.014024734497070312e+01
2.018667411804199219e+01
2.023313140869140625e+01
2.027961158752441406e+01
2.032612037658691406e+01
2.037265396118164062e+01
2.041921424865722656e+01
2.046579933166503906e+01
2.051240730285644531e+01
2.055904197692871094e+01
2.060569953918457031e+01
2.065238380432128906e+01
2.069909095764160156e+01
2.074582290649414062e+01
2.079257774353027344e+01
2.083935737609863281e+01
2.088616180419921875e+01
2.093298912048339844e+01
2.097983932495117188e+01
2.102671623229980469e+01
2.107361602783203125e+01
2.112054061889648438e+01
2.116748619079589844e+01
2.121445846557617188e+01
2.126145362854003906e+01
