1.356567478179931641e+01
1.380286502838134766e+01
1.404067802429199219e+01
1.427908325195312500e+01
1.451806640625000000e+01
1.475759601593017578e+01
1.499765586853027344e+01
1.523821830749511719e+01
1.547926139831542969e+01
1.572077178955078125e+01
1.596273517608642578e+01
1.620513534545898438e+01
1.644795227050781250e+01
1.669117355346679688e+01
1.693477439880371094e+01
1.717874908447265625e+01
1.742308807373046875e+01
1.766776466369628906e+01
1.791277694702148438e+01
1.815811729431152344e+01
1.840376663208007812e+01
1.864971542358398438e+01
1.889595031738281250e+01
1.914245605468750000e+01
1.938922500610351562e+01
1.963624954223632812e+01
1.988352012634277344e+01
2.013102722167968750e+01
2.037877273559570312e+01
2.062674331665039062e+01
2.087493705749511719e+01
2.112334251403808594e+01
2.137195587158203125e+01
2.162076950073242188e+01
2.186978149414062500e+01
2.211898612976074219e+01
2.236837196350097656e+01
2.261793518066406250e+01
2.286767387390136719e+01
2.311757850646972656e+01
2.336764907836914062e+01
2.361787796020507812e+01
2.386826705932617188e+01
2.411879920959472656e+01
2.436947822570800781e+01
2.462030029296875000e+01
2.487125587463378906e+01
2.512235260009765625e+01
2.537358093261718750e+01
2.562493896484375000e+01
2.587641716003417969e+01
2.612801742553710938e+01
2.637973976135253906e+01
2.663157272338867188e+01
2.688351058959960938e+01
2.713556098937988281e+01
2.738771057128906250e+01
2.763996696472167969e+01
2.789232254028320312e+01
2.814476966857910156e+01
2.839731597900390625e+01
2.864995193481445312e+01
2.890268325805664062e+01
2.915550231933593750e+01
2.940841102600097656e+01
2.966140556335449219e+01
2.991449356079101562e+01
3.016765594482421875e+01
3.042090606689453125e+01
3.067423248291015625e+01
3.092763900756835938e+01
3.118111610412597656e+01
3.143466377258300781e+01
3.168828964233398438e+01
3.194198799133300781e+01
3.219575119018554688e+01
3.244958496093750000e+01
3.270347595214843750e+01
3.295744323730468750e+01
3.321147155761718750e+01
3.346556472778320312e+01
3.371971511840820312e+01
3.397392654418945312e+01
3.422819519042968750e+01
3.448251724243164062e+01
3.473690032958984375e+01
3.499133300781250000e+01
3.524581527709960938e+01
3.550036239624023438e+01
3.575495147705078125e+01
3.600959396362304688e+01
3.626428985595703125e+01
3.651903152465820312e+01
3.677382278442382812e+01
3.702865982055664062e+01
3.728354263305664062e+01
3.753847122192382812e+01
3.779343414306640625e+01
3.804844665527343750e+01
3.830350112915039062e+01
