6.874655151367187500e+01
6.842696380615234375e+01
6.810736083984375000e+01
6.778778076171875000e+01
6.746818542480468750e+01
6.714858245849609375e+01
6.682898712158203125e+01
6.650939178466796875e+01
6.618980407714843750e+01
6.587020874023437500e+01
6.555062866210937500e+01
6.523103332519531250e+01
6.491142272949218750e+01
6.459185028076171875e+01
6.427225494384765625e+01
6.395264434814453125e+01
6.363304138183593750e+01
6.331345367431640625e+01
6.299385070800781250e+01
6.267427825927734375e+01
6.235468292236328125e+01
6.203507995605468750e+01
6.171549224853515625e+01
6.139591217041015625e+01
6.107631301879882812e+01
6.075670623779296875e+01
6.043712234497070312e+01
6.011752700805664062e+01
5.979792022705078125e+01
5.947833251953125000e+01
5.915872192382812500e+01
5.883914184570312500e+01
5.851955413818359375e+01
5.819996643066406250e+01
5.788036346435546875e+01
5.756079101562500000e+01
5.724118804931640625e+01
5.692158508300781250e+01
5.660198593139648438e+01
5.628237152099609375e+01
5.596279144287109375e+01
5.564372634887695312e+01
5.532468414306640625e+01
5.500562667846679688e+01
5.470542144775390625e+01
5.447233200073242188e+01
5.423924255371093750e+01
5.400616455078125000e+01
5.377306365966796875e+01
5.353997421264648438e+01
5.330688476562500000e+01
5.307380676269531250e+01
5.284069824218750000e+01
5.260760116577148438e+01
5.237451171875000000e+01
5.214143371582031250e+01
5.190834045410156250e+01
5.167527389526367188e+01
5.144215393066406250e+01
5.120909118652343750e+01
5.097602844238281250e+01
5.074290847778320312e+01
5.050981140136718750e+01
5.027671051025390625e+01
5.004363250732421875e+01
4.981052780151367188e+01
4.957748413085937500e+01
4.934440612792968750e+01
4.911128997802734375e+01
4.887817764282226562e+01
4.864510345458984375e+01
4.841202545166015625e+01
4.817893218994140625e+01
4.794581604003906250e+01
4.771277618408203125e+01
4.747967529296875000e+01
4.724658203125000000e+01
4.701349639892578125e+01
4.678040313720703125e+01
4.654732513427734375e+01
4.631420898437500000e+01
4.608111572265625000e+01
4.584806823730468750e+01
4.561498260498046875e+01
4.538185119628906250e+01
4.514875793457031250e+01
4.491567993164062500e+01
4.468259429931640625e+01
4.444950866699218750e+01
4.421642303466796875e+01
4.398332977294921875e+01
4.375023651123046875e+01
4.351715850830078125e+01
4.328409576416015625e+01
4.305097198486328125e+01
4.281788635253906250e+01
4.258479309082031250e+01
4.235173797607421875e+01
4.211860656738281250e+01
4.188553619384765625e+01
