6.600068664550781250e+01
6.570330810546875000e+01
6.540593719482421875e+01
6.510855865478515625e+01
6.481118774414062500e+01
6.451382446289062500e+01
6.421645355224609375e+01
6.391907882690429688e+01
6.362170791625976562e+01
6.332434844970703125e+01
6.302697753906250000e+01
6.272962188720703125e+01
6.243223571777343750e+01
6.213486480712890625e+01
6.183748626708984375e+01
6.154013061523437500e+01
6.124275588989257812e+01
6.094538116455078125e+01
6.064827728271484375e+01
6.035472869873046875e+01
6.006119537353515625e+01
5.976763153076171875e+01
5.947410583496093750e+01
5.918055343627929688e+01
5.888702392578125000e+01
5.859347152709960938e+01
5.829993820190429688e+01
5.800640869140625000e+01
5.771286392211914062e+01
5.741929626464843750e+01
5.712577438354492188e+01
5.683222198486328125e+01
5.653868484497070312e+01
5.624514770507812500e+01
5.595160675048828125e+01
5.565806579589843750e+01
5.536450958251953125e+01
5.507098388671875000e+01
5.477744293212890625e+01
5.448390197753906250e+01
5.419035339355468750e+01
5.389682006835937500e+01
5.360327529907226562e+01
5.330973052978515625e+01
5.301618957519531250e+01
5.272262954711914062e+01
5.242910766601562500e+01
5.213555908203125000e+01
5.184201812744140625e+01
5.154848480224609375e+01
5.125493621826171875e+01
5.096138763427734375e+01
5.066785430908203125e+01
5.037429809570312500e+01
5.008078002929687500e+01
4.978722381591796875e+01
4.949366760253906250e+01
4.920013046264648438e+01
4.890660858154296875e+01
4.861305618286132812e+01
4.831953430175781250e+01
4.802596664428710938e+01
4.773243713378906250e+01
4.743889236450195312e+01
4.714534759521484375e+01
4.685180664062500000e+01
4.655825805664062500e+01
4.626472473144531250e+01
4.597117614746093750e+01
4.567850494384765625e+01
4.538645935058593750e+01
4.509440994262695312e+01
4.480237960815429688e+01
4.451032257080078125e+01
4.421828460693359375e+01
4.392625427246093750e+01
4.363419723510742188e+01
4.334215927124023438e+01
4.305009841918945312e+01
4.275805664062500000e+01
4.246603393554687500e+01
4.217396163940429688e+01
4.188193511962890625e+01
4.158990478515625000e+01
4.129785537719726562e+01
4.100580978393554688e+01
4.071376800537109375e+01
4.042171478271484375e+01
4.012969207763671875e+01
3.983765411376953125e+01
3.954561614990234375e+01
3.925354766845703125e+01
3.896149444580078125e+01
3.866946029663085938e+01
3.837743377685546875e+01
3.808538055419921875e+01
3.779334259033203125e+01
3.750128173828125000e+01
3.720923995971679688e+01
3.691721343994140625e+01
