6.990652465820312500e+01
6.960302734375000000e+01
6.929953765869140625e+01
6.899603271484375000e+01
6.869253540039062500e+01
6.838903045654296875e+01
6.808554077148437500e+01
6.778204345703125000e+01
6.747853851318359375e+01
6.717503356933593750e+01
6.687154388427734375e+01
6.656804656982421875e+01
6.626454162597656250e+01
6.596104431152343750e+01
6.565754699707031250e+01
6.535404968261718750e+01
6.505055236816406250e+01
6.474705505371093750e+01
6.444355010986328125e+01
6.414005279541015625e+01
6.383654785156250000e+01
6.353305816650390625e+01
6.322955703735351562e+01
6.292605590820312500e+01
6.262256622314453125e+01
6.231905746459960938e+01
6.201557159423828125e+01
6.171205902099609375e+01
6.140856170654296875e+01
6.110506820678710938e+01
6.080157089233398438e+01
6.049807739257812500e+01
6.019456481933593750e+01
5.989107894897460938e+01
5.958757781982421875e+01
5.928407669067382812e+01
5.898056793212890625e+01
5.867707824707031250e+01
5.837357711791992188e+01
5.807007598876953125e+01
5.776657867431640625e+01
5.746308898925781250e+01
5.715958023071289062e+01
5.685607910156250000e+01
5.655258560180664062e+01
5.624908828735351562e+01
5.594558715820312500e+01
5.564209747314453125e+01
5.533859252929687500e+01
5.503509140014648438e+01
5.473159408569335938e+01
5.442810058593750000e+01
5.412459564208984375e+01
5.382110595703125000e+01
5.351759719848632812e+01
5.321409225463867188e+01
5.291061782836914062e+01
5.260710906982421875e+01
5.230359268188476562e+01
5.200011825561523438e+01
5.169660568237304688e+01
5.139310455322265625e+01
5.108960723876953125e+01
5.078610992431640625e+01
5.048261260986328125e+01
5.017911529541015625e+01
4.987562179565429688e+01
4.957212066650390625e+01
4.926862335205078125e+01
4.896511840820312500e+01
4.866161727905273438e+01
4.835811996459960938e+01
4.805463790893554688e+01
4.775112915039062500e+01
4.744762802124023438e+01
4.714412689208984375e+01
4.684062957763671875e+01
4.653712844848632812e+01
4.623363876342773438e+01
4.593013381958007812e+01
4.562664794921875000e+01
4.532314300537109375e+01
4.501964569091796875e+01
4.471614456176757812e+01
4.441265106201171875e+01
4.410915374755859375e+01
4.380565643310546875e+01
4.350215148925781250e+01
4.319864273071289062e+01
4.289515686035156250e+01
4.259165573120117188e+01
4.228815841674804688e+01
4.198465728759765625e+01
4.168115997314453125e+01
4.137766265869140625e+01
4.107417297363281250e+01
4.077066040039062500e+01
4.046717834472656250e+01
4.016365814208984375e+01
3.986016845703125000e+01
