7.313788604736328125e+01
7.278124237060546875e+01
7.242459106445312500e+01
7.206793975830078125e+01
7.171128845214843750e+01
7.135463714599609375e+01
7.099799346923828125e+01
7.064134216308593750e+01
7.028469085693359375e+01
6.992803955078125000e+01
6.957139587402343750e+01
6.921474456787109375e+01
6.885809326171875000e+01
6.850144195556640625e+01
6.814479827880859375e+01
6.778814697265625000e+01
6.743149566650390625e+01
6.707485198974609375e+01
6.671820068359375000e+01
6.636154174804687500e+01
6.600489044189453125e+01
6.564825439453125000e+01
6.529159545898437500e+01
6.493495178222656250e+01
6.457829284667968750e+01
6.422164916992187500e+01
6.386499786376953125e+01
6.350834655761718750e+01
6.315169525146484375e+01
6.279504394531250000e+01
6.243840026855468750e+01
6.208174514770507812e+01
6.172509384155273438e+01
6.136844253540039062e+01
6.101179885864257812e+01
6.065514373779296875e+01
6.029849243164062500e+01
5.994184112548828125e+01
5.958519744873046875e+01
5.922854995727539062e+01
5.887189483642578125e+01
5.851525115966796875e+01
5.815860366821289062e+01
5.780194091796875000e+01
5.744529342651367188e+01
5.708863830566406250e+01
5.673199844360351562e+01
5.637535095214843750e+01
5.601869201660156250e+01
5.566204071044921875e+01
5.530540084838867188e+01
5.494875335693359375e+01
5.459210968017578125e+01
5.423545837402343750e+01
5.387880706787109375e+01
5.352215957641601562e+01
5.316549682617187500e+01
5.280886077880859375e+01
5.245220184326171875e+01
5.209555053710937500e+01
5.173890686035156250e+01
5.138225173950195312e+01
5.102560043334960938e+01
5.066896057128906250e+01
5.031230926513671875e+01
4.995565414428710938e+01
4.959900665283203125e+01
4.924236297607421875e+01
4.888571166992187500e+01
4.852906036376953125e+01
4.817240524291992188e+01
4.781575012207031250e+01
4.745911407470703125e+01
4.710245513916015625e+01
4.674580383300781250e+01
4.638915252685546875e+01
4.603250122070312500e+01
4.567585754394531250e+01
4.531919860839843750e+01
4.496254730224609375e+01
4.460591125488281250e+01
4.424925994873046875e+01
4.389261627197265625e+01
4.353595352172851562e+01
4.317931365966796875e+01
4.282266235351562500e+01
4.246600723266601562e+01
4.210935211181640625e+01
4.175270080566406250e+01
4.139605712890625000e+01
4.103940963745117188e+01
4.068276214599609375e+01
4.032611083984375000e+01
3.996945953369140625e+01
3.961280441284179688e+01
3.925616455078125000e+01
3.889951324462890625e+01
3.854285430908203125e+01
3.818620300292968750e+01
3.782955932617187500e+01
