7.210523223876953125e+01
7.180478668212890625e+01
7.150435638427734375e+01
7.120392608642578125e+01
7.090348815917968750e+01
7.060305023193359375e+01
7.030261993408203125e+01
7.000218200683593750e+01
6.970175170898437500e+01
6.940131378173828125e+01
6.910087585449218750e+01
6.880043792724609375e+01
6.850000762939453125e+01
6.819957733154296875e+01
6.789913177490234375e+01
6.759870147705078125e+01
6.729826354980468750e+01
6.699783325195312500e+01
6.669740295410156250e+01
6.639697265625000000e+01
6.609652709960937500e+01
6.579609680175781250e+01
6.549565887451171875e+01
6.519522857666015625e+01
6.489478302001953125e+01
6.459435272216796875e+01
6.429392242431640625e+01
6.398622131347656250e+01
6.364827728271484375e+01
6.331033325195312500e+01
6.297240066528320312e+01
6.263446044921875000e+01
6.229652023315429688e+01
6.195857620239257812e+01
6.162063598632812500e+01
6.128269958496093750e+01
6.094476318359375000e+01
6.060682678222656250e+01
6.026888275146484375e+01
5.993094635009765625e+01
5.959299850463867188e+01
5.925506973266601562e+01
5.891712188720703125e+01
5.857919311523437500e+01
5.824124526977539062e+01
5.790330886840820312e+01
5.756536483764648438e+01
5.722742843627929688e+01
5.688948822021484375e+01
5.655154800415039062e+01
5.621361541748046875e+01
5.587567138671875000e+01
5.553773498535156250e+01
5.519979476928710938e+01
5.486185836791992188e+01
5.452392578125000000e+01
5.418598175048828125e+01
5.384802627563476562e+01
5.351009750366210938e+01
5.317216491699218750e+01
5.283422470092773438e+01
5.249628829956054688e+01
5.215834045410156250e+01
5.182040405273437500e+01
5.148245620727539062e+01
5.114452362060546875e+01
5.080658721923828125e+01
5.046864700317382812e+01
5.013070297241210938e+01
4.984082794189453125e+01
4.956920242309570312e+01
4.929757690429687500e+01
4.902595901489257812e+01
4.875432586669921875e+01
4.848269271850585938e+01
4.821107101440429688e+01
4.793944549560546875e+01
4.766781616210937500e+01
4.739618682861328125e+01
4.712456893920898438e+01
4.685294342041015625e+01
4.658132171630859375e+01
4.630968856811523438e+01
4.603805923461914062e+01
4.576642990112304688e+01
4.549481582641601562e+01
4.522318267822265625e+01
4.495155715942382812e+01
4.467993164062500000e+01
4.440830612182617188e+01
4.413667297363281250e+01
4.386505126953125000e+01
4.359342193603515625e+01
4.332179641723632812e+01
4.305016708374023438e+01
4.277855300903320312e+01
4.250691604614257812e+01
4.223528671264648438e+01
4.196365737915039062e+01
4.169203186035156250e+01
