7.270821380615234375e+01
7.235317993164062500e+01
7.199813842773437500e+01
7.164311218261718750e+01
7.128808593750000000e+01
7.093302917480468750e+01
7.057801818847656250e+01
7.022298431396484375e+01
6.986793518066406250e+01
6.951290893554687500e+01
6.915786743164062500e+01
6.880284118652343750e+01
6.844779968261718750e+01
6.809277343750000000e+01
6.773773193359375000e+01
6.738271331787109375e+01
6.702767181396484375e+01
6.667263793945312500e+01
6.631761169433593750e+01
6.596256256103515625e+01
6.560752868652343750e+01
6.525249481201171875e+01
6.489747619628906250e+01
6.454243469238281250e+01
6.418739318847656250e+01
6.383235931396484375e+01
6.347733688354492188e+01
6.312230682373046875e+01
6.276728057861328125e+01
6.241223144531250000e+01
6.205719757080078125e+01
6.170215988159179688e+01
6.134712219238281250e+01
6.099210357666015625e+01
6.063706207275390625e+01
6.028203582763671875e+01
5.992700195312500000e+01
5.957196807861328125e+01
5.921693038940429688e+01
5.886189270019531250e+01
5.850685501098632812e+01
5.815183258056640625e+01
5.779679489135742188e+01
5.744176101684570312e+01
5.708673095703125000e+01
5.673170471191406250e+01
5.637667465209960938e+01
5.602162170410156250e+01
5.566659545898437500e+01
5.531156158447265625e+01
5.495651245117187500e+01
5.460147094726562500e+01
5.424644851684570312e+01
5.389143371582031250e+01
5.353640747070312500e+01
5.318134307861328125e+01
5.282633209228515625e+01
5.247128295898437500e+01
5.211624908447265625e+01
5.176119995117187500e+01
5.140618133544921875e+01
5.105114746093750000e+01
5.069611358642578125e+01
5.034107208251953125e+01
4.998605346679687500e+01
4.963101959228515625e+01
4.927597808837890625e+01
4.892095184326171875e+01
4.856591796875000000e+01
4.821086883544921875e+01
4.785583496093750000e+01
4.750080108642578125e+01
4.714578247070312500e+01
4.679074096679687500e+01
4.643571472167968750e+01
4.608066558837890625e+01
4.572564697265625000e+01
4.537059783935546875e+01
4.501555633544921875e+01
4.466053771972656250e+01
4.430550384521484375e+01
4.395046234130859375e+01
4.359543609619140625e+01
4.324039459228515625e+01
4.288537597656250000e+01
4.253033447265625000e+01
4.217530822753906250e+01
4.182024383544921875e+01
4.146522521972656250e+01
4.111020660400390625e+01
4.075515747070312500e+01
4.040013122558593750e+01
4.004508972167968750e+01
3.969007873535156250e+01
3.933503723144531250e+01
3.897999572753906250e+01
3.862496948242187500e+01
3.826991271972656250e+01
3.791489410400390625e+01
3.755986022949218750e+01
