6.455485534667968750e+01
6.420669555664062500e+01
6.385854721069335938e+01
6.354943466186523438e+01
6.330541229248046875e+01
6.306141281127929688e+01
6.281740188598632812e+01
6.257340240478515625e+01
6.232939147949218750e+01
6.208539581298828125e+01
6.184138488769531250e+01
6.159739685058593750e+01
6.135338592529296875e+01
6.110938262939453125e+01
6.086537551879882812e+01
6.062136840820312500e+01
6.037736892700195312e+01
6.013335037231445312e+01
5.988935852050781250e+01
5.964535522460937500e+01
5.940133666992187500e+01
5.915734481811523438e+01
5.891334915161132812e+01
5.866933822631835938e+01
5.842534637451171875e+01
5.818132781982421875e+01
5.793732833862304688e+01
5.769330596923828125e+01
5.744930648803710938e+01
5.720530700683593750e+01
5.696130371093750000e+01
5.671730804443359375e+01
5.647329711914062500e+01
5.622929382324218750e+01
5.598529052734375000e+01
5.574128723144531250e+01
5.549728012084960938e+01
5.525328826904296875e+01
5.500927352905273438e+01
5.476526641845703125e+01
5.452124786376953125e+01
5.427724838256835938e+01
5.403324890136718750e+01
5.378925704956054688e+01
5.354526519775390625e+01
5.330123901367187500e+01
5.305723571777343750e+01
5.281323623657226562e+01
5.256923294067382812e+01
5.232524871826171875e+01
5.208122634887695312e+01
5.183721923828125000e+01
5.159322357177734375e+01
5.134921646118164062e+01
5.110520935058593750e+01
5.086119079589843750e+01
5.061719131469726562e+01
5.037319564819335938e+01
5.012917327880859375e+01
4.988518524169921875e+01
4.964118957519531250e+01
4.939716339111328125e+01
4.915317535400390625e+01
4.890916442871093750e+01
4.866515731811523438e+01
4.842115783691406250e+01
4.817715454101562500e+01
4.793313217163085938e+01
4.768915176391601562e+01
4.744513702392578125e+01
4.720113372802734375e+01
4.695712280273437500e+01
4.671312332153320312e+01
4.646912384033203125e+01
4.622511291503906250e+01
4.598110961914062500e+01
4.573709106445312500e+01
4.549309539794921875e+01
4.524909591674804688e+01
4.500511169433593750e+01
4.476110458374023438e+01
4.451710128784179688e+01
4.427309036254882812e+01
4.402905273437500000e+01
4.378507232666015625e+01
4.354107666015625000e+01
4.329707717895507812e+01
4.305307769775390625e+01
4.280905914306640625e+01
4.256505203247070312e+01
4.232107162475585938e+01
4.207704925537109375e+01
4.183305740356445312e+01
4.158904266357421875e+01
4.134504318237304688e+01
4.110103225708007812e+01
4.085701751708984375e+01
4.061303329467773438e+01
4.036901855468750000e+01
4.012501907348632812e+01
