6.376272201538085938e+01
6.353422546386718750e+01
6.330570602416992188e+01
6.307719802856445312e+01
6.284867477416992188e+01
6.262016296386718750e+01
6.239164733886718750e+01
6.216312408447265625e+01
6.193460083007812500e+01
6.170609664916992188e+01
6.147757339477539062e+01
6.124906158447265625e+01
6.102054595947265625e+01
6.079203033447265625e+01
6.056351089477539062e+01
6.033499145507812500e+01
6.010648345947265625e+01
5.987795639038085938e+01
5.964944458007812500e+01
5.942093276977539062e+01
5.919241333007812500e+01
5.896390533447265625e+01
5.873536300659179688e+01
5.850685882568359375e+01
5.827835845947265625e+01
5.804981994628906250e+01
5.782131576538085938e+01
5.759279251098632812e+01
5.736428070068359375e+01
5.713576889038085938e+01
5.690724945068359375e+01
5.667871093750000000e+01
5.645021057128906250e+01
5.622170257568359375e+01
5.599316787719726562e+01
5.576467132568359375e+01
5.553614425659179688e+01
5.530762100219726562e+01
5.507911300659179688e+01
5.485059356689453125e+01
5.462207794189453125e+01
5.439356231689453125e+01
5.416503524780273438e+01
5.393653488159179688e+01
5.370801544189453125e+01
5.347948455810546875e+01
5.325096511840820312e+01
5.302245712280273438e+01
5.279396057128906250e+01
5.256542205810546875e+01
5.233693313598632812e+01
5.210839080810546875e+01
5.187988281250000000e+01
5.165136718750000000e+01
5.142284774780273438e+01
5.119431304931640625e+01
5.096582031250000000e+01
5.073728942871093750e+01
5.050879669189453125e+01
5.028026199340820312e+01
5.005174255371093750e+01
4.982322311401367188e+01
4.959469985961914062e+01
4.936617660522460938e+01
4.913767623901367188e+01
4.890916824340820312e+01
4.868064498901367188e+01
4.845214080810546875e+01
4.822363281250000000e+01
4.799509811401367188e+01
4.776658248901367188e+01
4.753805923461914062e+01
4.730955505371093750e+01
4.708102035522460938e+01
4.685251235961914062e+01
4.662398529052734375e+01
4.639546585083007812e+01
4.616693496704101562e+01
4.593843078613281250e+01
4.570992279052734375e+01
4.548139572143554688e+01
4.525288391113281250e+01
4.502437973022460938e+01
4.479586029052734375e+01
4.456733703613281250e+01
4.433880615234375000e+01
4.411030960083007812e+01
4.388179397583007812e+01
4.365329360961914062e+01
4.342474365234375000e+01
4.319625091552734375e+01
4.296773529052734375e+01
4.273923110961914062e+01
4.251070404052734375e+01
4.228216934204101562e+01
4.205366516113281250e+01
4.182516098022460938e+01
4.159664916992187500e+01
4.136808395385742188e+01
4.113958358764648438e+01
