6.137238693237304688e+01
6.117588043212890625e+01
6.097935485839843750e+01
6.078285217285156250e+01
6.058634567260742188e+01
6.038982391357421875e+01
6.019332122802734375e+01
5.999681854248046875e+01
5.980031585693359375e+01
5.960380554199218750e+01
5.940729522705078125e+01
5.921079254150390625e+01
5.901429748535156250e+01
5.881777954101562500e+01
5.862126159667968750e+01
5.842475891113281250e+01
5.822825622558593750e+01
5.803175354003906250e+01
5.783522796630859375e+01
5.763871765136718750e+01
5.744221496582031250e+01
5.724571990966796875e+01
5.704920959472656250e+01
5.685270690917968750e+01
5.665618896484375000e+01
5.645968627929687500e+01
5.626318359375000000e+01
5.606666564941406250e+01
5.587016296386718750e+01
5.567362976074218750e+01
5.547714233398437500e+01
5.528063201904296875e+01
5.508411407470703125e+01
5.488764190673828125e+01
5.469110107421875000e+01
5.449459838867187500e+01
5.432087707519531250e+01
5.414952087402343750e+01
5.397816467285156250e+01
5.380680847167968750e+01
5.363545989990234375e+01
5.346408081054687500e+01
5.329273223876953125e+01
5.312140655517578125e+01
5.295001983642578125e+01
5.277867126464843750e+01
5.260730743408203125e+01
5.243595886230468750e+01
5.226460266113281250e+01
5.209323120117187500e+01
5.192190551757812500e+01
5.175054931640625000e+01
5.157917785644531250e+01
5.140783691406250000e+01
5.123646545410156250e+01
5.106510925292968750e+01
5.089375305175781250e+01
5.072241210937500000e+01
5.055102539062500000e+01
5.037966918945312500e+01
5.020832824707031250e+01
5.003694152832031250e+01
4.986560058593750000e+01
4.969424438476562500e+01
4.952291870117187500e+01
4.935153198242187500e+01
4.918019104003906250e+01
4.900881958007812500e+01
4.883746337890625000e+01
4.866610717773437500e+01
4.849475097656250000e+01
4.832337951660156250e+01
4.815203857421875000e+01
4.798068237304687500e+01
4.780931091308593750e+01
4.763795471191406250e+01
4.746659851074218750e+01
4.729525756835937500e+01
4.712388610839843750e+01
4.695252990722656250e+01
4.678120422363281250e+01
4.660981750488281250e+01
4.643846130371093750e+01
4.626713562011718750e+01
4.609577941894531250e+01
4.592437744140625000e+01
4.575303649902343750e+01
4.558164978027343750e+01
4.541030883789062500e+01
4.523899841308593750e+01
4.506761169433593750e+01
4.489625549316406250e+01
4.472491455078125000e+01
4.455355834960937500e+01
4.438220214843750000e+01
4.421080017089843750e+01
4.403947448730468750e+01
4.386811828613281250e+01
4.369676208496093750e+01
4.352540588378906250e+01
