6.431827545166015625e+01
6.407633972167968750e+01
6.383440399169921875e+01
6.359246063232421875e+01
6.335051727294921875e+01
6.310858154296875000e+01
6.286664199829101562e+01
6.262470626831054688e+01
6.238276672363281250e+01
6.214081954956054688e+01
6.189888763427734375e+01
6.165694427490234375e+01
6.141500854492187500e+01
6.117306518554687500e+01
6.093112182617187500e+01
6.068918991088867188e+01
6.044724655151367188e+01
6.020531463623046875e+01
5.996336746215820312e+01
5.972142028808593750e+01
5.947947692871093750e+01
5.923755264282226562e+01
5.899561309814453125e+01
5.875366210937500000e+01
5.851173400878906250e+01
5.826978683471679688e+01
5.802785110473632812e+01
5.778591156005859375e+01
5.754397201538085938e+01
5.730202865600585938e+01
5.706008911132812500e+01
5.681816101074218750e+01
5.657620239257812500e+01
5.633427429199218750e+01
5.609233093261718750e+01
5.585038757324218750e+01
5.560845947265625000e+01
5.536650848388671875e+01
5.512457275390625000e+01
5.488263702392578125e+01
5.464070129394531250e+01
5.439875411987304688e+01
5.415681076049804688e+01
5.391487884521484375e+01
5.367293930053710938e+01
5.343101119995117188e+01
5.318904876708984375e+01
5.294712066650390625e+01
5.270518112182617188e+01
5.246324920654296875e+01
5.222129821777343750e+01
5.197935485839843750e+01
5.173740768432617188e+01
5.149548339843750000e+01
5.125354385375976562e+01
5.101160430908203125e+01
5.076965332031250000e+01
5.052772903442382812e+01
5.028578186035156250e+01
5.004384231567382812e+01
4.980190277099609375e+01
4.955995178222656250e+01
4.931802368164062500e+01
4.907609939575195312e+01
4.883412933349609375e+01
4.859221649169921875e+01
4.835026550292968750e+01
4.810834503173828125e+01
4.786639022827148438e+01
4.762445831298828125e+01
4.738249588012695312e+01
4.714057540893554688e+01
4.689862442016601562e+01
4.665668106079101562e+01
4.641474914550781250e+01
4.617281341552734375e+01
4.593087387084960938e+01
4.568893051147460938e+01
4.544698333740234375e+01
4.520504760742187500e+01
4.496309280395507812e+01
4.472116470336914062e+01
4.447922515869140625e+01
4.423727798461914062e+01
4.399533843994140625e+01
4.375341796875000000e+01
4.351147460937500000e+01
4.326955032348632812e+01
4.302759933471679688e+01
4.278565979003906250e+01
4.254372787475585938e+01
4.230177688598632812e+01
4.205981826782226562e+01
4.181789398193359375e+01
4.157595443725585938e+01
4.133400726318359375e+01
4.109208297729492188e+01
4.085013961791992188e+01
4.060819625854492188e+01
4.036627960205078125e+01
