6.992070007324218750e+01
6.961759948730468750e+01
6.931449127197265625e+01
6.901139068603515625e+01
6.870828247070312500e+01
6.840517425537109375e+01
6.810207366943359375e+01
6.779896545410156250e+01
6.749586486816406250e+01
6.719275665283203125e+01
6.688964843750000000e+01
6.658654022216796875e+01
6.628343200683593750e+01
6.598033142089843750e+01
6.567723083496093750e+01
6.537412261962890625e+01
6.507101440429687500e+01
6.476791381835937500e+01
6.446480560302734375e+01
6.416170501708984375e+01
6.385859298706054688e+01
6.355548858642578125e+01
6.325238800048828125e+01
6.294927978515625000e+01
6.264617156982421875e+01
6.234306335449218750e+01
6.203996658325195312e+01
6.173685455322265625e+01
6.143375015258789062e+01
6.113064575195312500e+01
6.082754135131835938e+01
6.052444076538085938e+01
6.022133255004882812e+01
5.991822433471679688e+01
5.961511993408203125e+01
5.931201934814453125e+01
5.900890350341796875e+01
5.870580291748046875e+01
5.840269851684570312e+01
5.809959793090820312e+01
5.779648971557617188e+01
5.749338912963867188e+01
5.719028091430664062e+01
5.688717651367187500e+01
5.658406829833984375e+01
5.628096389770507812e+01
5.597786331176757812e+01
5.567475891113281250e+01
5.537165069580078125e+01
5.506854248046875000e+01
5.476543807983398438e+01
5.446233749389648438e+01
5.415922546386718750e+01
5.385612106323242188e+01
5.355302047729492188e+01
5.324990844726562500e+01
5.294680786132812500e+01
5.264369201660156250e+01
5.234059524536132812e+01
5.203748703002929688e+01
5.173437881469726562e+01
5.143127441406250000e+01
5.112817382812500000e+01
5.082506561279296875e+01
5.052195739746093750e+01
5.021886062622070312e+01
4.991575622558593750e+01
4.961264038085937500e+01
4.930954360961914062e+01
4.900643539428710938e+01
4.870332336425781250e+01
4.840021896362304688e+01
4.809711074829101562e+01
4.779401397705078125e+01
4.749091339111328125e+01
4.718780136108398438e+01
4.688470077514648438e+01
4.658159637451171875e+01
4.627848815917968750e+01
4.597538375854492188e+01
4.567228317260742188e+01
4.536917114257812500e+01
4.506607055664062500e+01
4.476296234130859375e+01
4.445985794067382812e+01
4.415675354003906250e+01
4.385364913940429688e+01
4.355054092407226562e+01
4.324743270874023438e+01
4.294433212280273438e+01
4.264122772216796875e+01
4.233811187744140625e+01
4.203501892089843750e+01
4.173191070556640625e+01
4.142879486083984375e+01
4.112569427490234375e+01
4.082259368896484375e+01
4.051948928833007812e+01
4.021638488769531250e+01
3.991327667236328125e+01
