6.306647491455078125e+01
6.286444091796875000e+01
6.266240692138671875e+01
6.246006774902343750e+01
6.225716400146484375e+01
6.205426025390625000e+01
6.185134506225585938e+01
6.164842605590820312e+01
6.144552230834960938e+01
6.124260711669921875e+01
6.103969955444335938e+01
6.083678054809570312e+01
6.063387298583984375e+01
6.043095779418945312e+01
6.022805404663085938e+01
6.002514648437500000e+01
5.982223510742187500e+01
5.961932754516601562e+01
5.941641998291015625e+01
5.921350479125976562e+01
5.901058578491210938e+01
5.880767822265625000e+01
5.860477066040039062e+01
5.840185928344726562e+01
5.819894409179687500e+01
5.799602890014648438e+01
5.779312896728515625e+01
5.759021759033203125e+01
5.738731765747070312e+01
5.718440628051757812e+01
5.698148727416992188e+01
5.677858352661132812e+01
5.657566833496093750e+01
5.637276840209960938e+01
5.616984176635742188e+01
5.596693801879882812e+01
5.576402664184570312e+01
5.556111526489257812e+01
5.535821151733398438e+01
5.515528106689453125e+01
5.495237731933593750e+01
5.474946212768554688e+01
5.454656982421875000e+01
5.434365081787109375e+01
5.414074325561523438e+01
5.393782043457031250e+01
5.373492813110351562e+01
5.353201675415039062e+01
5.332910537719726562e+01
5.312618637084960938e+01
5.292329025268554688e+01
5.272037506103515625e+01
5.251756286621093750e+01
5.231478881835937500e+01
5.211136627197265625e+01
5.190795898437500000e+01
5.170455169677734375e+01
5.150115203857421875e+01
5.129772949218750000e+01
5.109431457519531250e+01
5.089092254638671875e+01
5.068750762939453125e+01
5.048411560058593750e+01
5.028069305419921875e+01
5.007727050781250000e+01
4.987386322021484375e+01
4.967046356201171875e+01
4.946707153320312500e+01
4.926364898681640625e+01
4.906024932861328125e+01
4.885684967041015625e+01
4.865342712402343750e+01
4.845002746582031250e+01
4.824662017822265625e+01
4.804320526123046875e+01
4.783979034423828125e+01
4.763636779785156250e+01
4.743296051025390625e+01
4.722954559326171875e+01
4.702614593505859375e+01
4.682276153564453125e+01
4.661933135986328125e+01
4.641593933105468750e+01
4.621251678466796875e+01
4.600911712646484375e+01
4.580570983886718750e+01
4.560229492187500000e+01
4.539885711669921875e+01
4.519546508789062500e+01
4.499208831787109375e+01
4.478866577148437500e+01
4.458525848388671875e+01
4.438182830810546875e+01
4.417845153808593750e+01
4.397503662109375000e+01
4.377163696289062500e+01
4.356821441650390625e+01
4.336479187011718750e+01
4.316138458251953125e+01
4.295798492431640625e+01
