6.555764770507812500e+01
6.529916381835937500e+01
6.504069519042968750e+01
6.478221893310546875e+01
6.452374267578125000e+01
6.426526641845703125e+01
6.400678253173828125e+01
6.374830245971679688e+01
6.348983383178710938e+01
6.323136138916015625e+01
6.297288131713867188e+01
6.271440887451171875e+01
6.245592880249023438e+01
6.219745254516601562e+01
6.193897247314453125e+01
6.168050003051757812e+01
6.142202758789062500e+01
6.116354751586914062e+01
6.090507507324218750e+01
6.064659881591796875e+01
6.038811111450195312e+01
6.012964630126953125e+01
5.987117004394531250e+01
5.961268997192382812e+01
5.935421752929687500e+01
5.909574127197265625e+01
5.883725738525390625e+01
5.857877731323242188e+01
5.832030868530273438e+01
5.806182479858398438e+01
5.780335617065429688e+01
5.754487609863281250e+01
5.728640365600585938e+01
5.702792739868164062e+01
5.676945495605468750e+01
5.651097488403320312e+01
5.625249481201171875e+01
5.599402618408203125e+01
5.573555374145507812e+01
5.547706985473632812e+01
5.521859741210937500e+01
5.496011352539062500e+01
5.470164489746093750e+01
5.444317245483398438e+01
5.418469619750976562e+01
5.392622375488281250e+01
5.366773986816406250e+01
5.340926361083984375e+01
5.315078735351562500e+01
5.289231109619140625e+01
5.263383865356445312e+01
5.237535858154296875e+01
5.211688613891601562e+01
5.185841369628906250e+01
5.159992980957031250e+01
5.134146118164062500e+01
5.108298110961914062e+01
5.082450103759765625e+01
5.056602096557617188e+01
5.030754470825195312e+01
5.004907608032226562e+01
4.979059600830078125e+01
4.953212356567382812e+01
4.927363967895507812e+01
4.901516723632812500e+01
4.875669479370117188e+01
4.849821472167968750e+01
4.823973846435546875e+01
4.798125457763671875e+01
4.772280120849609375e+01
4.746430587768554688e+01
4.720583724975585938e+01
4.694736480712890625e+01
4.668888092041015625e+01
4.643041610717773438e+01
4.617193603515625000e+01
4.591346359252929688e+01
4.565498733520507812e+01
4.539650726318359375e+01
4.513803100585937500e+01
4.487954711914062500e+01
4.462107086181640625e+01
4.436259460449218750e+01
4.410412597656250000e+01
4.384564971923828125e+01
4.358717727661132812e+01
4.332870483398437500e+01
4.307022094726562500e+01
4.281174468994140625e+01
4.255327224731445312e+01
4.229478836059570312e+01
4.203630828857421875e+01
4.177783966064453125e+01
4.151936340332031250e+01
4.126088714599609375e+01
4.100240707397460938e+01
4.074393081665039062e+01
4.048546218872070312e+01
4.022698593139648438e+01
3.996851348876953125e+01
