7.659078979492187500e+01
7.619673919677734375e+01
7.580270385742187500e+01
7.540866088867187500e+01
7.501460266113281250e+01
7.462055969238281250e+01
7.423538208007812500e+01
7.386065673828125000e+01
7.348593139648437500e+01
7.311122131347656250e+01
7.273649597167968750e+01
7.236178588867187500e+01
7.198706054687500000e+01
7.161235046386718750e+01
7.123763275146484375e+01
7.086291503906250000e+01
7.048817443847656250e+01
7.011346435546875000e+01
6.973873901367187500e+01
6.936402893066406250e+01
6.898930358886718750e+01
6.861459350585937500e+01
6.823986816406250000e+01
6.786514282226562500e+01
6.749042510986328125e+01
6.711571502685546875e+01
6.674098205566406250e+01
6.636627960205078125e+01
6.599156188964843750e+01
6.561683654785156250e+01
6.524211120605468750e+01
6.486738586425781250e+01
6.449266052246093750e+01
6.411795043945312500e+01
6.374324035644531250e+01
6.336853027343750000e+01
6.299380493164062500e+01
6.261908721923828125e+01
6.224436187744140625e+01
6.186962890625000000e+01
6.149491882324218750e+01
6.112020111083984375e+01
6.074549865722656250e+01
6.037076568603515625e+01
5.999604797363281250e+01
5.962133407592773438e+01
5.924660873413085938e+01
5.887187957763671875e+01
5.849716949462890625e+01
5.812244796752929688e+01
5.774771118164062500e+01
5.737302398681640625e+01
5.699829483032226562e+01
5.662357711791992188e+01
5.624884796142578125e+01
5.587413024902343750e+01
5.549942016601562500e+01
5.512468719482421875e+01
5.474997711181640625e+01
5.437525177001953125e+01
5.400054931640625000e+01
5.362581634521484375e+01
5.325108337402343750e+01
5.287638092041015625e+01
5.250164794921875000e+01
5.212694549560546875e+01
5.175221252441406250e+01
5.137750244140625000e+01
5.100279235839843750e+01
5.062805938720703125e+01
5.025334167480468750e+01
4.987860870361328125e+01
4.950392150878906250e+01
4.912920379638671875e+01
4.875444793701171875e+01
4.837973785400390625e+01
4.800504302978515625e+01
4.763029479980468750e+01
4.725558471679687500e+01
4.688088226318359375e+01
4.650616455078125000e+01
4.613143157958984375e+01
4.575672149658203125e+01
4.538197326660156250e+01
4.500727462768554688e+01
4.463254547119140625e+01
4.425783538818359375e+01
4.388311386108398438e+01
4.350839233398437500e+01
4.313365173339843750e+01
4.275895309448242188e+01
4.238423156738281250e+01
4.200951766967773438e+01
4.163479995727539062e+01
4.126008987426757812e+01
4.088536453247070312e+01
4.051063537597656250e+01
4.013591384887695312e+01
3.976121139526367188e+01
3.938647460937500000e+01
