6.694393920898437500e+01
6.668260192871093750e+01
6.642127990722656250e+01
6.615995025634765625e+01
6.589862060546875000e+01
6.563729095458984375e+01
6.537596130371093750e+01
6.511463165283203125e+01
6.485330200195312500e+01
6.459197235107421875e+01
6.433064270019531250e+01
6.406932067871093750e+01
6.380798721313476562e+01
6.354665374755859375e+01
6.328532028198242188e+01
6.302399826049804688e+01
6.276265716552734375e+01
6.250133132934570312e+01
6.224000930786132812e+01
6.197866821289062500e+01
6.171735000610351562e+01
6.145601272583007812e+01
6.119468688964843750e+01
6.093336868286132812e+01
6.067202758789062500e+01
6.041070938110351562e+01
6.014936828613281250e+01
5.988805389404296875e+01
5.962670898437500000e+01
5.936539459228515625e+01
5.910404968261718750e+01
5.884272766113281250e+01
5.858139419555664062e+01
5.832007217407226562e+01
5.805873870849609375e+01
5.779741287231445312e+01
5.753607940673828125e+01
5.727474975585937500e+01
5.701342773437500000e+01
5.675209808349609375e+01
5.649076461791992188e+01
5.622944641113281250e+01
5.596810150146484375e+01
5.570677566528320312e+01
5.544544601440429688e+01
5.519867324829101562e+01
5.495551681518554688e+01
5.471237182617187500e+01
5.446922302246093750e+01
5.422608184814453125e+01
5.398292922973632812e+01
5.373979187011718750e+01
5.349664306640625000e+01
5.325349426269531250e+01
5.301036453247070312e+01
5.276720428466796875e+01
5.252405548095703125e+01
5.228091430664062500e+01
5.203776931762695312e+01
5.179462432861328125e+01
5.155147552490234375e+01
5.130832672119140625e+01
5.106517791748046875e+01
5.082204055786132812e+01
5.057888793945312500e+01
5.033575057983398438e+01
5.009259796142578125e+01
4.984945678710937500e+01
4.960630035400390625e+01
4.936315917968750000e+01
4.912001800537109375e+01
4.887686157226562500e+01
4.863372039794921875e+01
4.839057159423828125e+01
4.814741516113281250e+01
4.790428543090820312e+01
4.766113281250000000e+01
4.741798400878906250e+01
4.717484283447265625e+01
4.693170166015625000e+01
4.668855285644531250e+01
4.644541168212890625e+01
4.620225143432617188e+01
4.595911407470703125e+01
4.571596908569335938e+01
4.547282791137695312e+01
4.522966766357421875e+01
4.499180603027343750e+01
4.475642013549804688e+01
4.452102661132812500e+01
4.428565216064453125e+01
4.405026626586914062e+01
4.381489181518554688e+01
4.357949829101562500e+01
4.334411239624023438e+01
4.310874176025390625e+01
4.287335205078125000e+01
4.263797760009765625e+01
4.240259552001953125e+01
4.216720581054687500e+01
