6.180933380126953125e+01
6.161765289306640625e+01
6.142598724365234375e+01
6.123431777954101562e+01
6.104264831542968750e+01
6.085097885131835938e+01
6.065930175781250000e+01
6.046764373779296875e+01
6.027597045898437500e+01
6.008924865722656250e+01
5.990320205688476562e+01
5.971716308593750000e+01
5.953111267089843750e+01
5.934505844116210938e+01
5.915901184082031250e+01
5.897296905517578125e+01
5.878691482543945312e+01
5.860087585449218750e+01
5.841481781005859375e+01
5.822878265380859375e+01
5.804272079467773438e+01
5.785666656494140625e+01
5.767063140869140625e+01
5.748458099365234375e+01
5.729853057861328125e+01
5.711247634887695312e+01
5.692643737792968750e+01
5.674038696289062500e+01
5.655434417724609375e+01
5.636829376220703125e+01
5.618224334716796875e+01
5.599620056152343750e+01
5.581014251708984375e+01
5.562409973144531250e+01
5.543804550170898438e+01
5.525199890136718750e+01
5.506595611572265625e+01
5.487990188598632812e+01
5.469385147094726562e+01
5.450781250000000000e+01
5.432175445556640625e+01
5.413571548461914062e+01
5.394966125488281250e+01
5.376361846923828125e+01
5.357757568359375000e+01
5.339152145385742188e+01
5.320547485351562500e+01
5.301942443847656250e+01
5.283336639404296875e+01
5.264732360839843750e+01
5.246127700805664062e+01
5.227523040771484375e+01
5.208917236328125000e+01
5.190313720703125000e+01
5.171708679199218750e+01
5.153103637695312500e+01
5.134498596191406250e+01
5.115893554687500000e+01
5.097289276123046875e+01
5.078684234619140625e+01
5.060079193115234375e+01
5.041474914550781250e+01
5.022869873046875000e+01
5.004265594482421875e+01
4.985661315917968750e+01
4.967054748535156250e+01
4.948450469970703125e+01
4.929846954345703125e+01
4.911240386962890625e+01
4.892636108398437500e+01
4.874032592773437500e+01
4.855426788330078125e+01
4.836822509765625000e+01
4.818217468261718750e+01
4.799612426757812500e+01
4.781006622314453125e+01
4.762402343750000000e+01
4.743798828125000000e+01
4.725192260742187500e+01
4.706587219238281250e+01
4.687982177734375000e+01
4.669378662109375000e+01
4.650773620605468750e+01
4.632170104980468750e+01
4.613563537597656250e+01
4.594959259033203125e+01
4.576351928710937500e+01
4.557749938964843750e+01
4.539144897460937500e+01
4.520540618896484375e+01
4.501935577392578125e+01
4.483329010009765625e+01
4.464724731445312500e+01
4.446122741699218750e+01
4.427516174316406250e+01
4.408911132812500000e+01
4.390306091308593750e+01
4.371701049804687500e+01
4.353097534179687500e+01
4.334490966796875000e+01
