7.030690765380859375e+01
6.995529174804687500e+01
6.960368347167968750e+01
6.925206756591796875e+01
6.890045166015625000e+01
6.854884338378906250e+01
6.819721984863281250e+01
6.784561157226562500e+01
6.749400329589843750e+01
6.714239501953125000e+01
6.679077911376953125e+01
6.643916320800781250e+01
6.608754730224609375e+01
6.573593902587890625e+01
6.538432312011718750e+01
6.503271484375000000e+01
6.470639801025390625e+01
6.439434814453125000e+01
6.408230590820312500e+01
6.377025604248046875e+01
6.345820999145507812e+01
6.314616394042968750e+01
6.283411026000976562e+01
6.252206420898437500e+01
6.221001815795898438e+01
6.189796829223632812e+01
6.158592224121093750e+01
6.127387237548828125e+01
6.096182632446289062e+01
6.064978027343750000e+01
6.033772277832031250e+01
6.002567672729492188e+01
5.971363830566406250e+01
5.940158843994140625e+01
5.908953857421875000e+01
5.877749633789062500e+01
5.846545028686523438e+01
5.815340042114257812e+01
5.784134674072265625e+01
5.752929687500000000e+01
5.721725463867187500e+01
5.690520858764648438e+01
5.659315490722656250e+01
5.628110885620117188e+01
5.596906280517578125e+01
5.565701293945312500e+01
5.534496307373046875e+01
5.503292083740234375e+01
5.472087097167968750e+01
5.440881729125976562e+01
5.409677886962890625e+01
5.378472137451171875e+01
5.347268295288085938e+01
5.316062927246093750e+01
5.284858703613281250e+01
5.253652954101562500e+01
5.222448730468750000e+01
5.191243362426757812e+01
5.160039138793945312e+01
5.128834533691406250e+01
5.097629928588867188e+01
5.066424560546875000e+01
5.035219955444335938e+01
5.004014587402343750e+01
4.972810363769531250e+01
4.941604614257812500e+01
4.910400390625000000e+01
4.879195785522460938e+01
4.847991943359375000e+01
4.816785812377929688e+01
4.785581207275390625e+01
4.754376602172851562e+01
4.723171997070312500e+01
4.691967773437500000e+01
4.660762786865234375e+01
4.629558181762695312e+01
4.598353576660156250e+01
4.567147064208984375e+01
4.535942840576171875e+01
4.504738616943359375e+01
4.473534011840820312e+01
4.442328643798828125e+01
4.411124801635742188e+01
4.379919433593750000e+01
4.348713684082031250e+01
4.317510223388671875e+01
4.286305999755859375e+01
4.255100250244140625e+01
4.223896408081054688e+01
4.192690658569335938e+01
4.161486434936523438e+01
4.130281448364257812e+01
4.099076080322265625e+01
4.067871856689453125e+01
4.036666870117187500e+01
4.005461883544921875e+01
3.974256515502929688e+01
3.943053436279296875e+01
3.911848068237304688e+01
3.880643463134765625e+01
