7.566204833984375000e+01
7.527162170410156250e+01
7.488121032714843750e+01
7.449079132080078125e+01
7.410035705566406250e+01
7.370993041992187500e+01
7.331951904296875000e+01
7.292909240722656250e+01
7.253866577148437500e+01
7.214823913574218750e+01
7.175782775878906250e+01
7.136740112304687500e+01
7.097697448730468750e+01
7.058655548095703125e+01
7.019613647460937500e+01
6.980570983886718750e+01
6.941528320312500000e+01
6.902486419677734375e+01
6.863444519042968750e+01
6.824401855468750000e+01
6.785359954833984375e+01
6.746318054199218750e+01
6.707275390625000000e+01
6.668232727050781250e+01
6.629190063476562500e+01
6.590148162841796875e+01
6.551105499267578125e+01
6.512063598632812500e+01
6.473021697998046875e+01
6.433979034423828125e+01
6.394936370849609375e+01
6.355894470214843750e+01
6.316852951049804688e+01
6.277810668945312500e+01
6.238767623901367188e+01
6.199725341796875000e+01
6.160682296752929688e+01
6.121641540527343750e+01
6.082598495483398438e+01
6.043556213378906250e+01
6.004513931274414062e+01
5.965472412109375000e+01
5.926430130004882812e+01
5.887387847900390625e+01
5.848344802856445312e+01
5.809301757812500000e+01
5.770260238647460938e+01
5.731217956542968750e+01
5.692176437377929688e+01
5.653133010864257812e+01
5.614091491699218750e+01
5.575049972534179688e+01
5.536006927490234375e+01
5.496964263916015625e+01
5.457921981811523438e+01
5.418880081176757812e+01
5.379837036132812500e+01
5.340795516967773438e+01
5.301752853393554688e+01
5.262710952758789062e+01
5.223667907714843750e+01
5.184626770019531250e+01
5.145584869384765625e+01
5.106541442871093750e+01
5.067499160766601562e+01
5.028456497192382812e+01
4.989416122436523438e+01
4.950372695922851562e+01
4.911330413818359375e+01
4.872288894653320312e+01
4.833245086669921875e+01
4.794202804565429688e+01
4.755162048339843750e+01
4.716118621826171875e+01
4.677077102661132812e+01
4.638034439086914062e+01
4.598992156982421875e+01
4.559949874877929688e+01
4.520907592773437500e+01
4.481865692138671875e+01
4.442823028564453125e+01
4.403780746459960938e+01
4.364739608764648438e+01
4.325695800781250000e+01
4.286655807495117188e+01
4.247611618041992188e+01
4.208570480346679688e+01
4.169527053833007812e+01
4.130485534667968750e+01
4.091443634033203125e+01
4.052400588989257812e+01
4.013358688354492188e+01
3.974314880371093750e+01
3.935274505615234375e+01
3.896231842041015625e+01
3.857188796997070312e+01
3.818146514892578125e+01
3.779104614257812500e+01
3.740062713623046875e+01
3.701020812988281250e+01
