6.990892028808593750e+01
6.960165405273437500e+01
6.929440307617187500e+01
6.898713684082031250e+01
6.867988586425781250e+01
6.837261962890625000e+01
6.806536102294921875e+01
6.775810241699218750e+01
6.745084381103515625e+01
6.714357757568359375e+01
6.683632659912109375e+01
6.652906799316406250e+01
6.622180175781250000e+01
6.591455078125000000e+01
6.560728454589843750e+01
6.530001831054687500e+01
6.499276733398437500e+01
6.468550872802734375e+01
6.437824249267578125e+01
6.407098388671875000e+01
6.376372528076171875e+01
6.345646667480468750e+01
6.314921188354492188e+01
6.284193801879882812e+01
6.253469085693359375e+01
6.222743606567382812e+01
6.192017364501953125e+01
6.161291885375976562e+01
6.130565643310546875e+01
6.099839401245117188e+01
6.069113540649414062e+01
6.038388061523437500e+01
6.007660675048828125e+01
5.976936340332031250e+01
5.946210098266601562e+01
5.915483093261718750e+01
5.884757995605468750e+01
5.854031372070312500e+01
5.823306655883789062e+01
5.792580795288085938e+01
5.761854553222656250e+01
5.731127929687500000e+01
5.700402069091796875e+01
5.669677352905273438e+01
5.638951110839843750e+01
5.608223724365234375e+01
5.577499389648437500e+01
5.546772384643554688e+01
5.516046905517578125e+01
5.485320281982421875e+01
5.454594802856445312e+01
5.423868942260742188e+01
5.393142700195312500e+01
5.362416458129882812e+01
5.331690979003906250e+01
5.300965499877929688e+01
5.270239257812500000e+01
5.239513397216796875e+01
5.208787155151367188e+01
5.178061676025390625e+01
5.147335815429687500e+01
5.116609573364257812e+01
5.085882949829101562e+01
5.055158233642578125e+01
5.024432373046875000e+01
4.993706512451171875e+01
4.962979888916015625e+01
4.932255554199218750e+01
4.901528549194335938e+01
4.870803070068359375e+01
4.840077209472656250e+01
4.809349822998046875e+01
4.778625106811523438e+01
4.747898101806640625e+01
4.717171859741210938e+01
4.686447906494140625e+01
4.655722045898437500e+01
4.624996185302734375e+01
4.594269943237304688e+01
4.563543319702148438e+01
4.532819747924804688e+01
4.502091217041015625e+01
4.471366119384765625e+01
4.440639495849609375e+01
4.409914016723632812e+01
4.379188919067382812e+01
4.348461532592773438e+01
4.317735671997070312e+01
4.287010955810546875e+01
4.256285095214843750e+01
4.225557708740234375e+01
4.194832229614257812e+01
4.164106369018554688e+01
4.133380889892578125e+01
4.102655792236328125e+01
4.071928787231445312e+01
4.041203308105468750e+01
4.010477447509765625e+01
3.979752349853515625e+01
3.949025726318359375e+01
