7.929328918457031250e+01
7.891348266601562500e+01
7.845442199707031250e+01
7.798448181152343750e+01
7.751455688476562500e+01
7.704463195800781250e+01
7.657469177246093750e+01
7.610476684570312500e+01
7.563484191894531250e+01
7.516493225097656250e+01
7.469501495361328125e+01
7.422506713867187500e+01
7.375514221191406250e+01
7.328521728515625000e+01
7.281527709960937500e+01
7.234537506103515625e+01
7.187543487548828125e+01
7.140548706054687500e+01
7.093558502197265625e+01
7.046563720703125000e+01
6.999573516845703125e+01
6.952580261230468750e+01
6.905587005615234375e+01
6.858593750000000000e+01
6.811600494384765625e+01
6.764608001708984375e+01
6.717614746093750000e+01
6.670623016357421875e+01
6.623628997802734375e+01
6.576636505126953125e+01
6.529644012451171875e+01
6.482651519775390625e+01
6.435658264160156250e+01
6.388665008544921875e+01
6.341674041748046875e+01
6.294680023193359375e+01
6.247686767578125000e+01
6.200695037841796875e+01
6.153702545166015625e+01
6.106709289550781250e+01
6.059715270996093750e+01
6.012723541259765625e+01
5.965728759765625000e+01
5.918739318847656250e+01
5.871744537353515625e+01
5.824755096435546875e+01
5.777761840820312500e+01
5.730765533447265625e+01
5.683774566650390625e+01
5.640328979492187500e+01
5.596898651123046875e+01
5.554515075683593750e+01
5.514531707763671875e+01
5.474543762207031250e+01
5.434556579589843750e+01
5.394573211669921875e+01
5.354589080810546875e+01
5.314601898193359375e+01
5.274617767333984375e+01
5.235675048828125000e+01
5.196772766113281250e+01
5.157868957519531250e+01
5.118965911865234375e+01
5.080066680908203125e+01
5.041162109375000000e+01
5.002257537841796875e+01
4.963359069824218750e+01
4.924455261230468750e+01
4.885552978515625000e+01
4.846652221679687500e+01
4.807747650146484375e+01
4.768844604492187500e+01
4.729943084716796875e+01
4.691042327880859375e+01
4.652138519287109375e+01
4.613240051269531250e+01
4.574334716796875000e+01
4.535430908203125000e+01
4.496528625488281250e+01
4.457626342773437500e+01
4.418727111816406250e+01
4.379822540283203125e+01
4.340920257568359375e+01
4.302017211914062500e+01
4.263118743896484375e+01
4.224214935302734375e+01
4.185314178466796875e+01
4.146406555175781250e+01
4.107505798339843750e+01
4.072734069824218750e+01
4.038164520263671875e+01
4.003601074218750000e+01
3.969030761718750000e+01
3.934464263916015625e+01
3.899892425537109375e+01
3.865324401855468750e+01
3.830761718750000000e+01
3.796190643310546875e+01
3.761624908447265625e+01
3.727056121826171875e+01
